 1.00000E-02 1.98284E-02 3.76288E-02 6.84895E-02 7.36170E-02
 2.00000E-02 2.09080E-02 3.97311E-02 7.31399E-02 7.89940E-02
 3.00000E-02 2.19484E-02 4.19423E-02 7.81908E-02 8.46554E-02
 4.00000E-02 2.29978E-02 4.41650E-02 8.34535E-02 9.06759E-02
 5.00000E-02 2.40785E-02 4.64232E-02 8.88873E-02 9.70743E-02
 6.00000E-02 2.51638E-02 4.87231E-02 9.45488E-02 1.03821E-01
 7.00000E-02 2.62591E-02 5.10476E-02 1.00389E-01 1.10974E-01
 8.00000E-02 2.73611E-02 5.33892E-02 1.06386E-01 1.18530E-01
 9.00000E-02 2.84759E-02 5.57519E-02 1.12534E-01 1.26512E-01
 1.00000E-01 2.95923E-02 5.81235E-02 1.18776E-01 1.34934E-01
 1.10000E-01 3.07127E-02 6.05020E-02 1.25086E-01 1.43796E-01
 1.20000E-01 3.18374E-02 6.28805E-02 1.31433E-01 1.53056E-01
 1.30000E-01 3.29628E-02 6.52598E-02 1.37786E-01 1.62582E-01
 1.40000E-01 3.40894E-02 6.76365E-02 1.44122E-01 1.72161E-01
 1.50000E-01 3.52155E-02 7.00057E-02 1.50421E-01 1.81657E-01
 1.60000E-01 3.63394E-02 7.23654E-02 1.56669E-01 1.91000E-01
 1.70000E-01 3.74607E-02 7.47156E-02 1.62859E-01 2.00170E-01
 1.80000E-01 3.85805E-02 7.70535E-02 1.68979E-01 2.09154E-01
 1.90000E-01 3.96954E-02 7.93768E-02 1.75022E-01 2.17948E-01
 2.00000E-01 4.08081E-02 8.16840E-02 1.80985E-01 2.26566E-01
 2.10000E-01 4.19155E-02 8.39753E-02 1.86864E-01 2.34990E-01
 2.20000E-01 4.30185E-02 8.62518E-02 1.92658E-01 2.43250E-01
 2.30000E-01 4.41172E-02 8.85093E-02 1.98367E-01 2.51324E-01
 2.40000E-01 4.52102E-02 9.07495E-02 2.03990E-01 2.59238E-01
 2.50000E-01 4.62977E-02 9.29724E-02 2.09527E-01 2.66981E-01
 2.60000E-01 4.73805E-02 9.51752E-02 2.14979E-01 2.74568E-01
 2.70000E-01 4.84577E-02 9.73621E-02 2.20348E-01 2.82000E-01
 2.80000E-01 4.95292E-02 9.95279E-02 2.25633E-01 2.89276E-01
 2.90000E-01 5.05948E-02 1.01678E-01 2.30837E-01 2.96415E-01
 3.00000E-01 5.16547E-02 1.03807E-01 2.35961E-01 3.03404E-01
 3.10000E-01 5.27088E-02 1.05920E-01 2.41006E-01 3.10262E-01
 3.20000E-01 5.37572E-02 1.08013E-01 2.45976E-01 3.16983E-01
 3.30000E-01 5.47998E-02 1.10089E-01 2.50869E-01 3.23572E-01
 3.40000E-01 5.58367E-02 1.12146E-01 2.55689E-01 3.30042E-01
 3.50000E-01 5.68679E-02 1.14185E-01 2.60436E-01 3.36383E-01
 3.60000E-01 5.78934E-02 1.16208E-01 2.65112E-01 3.42610E-01
 3.70000E-01 5.89133E-02 1.18212E-01 2.69718E-01 3.48720E-01
 3.80000E-01 5.99277E-02 1.20199E-01 2.74256E-01 3.54715E-01
 3.90000E-01 6.09365E-02 1.22170E-01 2.78728E-01 3.60608E-01
 4.00000E-01 6.19398E-02 1.24124E-01 2.83134E-01 3.66388E-01
 4.10000E-01 6.29377E-02 1.26061E-01 2.87477E-01 3.72071E-01
 4.20000E-01 6.39302E-02 1.27983E-01 2.91757E-01 3.77651E-01
 4.30000E-01 6.49177E-02 1.29888E-01 2.95979E-01 3.83132E-01
 4.40000E-01 6.59002E-02 1.31777E-01 3.00142E-01 3.88524E-01
 4.50000E-01 6.68777E-02 1.33653E-01 3.04247E-01 3.93817E-01
 4.60000E-01 6.78500E-02 1.35512E-01 3.08294E-01 3.99026E-01
 4.70000E-01 6.88174E-02 1.37357E-01 3.12286E-01 4.04146E-01
 4.80000E-01 6.97802E-02 1.39186E-01 3.16224E-01 4.09179E-01
 4.90000E-01 7.07385E-02 1.41003E-01 3.20108E-01 4.14133E-01
 5.00000E-01 7.16921E-02 1.42805E-01 3.23942E-01 4.19002E-01
 5.10000E-01 7.26409E-02 1.44593E-01 3.27727E-01 4.23798E-01
 5.20000E-01 7.35859E-02 1.46368E-01 3.31461E-01 4.28513E-01
 5.30000E-01 7.45264E-02 1.48129E-01 3.35147E-01 4.33155E-01
 5.40000E-01 7.54626E-02 1.49878E-01 3.38786E-01 4.37725E-01
 5.50000E-01 7.63949E-02 1.51614E-01 3.42377E-01 4.42221E-01
 5.60000E-01 7.73233E-02 1.53338E-01 3.45925E-01 4.46653E-01
 5.70000E-01 7.82475E-02 1.55049E-01 3.49430E-01 4.51013E-01
 5.80000E-01 7.91683E-02 1.56749E-01 3.52891E-01 4.55311E-01
 5.90000E-01 8.00853E-02 1.58436E-01 3.56309E-01 4.59542E-01
 6.00000E-01 8.09986E-02 1.60112E-01 3.59685E-01 4.63711E-01
 6.10000E-01 8.19087E-02 1.61777E-01 3.63022E-01 4.67820E-01
 6.20000E-01 8.28151E-02 1.63431E-01 3.66320E-01 4.71866E-01
 6.30000E-01 8.37186E-02 1.65075E-01 3.69578E-01 4.75859E-01
 6.40000E-01 8.46186E-02 1.66708E-01 3.72798E-01 4.79791E-01
 6.50000E-01 8.55157E-02 1.68331E-01 3.75981E-01 4.83670E-01
 6.60000E-01 8.64098E-02 1.69943E-01 3.79130E-01 4.87493E-01
 6.70000E-01 8.73008E-02 1.71546E-01 3.82242E-01 4.91263E-01
 6.80000E-01 8.81893E-02 1.73139E-01 3.85318E-01 4.94982E-01
 6.90000E-01 8.90747E-02 1.74722E-01 3.88360E-01 4.98648E-01
 7.00000E-01 8.99579E-02 1.76297E-01 3.91371E-01 5.02267E-01
 7.10000E-01 9.08382E-02 1.77862E-01 3.94348E-01 5.05834E-01
 7.20000E-01 9.17164E-02 1.79418E-01 3.97292E-01 5.09359E-01
 7.30000E-01 9.25920E-02 1.80966E-01 4.00205E-01 5.12833E-01
 7.40000E-01 9.34655E-02 1.82505E-01 4.03088E-01 5.16264E-01
 7.50000E-01 9.43367E-02 1.84036E-01 4.05941E-01 5.19649E-01
 7.60000E-01 9.52058E-02 1.85559E-01 4.08763E-01 5.22992E-01
 7.70000E-01 9.60730E-02 1.87073E-01 4.11557E-01 5.26291E-01
 7.80000E-01 9.69381E-02 1.88580E-01 4.14323E-01 5.29548E-01
 7.90000E-01 9.78015E-02 1.90080E-01 4.17060E-01 5.32767E-01
 8.00000E-01 9.86629E-02 1.91572E-01 4.19769E-01 5.35942E-01
 8.10000E-01 9.95230E-02 1.93057E-01 4.22453E-01 5.39082E-01
 8.20000E-01 1.00381E-01 1.94534E-01 4.25110E-01 5.42179E-01
 8.30000E-01 1.01238E-01 1.96005E-01 4.27740E-01 5.45243E-01
 8.40000E-01 1.02093E-01 1.97469E-01 4.30347E-01 5.48267E-01
 8.50000E-01 1.02947E-01 1.98926E-01 4.32927E-01 5.51257E-01
 8.60000E-01 1.03800E-01 2.00377E-01 4.35482E-01 5.54209E-01
 8.70000E-01 1.04651E-01 2.01821E-01 4.38015E-01 5.57129E-01
 8.80000E-01 1.05501E-01 2.03259E-01 4.40524E-01 5.60013E-01
 8.90000E-01 1.06351E-01 2.04691E-01 4.43008E-01 5.62864E-01
 9.00000E-01 1.07199E-01 2.06117E-01 4.45472E-01 5.65683E-01
 9.10000E-01 1.08046E-01 2.07537E-01 4.47912E-01 5.68469E-01
 9.20000E-01 1.08892E-01 2.08952E-01 4.50330E-01 5.71224E-01
 9.30000E-01 1.09738E-01 2.10361E-01 4.52727E-01 5.73948E-01
 9.40000E-01 1.10583E-01 2.11764E-01 4.55103E-01 5.76642E-01
 9.50000E-01 1.11427E-01 2.13162E-01 4.57457E-01 5.79304E-01
 9.60000E-01 1.12270E-01 2.14555E-01 4.59792E-01 5.81940E-01
 9.70000E-01 1.13113E-01 2.15943E-01 4.62105E-01 5.84544E-01
 9.80000E-01 1.13956E-01 2.17326E-01 4.64399E-01 5.87123E-01
 9.90000E-01 1.14798E-01 2.18704E-01 4.66674E-01 5.89671E-01
 1.00000E+00 1.15640E-01 2.20077E-01 4.68929E-01 5.92195E-01
 1.01158E+00 1.16615E-01 2.21661E-01 4.71517E-01 5.95082E-01
 1.02329E+00 1.17600E-01 2.23258E-01 4.74110E-01 5.97967E-01
 1.03514E+00 1.18597E-01 2.24867E-01 4.76708E-01 6.00850E-01
 1.04713E+00 1.19605E-01 2.26488E-01 4.79310E-01 6.03729E-01
 1.05925E+00 1.20625E-01 2.28122E-01 4.81917E-01 6.06608E-01
 1.07152E+00 1.21657E-01 2.29769E-01 4.84528E-01 6.09481E-01
 1.08393E+00 1.22701E-01 2.31429E-01 4.87143E-01 6.12353E-01
 1.09648E+00 1.23758E-01 2.33102E-01 4.89763E-01 6.15222E-01
 1.10917E+00 1.24827E-01 2.34789E-01 4.92388E-01 6.18086E-01
 1.12202E+00 1.25910E-01 2.36489E-01 4.95016E-01 6.20949E-01
 1.13501E+00 1.27006E-01 2.38203E-01 4.97649E-01 6.23808E-01
 1.14815E+00 1.28115E-01 2.39932E-01 5.00286E-01 6.26661E-01
 1.16145E+00 1.29239E-01 2.41674E-01 5.02927E-01 6.29514E-01
 1.17490E+00 1.30377E-01 2.43431E-01 5.05572E-01 6.32361E-01
 1.18850E+00 1.31529E-01 2.45203E-01 5.08221E-01 6.35204E-01
 1.20226E+00 1.32697E-01 2.46990E-01 5.10873E-01 6.38044E-01
 1.21619E+00 1.33880E-01 2.48792E-01 5.13531E-01 6.40879E-01
 1.23027E+00 1.35078E-01 2.50609E-01 5.16192E-01 6.43709E-01
 1.24451E+00 1.36293E-01 2.52442E-01 5.18856E-01 6.46536E-01
 1.25893E+00 1.37524E-01 2.54291E-01 5.21524E-01 6.49358E-01
 1.27350E+00 1.38772E-01 2.56157E-01 5.24195E-01 6.52175E-01
 1.28825E+00 1.40038E-01 2.58039E-01 5.26871E-01 6.54987E-01
 1.30317E+00 1.41321E-01 2.59938E-01 5.29550E-01 6.57795E-01
 1.31826E+00 1.42623E-01 2.61854E-01 5.32232E-01 6.60598E-01
 1.33352E+00 1.43944E-01 2.63787E-01 5.34918E-01 6.63394E-01
 1.34896E+00 1.45283E-01 2.65738E-01 5.37607E-01 6.66186E-01
 1.36458E+00 1.46643E-01 2.67708E-01 5.40299E-01 6.68973E-01
 1.38038E+00 1.48023E-01 2.69695E-01 5.42994E-01 6.71754E-01
 1.39637E+00 1.49424E-01 2.71702E-01 5.45693E-01 6.74528E-01
 1.41254E+00 1.50846E-01 2.73728E-01 5.48394E-01 6.77297E-01
 1.42889E+00 1.52290E-01 2.75773E-01 5.51099E-01 6.80061E-01
 1.44544E+00 1.53757E-01 2.77838E-01 5.53805E-01 6.82818E-01
 1.46218E+00 1.55247E-01 2.79923E-01 5.56515E-01 6.85568E-01
 1.47911E+00 1.56762E-01 2.82030E-01 5.59227E-01 6.88312E-01
 1.49624E+00 1.58301E-01 2.84157E-01 5.61943E-01 6.91050E-01
 1.51356E+00 1.59865E-01 2.86306E-01 5.64660E-01 6.93781E-01
 1.53109E+00 1.61456E-01 2.88477E-01 5.67380E-01 6.96505E-01
 1.54882E+00 1.63073E-01 2.90670E-01 5.70102E-01 6.99222E-01
 1.56675E+00 1.64718E-01 2.92886E-01 5.72826E-01 7.01932E-01
 1.58489E+00 1.66391E-01 2.95126E-01 5.75553E-01 7.04635E-01
 1.60325E+00 1.68094E-01 2.97390E-01 5.78281E-01 7.07330E-01
 1.62181E+00 1.69827E-01 2.99678E-01 5.81011E-01 7.10018E-01
 1.64059E+00 1.71590E-01 3.01991E-01 5.83743E-01 7.12698E-01
 1.65959E+00 1.73386E-01 3.04330E-01 5.86477E-01 7.15370E-01
 1.67880E+00 1.75215E-01 3.06694E-01 5.89212E-01 7.18034E-01
 1.69824E+00 1.77077E-01 3.09086E-01 5.91949E-01 7.20690E-01
 1.71791E+00 1.78974E-01 3.11505E-01 5.94687E-01 7.23337E-01
 1.73780E+00 1.80907E-01 3.13952E-01 5.97426E-01 7.25977E-01
 1.75792E+00 1.82876E-01 3.16428E-01 6.00166E-01 7.28607E-01
 1.77828E+00 1.84884E-01 3.18932E-01 6.02908E-01 7.31229E-01
 1.79887E+00 1.86930E-01 3.21467E-01 6.05650E-01 7.33842E-01
 1.81970E+00 1.89016E-01 3.24033E-01 6.08393E-01 7.36445E-01
 1.84077E+00 1.91144E-01 3.26630E-01 6.11136E-01 7.39039E-01
 1.86209E+00 1.93313E-01 3.29259E-01 6.13880E-01 7.41624E-01
 1.88365E+00 1.95526E-01 3.31920E-01 6.16625E-01 7.44199E-01
 1.90546E+00 1.97783E-01 3.34616E-01 6.19369E-01 7.46765E-01
 1.92752E+00 2.00085E-01 3.37346E-01 6.22114E-01 7.49320E-01
 1.94984E+00 2.02434E-01 3.40111E-01 6.24859E-01 7.51866E-01
 1.97242E+00 2.04831E-01 3.42913E-01 6.27604E-01 7.54401E-01
 1.99526E+00 2.07277E-01 3.45751E-01 6.30348E-01 7.56926E-01
 2.01837E+00 2.09773E-01 3.48627E-01 6.33092E-01 7.59440E-01
 2.04174E+00 2.12320E-01 3.51542E-01 6.35835E-01 7.61944E-01
 2.06538E+00 2.14904E-01 3.54496E-01 6.38578E-01 7.64436E-01
 2.08930E+00 2.17480E-01 3.57491E-01 6.41319E-01 7.66918E-01
 2.11349E+00 2.20048E-01 3.60527E-01 6.44060E-01 7.69389E-01
 2.13796E+00 2.22605E-01 3.63605E-01 6.46800E-01 7.71848E-01
 2.16272E+00 2.25151E-01 3.66726E-01 6.49538E-01 7.74295E-01
 2.18776E+00 2.27685E-01 3.69892E-01 6.52275E-01 7.76731E-01
 2.21309E+00 2.30208E-01 3.73102E-01 6.55011E-01 7.79155E-01
 2.23872E+00 2.32717E-01 3.76359E-01 6.57744E-01 7.81567E-01
 2.26464E+00 2.35213E-01 3.79662E-01 6.60477E-01 7.83967E-01
 2.29087E+00 2.37695E-01 3.83013E-01 6.63207E-01 7.86355E-01
 2.31739E+00 2.40162E-01 3.86412E-01 6.65935E-01 7.88730E-01
 2.34423E+00 2.42613E-01 3.89860E-01 6.68661E-01 7.91092E-01
 2.37137E+00 2.45049E-01 3.93359E-01 6.71384E-01 7.93441E-01
 2.39883E+00 2.47469E-01 3.96908E-01 6.74105E-01 7.95778E-01
 2.42661E+00 2.49871E-01 4.00510E-01 6.76824E-01 7.98102E-01
 2.45471E+00 2.52257E-01 4.04164E-01 6.79539E-01 8.00412E-01
 2.48313E+00 2.54624E-01 4.07870E-01 6.82252E-01 8.02709E-01
 2.51189E+00 2.56973E-01 4.11622E-01 6.84962E-01 8.04993E-01
 2.54097E+00 2.59304E-01 4.15355E-01 6.87669E-01 8.07263E-01
 2.57040E+00 2.61615E-01 4.19057E-01 6.90372E-01 8.09519E-01
 2.60016E+00 2.63907E-01 4.22728E-01 6.93072E-01 8.11761E-01
 2.63027E+00 2.66179E-01 4.26367E-01 6.95769E-01 8.13989E-01
 2.66073E+00 2.68431E-01 4.29974E-01 6.98462E-01 8.16203E-01
 2.69153E+00 2.70662E-01 4.33548E-01 7.01151E-01 8.18402E-01
 2.72270E+00 2.72872E-01 4.37089E-01 7.03837E-01 8.20587E-01
 2.75423E+00 2.75061E-01 4.40595E-01 7.06518E-01 8.22758E-01
 2.78612E+00 2.77229E-01 4.44067E-01 7.09196E-01 8.24914E-01
 2.81838E+00 2.79375E-01 4.47505E-01 7.11869E-01 8.27055E-01
 2.85102E+00 2.81499E-01 4.50907E-01 7.14538E-01 8.29181E-01
 2.88403E+00 2.83601E-01 4.54273E-01 7.17203E-01 8.31292E-01
 2.91743E+00 2.85680E-01 4.57604E-01 7.19864E-01 8.33388E-01
 2.95121E+00 2.87737E-01 4.60899E-01 7.22520E-01 8.35469E-01
 2.98538E+00 2.89771E-01 4.64157E-01 7.25171E-01 8.37534E-01
 3.01995E+00 2.91782E-01 4.67378E-01 7.27818E-01 8.39584E-01
 3.05492E+00 2.93770E-01 4.70562E-01 7.30460E-01 8.41618E-01
 3.09030E+00 2.95735E-01 4.73710E-01 7.33097E-01 8.43637E-01
 3.12608E+00 2.97676E-01 4.76820E-01 7.35729E-01 8.45640E-01
 3.16228E+00 2.99595E-01 4.79893E-01 7.38356E-01 8.47627E-01
 3.19890E+00 3.01489E-01 4.82928E-01 7.40978E-01 8.49598E-01
 3.23594E+00 3.03361E-01 4.85925E-01 7.43596E-01 8.51554E-01
 3.27341E+00 3.05208E-01 4.88885E-01 7.46207E-01 8.53493E-01
 3.31131E+00 3.07033E-01 4.91807E-01 7.48814E-01 8.55417E-01
 3.34965E+00 3.08833E-01 4.94691E-01 7.51416E-01 8.57324E-01
 3.38844E+00 3.10611E-01 4.97538E-01 7.54012E-01 8.59215E-01
 3.42768E+00 3.12364E-01 5.00347E-01 7.56603E-01 8.61090E-01
 3.46737E+00 3.14094E-01 5.03118E-01 7.59188E-01 8.62948E-01
 3.50752E+00 3.15801E-01 5.05851E-01 7.61768E-01 8.64790E-01
 3.54813E+00 3.17484E-01 5.08547E-01 7.64343E-01 8.66616E-01
 3.58922E+00 3.19143E-01 5.11206E-01 7.66911E-01 8.68425E-01
 3.63078E+00 3.20780E-01 5.13827E-01 7.69475E-01 8.70218E-01
 3.67282E+00 3.22393E-01 5.16411E-01 7.72033E-01 8.71994E-01
 3.71535E+00 3.23983E-01 5.18958E-01 7.74585E-01 8.73754E-01
 3.75837E+00 3.25550E-01 5.21467E-01 7.77132E-01 8.75497E-01
 3.80189E+00 3.27093E-01 5.23941E-01 7.79673E-01 8.77224E-01
 3.84592E+00 3.28615E-01 5.26377E-01 7.82208E-01 8.78934E-01
 3.89045E+00 3.30113E-01 5.28777E-01 7.84737E-01 8.80627E-01
 3.93550E+00 3.31589E-01 5.31141E-01 7.87261E-01 8.82304E-01
 3.98107E+00 3.33042E-01 5.33470E-01 7.89779E-01 8.83965E-01
 4.02717E+00 3.34474E-01 5.35762E-01 7.92291E-01 8.85608E-01
 4.07380E+00 3.35883E-01 5.38019E-01 7.94798E-01 8.87236E-01
 4.12098E+00 3.37270E-01 5.40241E-01 7.97298E-01 8.88846E-01
 4.16869E+00 3.38635E-01 5.42428E-01 7.99793E-01 8.90440E-01
 4.21697E+00 3.39979E-01 5.44581E-01 8.02281E-01 8.92018E-01
 4.26580E+00 3.41302E-01 5.46699E-01 8.04764E-01 8.93579E-01
 4.31519E+00 3.42603E-01 5.48783E-01 8.07240E-01 8.95124E-01
 4.36516E+00 3.43883E-01 5.50834E-01 8.09711E-01 8.96652E-01
 4.41570E+00 3.45142E-01 5.52851E-01 8.12175E-01 8.98163E-01
 4.46684E+00 3.46381E-01 5.54835E-01 8.14633E-01 8.99659E-01
 4.51856E+00 3.47599E-01 5.56787E-01 8.17085E-01 9.01138E-01
 4.57088E+00 3.48797E-01 5.58706E-01 8.19531E-01 9.02600E-01
 4.62381E+00 3.49975E-01 5.60593E-01 8.21970E-01 9.04047E-01
 4.67735E+00 3.51133E-01 5.62448E-01 8.24402E-01 9.05477E-01
 4.73151E+00 3.52272E-01 5.64272E-01 8.26828E-01 9.06891E-01
 4.78630E+00 3.53391E-01 5.66064E-01 8.29247E-01 9.08289E-01
 4.84172E+00 3.54491E-01 5.67827E-01 8.31660E-01 9.09671E-01
 4.89779E+00 3.55573E-01 5.69559E-01 8.34065E-01 9.11037E-01
 4.95450E+00 3.56635E-01 5.71260E-01 8.36463E-01 9.12387E-01
 5.01187E+00 3.57679E-01 5.72933E-01 8.38854E-01 9.13721E-01
 5.06991E+00 3.58705E-01 5.74576E-01 8.41237E-01 9.15040E-01
 5.12861E+00 3.59713E-01 5.76190E-01 8.43600E-01 9.16343E-01
 5.18800E+00 3.60703E-01 5.77776E-01 8.45922E-01 9.17630E-01
 5.24807E+00 3.61675E-01 5.79334E-01 8.48203E-01 9.18901E-01
 5.30884E+00 3.62630E-01 5.80864E-01 8.50443E-01 9.20158E-01
 5.37032E+00 3.63568E-01 5.82366E-01 8.52642E-01 9.21398E-01
 5.43250E+00 3.64490E-01 5.83842E-01 8.54803E-01 9.22624E-01
 5.49541E+00 3.65394E-01 5.85291E-01 8.56924E-01 9.23834E-01
 5.55904E+00 3.66282E-01 5.86714E-01 8.59007E-01 9.25029E-01
 5.62341E+00 3.67154E-01 5.88110E-01 8.61052E-01 9.26210E-01
 5.68853E+00 3.68010E-01 5.89482E-01 8.63060E-01 9.27375E-01
 5.75440E+00 3.68851E-01 5.90828E-01 8.65031E-01 9.28525E-01
 5.82103E+00 3.69676E-01 5.92149E-01 8.66965E-01 9.29661E-01
 5.88844E+00 3.70485E-01 5.93446E-01 8.68864E-01 9.30782E-01
 5.95662E+00 3.71280E-01 5.94719E-01 8.70728E-01 9.31889E-01
 6.02560E+00 3.72060E-01 5.95968E-01 8.72557E-01 9.32981E-01
 6.09537E+00 3.72825E-01 5.97194E-01 8.74351E-01 9.34059E-01
 6.16595E+00 3.73576E-01 5.98397E-01 8.76113E-01 9.35123E-01
 6.23735E+00 3.74313E-01 5.99577E-01 8.77840E-01 9.36172E-01
 6.30957E+00 3.75036E-01 6.00735E-01 8.79536E-01 9.37208E-01
 6.38263E+00 3.75745E-01 6.01871E-01 8.81199E-01 9.38229E-01
 6.45654E+00 3.76441E-01 6.02985E-01 8.82831E-01 9.39237E-01
 6.53131E+00 3.77123E-01 6.04078E-01 8.84431E-01 9.40232E-01
 6.60693E+00 3.77793E-01 6.05151E-01 8.86001E-01 9.41212E-01
 6.68344E+00 3.78449E-01 6.06202E-01 8.87541E-01 9.42180E-01
 6.76083E+00 3.79093E-01 6.07234E-01 8.89051E-01 9.43134E-01
 6.83912E+00 3.79725E-01 6.08246E-01 8.90532E-01 9.44074E-01
 6.91831E+00 3.80344E-01 6.09238E-01 8.91985E-01 9.45002E-01
 6.99842E+00 3.80951E-01 6.10211E-01 8.93409E-01 9.45917E-01
 7.07946E+00 3.81547E-01 6.11165E-01 8.94806E-01 9.46819E-01
 7.16143E+00 3.82131E-01 6.12100E-01 8.96175E-01 9.47708E-01
 7.24436E+00 3.82704E-01 6.13017E-01 8.97518E-01 9.48585E-01
 7.32825E+00 3.83265E-01 6.13916E-01 8.98835E-01 9.49449E-01
 7.41310E+00 3.83815E-01 6.14798E-01 9.00125E-01 9.50301E-01
 7.49894E+00 3.84355E-01 6.15662E-01 9.01390E-01 9.51141E-01
 7.58578E+00 3.84883E-01 6.16509E-01 9.02631E-01 9.51968E-01
 7.67361E+00 3.85402E-01 6.17339E-01 9.03846E-01 9.52784E-01
 7.76247E+00 3.85910E-01 6.18153E-01 9.05038E-01 9.53587E-01
 7.85236E+00 3.86408E-01 6.18951E-01 9.06206E-01 9.54379E-01
 7.94328E+00 3.86896E-01 6.19733E-01 9.07351E-01 9.55160E-01
 8.03526E+00 3.87374E-01 6.20499E-01 9.08473E-01 9.55928E-01
 8.12831E+00 3.87843E-01 6.21250E-01 9.09572E-01 9.56686E-01
 8.22243E+00 3.88303E-01 6.21986E-01 9.10650E-01 9.57432E-01
 8.31764E+00 3.88753E-01 6.22707E-01 9.11705E-01 9.58167E-01
 8.41395E+00 3.89194E-01 6.23414E-01 9.12740E-01 9.58891E-01
 8.51138E+00 3.89626E-01 6.24106E-01 9.13754E-01 9.59605E-01
 8.60994E+00 3.90050E-01 6.24785E-01 9.14747E-01 9.60307E-01
 8.70964E+00 3.90465E-01 6.25449E-01 9.15720E-01 9.60999E-01
 8.81049E+00 3.90871E-01 6.26100E-01 9.16674E-01 9.61680E-01
 8.91251E+00 3.91270E-01 6.26739E-01 9.17608E-01 9.62351E-01
 9.01571E+00 3.91660E-01 6.27364E-01 9.18523E-01 9.63012E-01
 9.12011E+00 3.92042E-01 6.27976E-01 9.19420E-01 9.63663E-01
 9.22571E+00 3.92417E-01 6.28576E-01 9.20298E-01 9.64303E-01
 9.33254E+00 3.92784E-01 6.29163E-01 9.21158E-01 9.64934E-01
 9.44061E+00 3.93143E-01 6.29739E-01 9.22001E-01 9.65555E-01
 9.54993E+00 3.93495E-01 6.30303E-01 9.22826E-01 9.66166E-01
 9.66051E+00 3.93840E-01 6.30855E-01 9.23635E-01 9.66768E-01
 9.77237E+00 3.94177E-01 6.31396E-01 9.24426E-01 9.67360E-01
 9.88553E+00 3.94508E-01 6.31925E-01 9.25202E-01 9.67943E-01
 1.00000E+01 3.94832E-01 6.32444E-01 9.25962E-01 9.68517E-01
 1.01158E+01 3.95149E-01 6.32952E-01 9.26705E-01 9.69082E-01
 1.02329E+01 3.95460E-01 6.33450E-01 9.27434E-01 9.69637E-01
 1.03514E+01 3.95764E-01 6.33937E-01 9.28147E-01 9.70184E-01
 1.04713E+01 3.96062E-01 6.34414E-01 9.28846E-01 9.70723E-01
 1.05925E+01 3.96353E-01 6.34881E-01 9.29530E-01 9.71252E-01
 1.07152E+01 3.96639E-01 6.35339E-01 9.30200E-01 9.71773E-01
 1.08393E+01 3.96919E-01 6.35787E-01 9.30855E-01 9.72286E-01
 1.09648E+01 3.97192E-01 6.36225E-01 9.31498E-01 9.72791E-01
 1.10917E+01 3.97461E-01 6.36655E-01 9.32126E-01 9.73287E-01
 1.12202E+01 3.97723E-01 6.37075E-01 9.32742E-01 9.73775E-01
 1.13501E+01 3.97980E-01 6.37487E-01 9.33345E-01 9.74256E-01
 1.14815E+01 3.98232E-01 6.37890E-01 9.33935E-01 9.74728E-01
 1.16145E+01 3.98478E-01 6.38285E-01 9.34513E-01 9.75193E-01
 1.17490E+01 3.98719E-01 6.38671E-01 9.35078E-01 9.75650E-01
 1.18850E+01 3.98955E-01 6.39049E-01 9.35632E-01 9.76100E-01
 1.20226E+01 3.99186E-01 6.39419E-01 9.36174E-01 9.76542E-01
 1.21619E+01 3.99413E-01 6.39782E-01 9.36704E-01 9.76977E-01
 1.23027E+01 3.99634E-01 6.40137E-01 9.37224E-01 9.77405E-01
 1.24451E+01 3.99851E-01 6.40484E-01 9.37732E-01 9.77826E-01
 1.25893E+01 4.00063E-01 6.40824E-01 9.38230E-01 9.78239E-01
 1.27350E+01 4.00271E-01 6.41156E-01 9.38717E-01 9.78646E-01
 1.28825E+01 4.00474E-01 6.41482E-01 9.39194E-01 9.79046E-01
 1.30317E+01 4.00673E-01 6.41801E-01 9.39661E-01 9.79440E-01
 1.31826E+01 4.00868E-01 6.42113E-01 9.40117E-01 9.79826E-01
 1.33352E+01 4.01058E-01 6.42418E-01 9.40564E-01 9.80207E-01
 1.34896E+01 4.01245E-01 6.42717E-01 9.41002E-01 9.80580E-01
 1.36458E+01 4.01428E-01 6.43009E-01 9.41430E-01 9.80948E-01
 1.38038E+01 4.01606E-01 6.43296E-01 9.41849E-01 9.81309E-01
 1.39637E+01 4.01781E-01 6.43576E-01 9.42259E-01 9.81664E-01
 1.41254E+01 4.01952E-01 6.43850E-01 9.42661E-01 9.82014E-01
 1.42889E+01 4.02120E-01 6.44118E-01 9.43054E-01 9.82357E-01
 1.44544E+01 4.02284E-01 6.44381E-01 9.43438E-01 9.82694E-01
 1.46218E+01 4.02444E-01 6.44638E-01 9.43814E-01 9.83026E-01
 1.47911E+01 4.02601E-01 6.44889E-01 9.44182E-01 9.83352E-01
 1.49624E+01 4.02755E-01 6.45135E-01 9.44542E-01 9.83672E-01
 1.51356E+01 4.02905E-01 6.45376E-01 9.44895E-01 9.83987E-01
 1.53109E+01 4.03052E-01 6.45612E-01 9.45240E-01 9.84296E-01
 1.54882E+01 4.03196E-01 6.45842E-01 9.45577E-01 9.84601E-01
 1.56675E+01 4.03337E-01 6.46068E-01 9.45908E-01 9.84899E-01
 1.58489E+01 4.03475E-01 6.46288E-01 9.46231E-01 9.85193E-01
 1.60325E+01 4.03609E-01 6.46504E-01 9.46547E-01 9.85482E-01
 1.62181E+01 4.03741E-01 6.46715E-01 9.46856E-01 9.85765E-01
 1.64059E+01 4.03870E-01 6.46922E-01 9.47159E-01 9.86044E-01
 1.65959E+01 4.03997E-01 6.47124E-01 9.47455E-01 9.86318E-01
 1.67880E+01 4.04120E-01 6.47322E-01 9.47745E-01 9.86587E-01
 1.69824E+01 4.04241E-01 6.47516E-01 9.48028E-01 9.86851E-01
 1.71791E+01 4.04359E-01 6.47705E-01 9.48305E-01 9.87111E-01
 1.73780E+01 4.04475E-01 6.47891E-01 9.48577E-01 9.87366E-01
 1.75792E+01 4.04588E-01 6.48072E-01 9.48842E-01 9.87616E-01
 1.77828E+01 4.04699E-01 6.48249E-01 9.49102E-01 9.87863E-01
 1.79887E+01 4.04807E-01 6.48423E-01 9.49356E-01 9.88105E-01
 1.81970E+01 4.04913E-01 6.48592E-01 9.49604E-01 9.88342E-01
 1.84077E+01 4.05017E-01 6.48758E-01 9.49847E-01 9.88576E-01
 1.86209E+01 4.05118E-01 6.48921E-01 9.50085E-01 9.88805E-01
 1.88365E+01 4.05217E-01 6.49080E-01 9.50318E-01 9.89030E-01
 1.90546E+01 4.05314E-01 6.49235E-01 9.50545E-01 9.89251E-01
 1.92752E+01 4.05409E-01 6.49387E-01 9.50768E-01 9.89469E-01
 1.94984E+01 4.05502E-01 6.49536E-01 9.50986E-01 9.89682E-01
 1.97242E+01 4.05593E-01 6.49681E-01 9.51199E-01 9.89892E-01
 1.99526E+01 4.05682E-01 6.49824E-01 9.51407E-01 9.90098E-01
 2.01837E+01 4.05769E-01 6.49963E-01 9.51611E-01 9.90300E-01
 2.04174E+01 4.05854E-01 6.50099E-01 9.51810E-01 9.90498E-01
 2.06538E+01 4.05937E-01 6.50232E-01 9.52005E-01 9.90693E-01
 2.08930E+01 4.06018E-01 6.50363E-01 9.52196E-01 9.90885E-01
 2.11349E+01 4.06098E-01 6.50490E-01 9.52382E-01 9.91073E-01
 2.13796E+01 4.06176E-01 6.50615E-01 9.52565E-01 9.91258E-01
 2.16272E+01 4.06252E-01 6.50737E-01 9.52743E-01 9.91439E-01
 2.18776E+01 4.06326E-01 6.50856E-01 9.52918E-01 9.91617E-01
 2.21309E+01 4.06399E-01 6.50972E-01 9.53089E-01 9.91792E-01
 2.23872E+01 4.06470E-01 6.51086E-01 9.53256E-01 9.91964E-01
 2.26464E+01 4.06540E-01 6.51198E-01 9.53419E-01 9.92132E-01
 2.29087E+01 4.06608E-01 6.51307E-01 9.53579E-01 9.92298E-01
 2.31739E+01 4.06674E-01 6.51414E-01 9.53735E-01 9.92460E-01
 2.34423E+01 4.06740E-01 6.51518E-01 9.53888E-01 9.92619E-01
 2.37137E+01 4.06803E-01 6.51620E-01 9.54037E-01 9.92775E-01
 2.39883E+01 4.06866E-01 6.51720E-01 9.54183E-01 9.92927E-01
 2.42661E+01 4.06927E-01 6.51818E-01 9.54326E-01 9.93076E-01
 2.45471E+01 4.06986E-01 6.51913E-01 9.54466E-01 9.93221E-01
 2.48313E+01 4.07044E-01 6.52006E-01 9.54603E-01 9.93363E-01
 2.51189E+01 4.07101E-01 6.52098E-01 9.54736E-01 9.93502E-01
 2.54097E+01 4.07157E-01 6.52187E-01 9.54867E-01 9.93638E-01
 2.57040E+01 4.07212E-01 6.52274E-01 9.54995E-01 9.93772E-01
 2.60016E+01 4.07265E-01 6.52360E-01 9.55120E-01 9.93902E-01
 2.63027E+01 4.07317E-01 6.52443E-01 9.55242E-01 9.94029E-01
 2.66073E+01 4.07368E-01 6.52525E-01 9.55362E-01 9.94153E-01
 2.69153E+01 4.07418E-01 6.52605E-01 9.55479E-01 9.94275E-01
 2.72270E+01 4.07467E-01 6.52683E-01 9.55593E-01 9.94394E-01
 2.75423E+01 4.07514E-01 6.52759E-01 9.55705E-01 9.94510E-01
 2.78612E+01 4.07561E-01 6.52834E-01 9.55814E-01 9.94624E-01
 2.81838E+01 4.07607E-01 6.52907E-01 9.55921E-01 9.94735E-01
 2.85102E+01 4.07651E-01 6.52978E-01 9.56026E-01 9.94844E-01
 2.88403E+01 4.07695E-01 6.53048E-01 9.56128E-01 9.94950E-01
 2.91743E+01 4.07737E-01 6.53116E-01 9.56228E-01 9.95054E-01
 2.95121E+01 4.07779E-01 6.53183E-01 9.56326E-01 9.95156E-01
 2.98538E+01 4.07820E-01 6.53249E-01 9.56421E-01 9.95256E-01
 3.01995E+01 4.07860E-01 6.53312E-01 9.56515E-01 9.95353E-01
 3.05492E+01 4.07899E-01 6.53375E-01 9.56606E-01 9.95448E-01
 3.09030E+01 4.07937E-01 6.53436E-01 9.56695E-01 9.95541E-01
 3.12608E+01 4.07974E-01 6.53495E-01 9.56783E-01 9.95632E-01
 3.16228E+01 4.08010E-01 6.53554E-01 9.56868E-01 9.95721E-01
 3.19890E+01 4.08046E-01 6.53611E-01 9.56952E-01 9.95808E-01
 3.23594E+01 4.08081E-01 6.53667E-01 9.57033E-01 9.95893E-01
 3.27341E+01 4.08115E-01 6.53721E-01 9.57113E-01 9.95976E-01
 3.31131E+01 4.08148E-01 6.53775E-01 9.57191E-01 9.96057E-01
 3.34965E+01 4.08181E-01 6.53827E-01 9.57268E-01 9.96137E-01
 3.38844E+01 4.08213E-01 6.53878E-01 9.57342E-01 9.96214E-01
 3.42768E+01 4.08244E-01 6.53928E-01 9.57415E-01 9.96290E-01
 3.46737E+01 4.08274E-01 6.53976E-01 9.57487E-01 9.96365E-01
 3.50752E+01 4.08304E-01 6.54024E-01 9.57557E-01 9.96437E-01
 3.54813E+01 4.08333E-01 6.54071E-01 9.57625E-01 9.96508E-01
 3.58922E+01 4.08362E-01 6.54116E-01 9.57691E-01 9.96578E-01
 3.63078E+01 4.08389E-01 6.54161E-01 9.57757E-01 9.96645E-01
 3.67282E+01 4.08417E-01 6.54204E-01 9.57820E-01 9.96712E-01
 3.71535E+01 4.08443E-01 6.54247E-01 9.57883E-01 9.96777E-01
 3.75837E+01 4.08469E-01 6.54288E-01 9.57944E-01 9.96840E-01
 3.80189E+01 4.08494E-01 6.54329E-01 9.58003E-01 9.96902E-01
 3.84592E+01 4.08519E-01 6.54369E-01 9.58062E-01 9.96963E-01
 3.89045E+01 4.08544E-01 6.54408E-01 9.58119E-01 9.97022E-01
 3.93550E+01 4.08567E-01 6.54446E-01 9.58174E-01 9.97080E-01
 3.98107E+01 4.08591E-01 6.54483E-01 9.58229E-01 9.97137E-01
 4.02717E+01 4.08613E-01 6.54519E-01 9.58282E-01 9.97192E-01
 4.07380E+01 4.08635E-01 6.54555E-01 9.58334E-01 9.97246E-01
 4.12098E+01 4.08657E-01 6.54590E-01 9.58385E-01 9.97299E-01
 4.16869E+01 4.08678E-01 6.54624E-01 9.58435E-01 9.97351E-01
 4.21697E+01 4.08699E-01 6.54657E-01 9.58483E-01 9.97402E-01
 4.26580E+01 4.08719E-01 6.54689E-01 9.58531E-01 9.97451E-01
 4.31519E+01 4.08739E-01 6.54721E-01 9.58577E-01 9.97499E-01
 4.36516E+01 4.08759E-01 6.54752E-01 9.58623E-01 9.97547E-01
 4.41570E+01 4.08778E-01 6.54783E-01 9.58667E-01 9.97593E-01
 4.46684E+01 4.08796E-01 6.54812E-01 9.58711E-01 9.97638E-01
 4.51856E+01 4.08814E-01 6.54841E-01 9.58753E-01 9.97682E-01
 4.57088E+01 4.08832E-01 6.54870E-01 9.58795E-01 9.97725E-01
 4.62381E+01 4.08849E-01 6.54897E-01 9.58835E-01 9.97768E-01
 4.67735E+01 4.08866E-01 6.54924E-01 9.58875E-01 9.97809E-01
 4.73151E+01 4.08883E-01 6.54951E-01 9.58914E-01 9.97849E-01
 4.78630E+01 4.08899E-01 6.54977E-01 9.58951E-01 9.97889E-01
 4.84172E+01 4.08915E-01 6.55002E-01 9.58989E-01 9.97927E-01
 4.89779E+01 4.08930E-01 6.55027E-01 9.59025E-01 9.97965E-01
 4.95450E+01 4.08945E-01 6.55051E-01 9.59060E-01 9.98002E-01
 5.01187E+01 4.08960E-01 6.55075E-01 9.59095E-01 9.98038E-01
 5.06991E+01 4.08974E-01 6.55098E-01 9.59129E-01 9.98073E-01
 5.12861E+01 4.08988E-01 6.55120E-01 9.59162E-01 9.98108E-01
 5.18800E+01 4.09002E-01 6.55142E-01 9.59194E-01 9.98141E-01
 5.24807E+01 4.09016E-01 6.55164E-01 9.59226E-01 9.98174E-01
 5.30884E+01 4.09029E-01 6.55185E-01 9.59257E-01 9.98206E-01
 5.37032E+01 4.09042E-01 6.55206E-01 9.59287E-01 9.98238E-01
 5.43250E+01 4.09054E-01 6.55226E-01 9.59316E-01 9.98268E-01
 5.49541E+01 4.09067E-01 6.55246E-01 9.59345E-01 9.98299E-01
 5.55904E+01 4.09079E-01 6.55265E-01 9.59373E-01 9.98328E-01
 5.62341E+01 4.09090E-01 6.55284E-01 9.59401E-01 9.98357E-01
 5.68853E+01 4.09102E-01 6.55302E-01 9.59428E-01 9.98385E-01
 5.75440E+01 4.09113E-01 6.55320E-01 9.59454E-01 9.98412E-01
 5.82103E+01 4.09124E-01 6.55338E-01 9.59480E-01 9.98439E-01
 5.88844E+01 4.09135E-01 6.55355E-01 9.59505E-01 9.98465E-01
 5.95662E+01 4.09145E-01 6.55372E-01 9.59530E-01 9.98491E-01
 6.02560E+01 4.09156E-01 6.55388E-01 9.59554E-01 9.98516E-01
 6.09537E+01 4.09166E-01 6.55404E-01 9.59578E-01 9.98540E-01
 6.16595E+01 4.09176E-01 6.55420E-01 9.59601E-01 9.98564E-01
 6.23735E+01 4.09185E-01 6.55435E-01 9.59623E-01 9.98588E-01
 6.30957E+01 4.09195E-01 6.55450E-01 9.59645E-01 9.98611E-01
 6.38263E+01 4.09204E-01 6.55465E-01 9.59667E-01 9.98633E-01
 6.45654E+01 4.09213E-01 6.55480E-01 9.59688E-01 9.98655E-01
 6.53131E+01 4.09221E-01 6.55494E-01 9.59708E-01 9.98676E-01
 6.60693E+01 4.09230E-01 6.55507E-01 9.59728E-01 9.98697E-01
 6.68344E+01 4.09238E-01 6.55521E-01 9.59748E-01 9.98717E-01
 6.76083E+01 4.09246E-01 6.55534E-01 9.59767E-01 9.98737E-01
 6.83912E+01 4.09254E-01 6.55547E-01 9.59786E-01 9.98757E-01
 6.91831E+01 4.09262E-01 6.55559E-01 9.59804E-01 9.98776E-01
 6.99842E+01 4.09270E-01 6.55571E-01 9.59822E-01 9.98795E-01
 7.07946E+01 4.09277E-01 6.55583E-01 9.59839E-01 9.98813E-01
 7.16143E+01 4.09285E-01 6.55595E-01 9.59857E-01 9.98831E-01
 7.24436E+01 4.09292E-01 6.55606E-01 9.59873E-01 9.98848E-01
 7.32825E+01 4.09299E-01 6.55618E-01 9.59890E-01 9.98865E-01
 7.41310E+01 4.09306E-01 6.55628E-01 9.59906E-01 9.98882E-01
 7.49894E+01 4.09312E-01 6.55639E-01 9.59921E-01 9.98898E-01
 7.58578E+01 4.09319E-01 6.55650E-01 9.59936E-01 9.98914E-01
 7.67361E+01 4.09325E-01 6.55660E-01 9.59951E-01 9.98929E-01
 7.76247E+01 4.09331E-01 6.55670E-01 9.59966E-01 9.98944E-01
 7.85236E+01 4.09337E-01 6.55679E-01 9.59980E-01 9.98959E-01
 7.94328E+01 4.09343E-01 6.55689E-01 9.59994E-01 9.98974E-01
 8.03526E+01 4.09349E-01 6.55698E-01 9.60008E-01 9.98988E-01
 8.12831E+01 4.09355E-01 6.55707E-01 9.60021E-01 9.99002E-01
 8.22243E+01 4.09360E-01 6.55716E-01 9.60034E-01 9.99015E-01
 8.31764E+01 4.09366E-01 6.55725E-01 9.60047E-01 9.99029E-01
 8.41395E+01 4.09371E-01 6.55733E-01 9.60059E-01 9.99041E-01
 8.51138E+01 4.09376E-01 6.55742E-01 9.60071E-01 9.99054E-01
 8.60994E+01 4.09381E-01 6.55750E-01 9.60083E-01 9.99066E-01
 8.70964E+01 4.09386E-01 6.55758E-01 9.60095E-01 9.99079E-01
 8.81049E+01 4.09391E-01 6.55765E-01 9.60106E-01 9.99090E-01
 8.91251E+01 4.09396E-01 6.55773E-01 9.60117E-01 9.99102E-01
 9.01571E+01 4.09401E-01 6.55780E-01 9.60128E-01 9.99113E-01
 9.12011E+01 4.09405E-01 6.55788E-01 9.60139E-01 9.99124E-01
 9.22571E+01 4.09409E-01 6.55795E-01 9.60149E-01 9.99135E-01
 9.33254E+01 4.09414E-01 6.55802E-01 9.60159E-01 9.99146E-01
 9.44061E+01 4.09418E-01 6.55808E-01 9.60169E-01 9.99156E-01
 9.54993E+01 4.09422E-01 6.55815E-01 9.60179E-01 9.99166E-01
 9.66051E+01 4.09426E-01 6.55821E-01 9.60188E-01 9.99176E-01
 9.77237E+01 4.09430E-01 6.55828E-01 9.60197E-01 9.99185E-01
 9.88553E+01 4.09434E-01 6.55834E-01 9.60207E-01 9.99195E-01
 1.00000E+02 4.09438E-01 6.55840E-01 9.60215E-01 9.99204E-01
