 1.00000E-02 1.93528E-02 3.59163E-02 6.61052E-02 7.10711E-02
 2.00000E-02 1.98227E-02 3.76145E-02 6.84536E-02 7.35776E-02
 3.00000E-02 2.03517E-02 3.85716E-02 7.07504E-02 7.60271E-02
 4.00000E-02 2.08847E-02 3.96732E-02 7.29960E-02 7.88215E-02
 5.00000E-02 2.13699E-02 4.07496E-02 7.54768E-02 8.14381E-02
 6.00000E-02 2.18948E-02 4.18075E-02 7.78292E-02 8.42557E-02
 7.00000E-02 2.23995E-02 4.28641E-02 8.03195E-02 8.70696E-02
 8.00000E-02 2.29005E-02 4.39205E-02 8.28030E-02 8.99225E-02
 9.00000E-02 2.34148E-02 4.49743E-02 8.53057E-02 9.28197E-02
 1.00000E-01 2.39243E-02 4.60309E-02 8.78315E-02 9.58124E-02
 1.10000E-01 2.44321E-02 4.70987E-02 9.03742E-02 9.88130E-02
 1.20000E-01 2.49389E-02 4.81537E-02 9.29513E-02 1.01904E-01
 1.30000E-01 2.54449E-02 4.92069E-02 9.55493E-02 1.05034E-01
 1.40000E-01 2.59496E-02 5.02619E-02 9.81443E-02 1.08213E-01
 1.50000E-01 2.64524E-02 5.13081E-02 1.00771E-01 1.11442E-01
 1.60000E-01 2.69539E-02 5.23531E-02 1.03396E-01 1.14731E-01
 1.70000E-01 2.74569E-02 5.33944E-02 1.06018E-01 1.18066E-01
 1.80000E-01 2.79565E-02 5.44248E-02 1.08657E-01 1.21457E-01
 1.90000E-01 2.84521E-02 5.54559E-02 1.11289E-01 1.24894E-01
 2.00000E-01 2.89485E-02 5.64800E-02 1.13913E-01 1.28379E-01
 2.10000E-01 2.94415E-02 5.74954E-02 1.16527E-01 1.31908E-01
 2.20000E-01 2.99314E-02 5.85028E-02 1.19129E-01 1.35489E-01
 2.30000E-01 3.04204E-02 5.95032E-02 1.21717E-01 1.39108E-01
 2.40000E-01 3.09051E-02 6.04992E-02 1.24288E-01 1.42764E-01
 2.50000E-01 3.13888E-02 6.14864E-02 1.26838E-01 1.46453E-01
 2.60000E-01 3.18686E-02 6.24651E-02 1.29367E-01 1.50165E-01
 2.70000E-01 3.23457E-02 6.34353E-02 1.31871E-01 1.53887E-01
 2.80000E-01 3.28207E-02 6.43967E-02 1.34350E-01 1.57604E-01
 2.90000E-01 3.32913E-02 6.53494E-02 1.36801E-01 1.61303E-01
 3.00000E-01 3.37601E-02 6.62933E-02 1.39223E-01 1.64969E-01
 3.10000E-01 3.42258E-02 6.72281E-02 1.41615E-01 1.68588E-01
 3.20000E-01 3.46876E-02 6.81537E-02 1.43976E-01 1.72158E-01
 3.30000E-01 3.51462E-02 6.90701E-02 1.46306E-01 1.75672E-01
 3.40000E-01 3.56027E-02 6.99770E-02 1.48603E-01 1.79126E-01
 3.50000E-01 3.60555E-02 7.08745E-02 1.50867E-01 1.82520E-01
 3.60000E-01 3.65046E-02 7.17629E-02 1.53098E-01 1.85851E-01
 3.70000E-01 3.69502E-02 7.26432E-02 1.55296E-01 1.89121E-01
 3.80000E-01 3.73931E-02 7.35139E-02 1.57460E-01 1.92327E-01
 3.90000E-01 3.78330E-02 7.43749E-02 1.59590E-01 1.95472E-01
 4.00000E-01 3.82694E-02 7.52261E-02 1.61687E-01 1.98555E-01
 4.10000E-01 3.87024E-02 7.60675E-02 1.63750E-01 2.01582E-01
 4.20000E-01 3.91320E-02 7.68990E-02 1.65779E-01 2.04547E-01
 4.30000E-01 3.95582E-02 7.77228E-02 1.67775E-01 2.07452E-01
 4.40000E-01 3.99811E-02 7.85376E-02 1.69738E-01 2.10297E-01
 4.50000E-01 4.04007E-02 7.93424E-02 1.71667E-01 2.13087E-01
 4.60000E-01 4.08170E-02 8.01374E-02 1.73564E-01 2.15823E-01
 4.70000E-01 4.12301E-02 8.09228E-02 1.75428E-01 2.18501E-01
 4.80000E-01 4.16399E-02 8.17013E-02 1.77261E-01 2.21122E-01
 4.90000E-01 4.20466E-02 8.24700E-02 1.79061E-01 2.23692E-01
 5.00000E-01 4.24501E-02 8.32290E-02 1.80830E-01 2.26212E-01
 5.10000E-01 4.28503E-02 8.39786E-02 1.82567E-01 2.28677E-01
 5.20000E-01 4.32474E-02 8.47215E-02 1.84274E-01 2.31088E-01
 5.30000E-01 4.36414E-02 8.54547E-02 1.85951E-01 2.33455E-01
 5.40000E-01 4.40323E-02 8.61783E-02 1.87597E-01 2.35772E-01
 5.50000E-01 4.44200E-02 8.68945E-02 1.89213E-01 2.38037E-01
 5.60000E-01 4.48046E-02 8.76025E-02 1.90801E-01 2.40256E-01
 5.70000E-01 4.51862E-02 8.83011E-02 1.92359E-01 2.42431E-01
 5.80000E-01 4.55647E-02 8.89916E-02 1.93888E-01 2.44559E-01
 5.90000E-01 4.59401E-02 8.96750E-02 1.95390E-01 2.46638E-01
 6.00000E-01 4.63126E-02 9.03492E-02 1.96865E-01 2.48678E-01
 6.10000E-01 4.66820E-02 9.10153E-02 1.98312E-01 2.50674E-01
 6.20000E-01 4.70484E-02 9.16748E-02 1.99732E-01 2.52625E-01
 6.30000E-01 4.74119E-02 9.23252E-02 2.01126E-01 2.54534E-01
 6.40000E-01 4.77724E-02 9.29682E-02 2.02493E-01 2.56406E-01
 6.50000E-01 4.81306E-02 9.36043E-02 2.03835E-01 2.58234E-01
 6.60000E-01 4.84859E-02 9.42317E-02 2.05151E-01 2.60020E-01
 6.70000E-01 4.88384E-02 9.48528E-02 2.06442E-01 2.61773E-01
 6.80000E-01 4.91880E-02 9.54663E-02 2.07709E-01 2.63485E-01
 6.90000E-01 4.95348E-02 9.60716E-02 2.08951E-01 2.65157E-01
 7.00000E-01 4.98788E-02 9.66716E-02 2.10169E-01 2.66795E-01
 7.10000E-01 5.02206E-02 9.72632E-02 2.11364E-01 2.68398E-01
 7.20000E-01 5.05599E-02 9.78485E-02 2.12535E-01 2.69961E-01
 7.30000E-01 5.08964E-02 9.84270E-02 2.13684E-01 2.71490E-01
 7.40000E-01 5.12302E-02 9.89979E-02 2.14810E-01 2.72988E-01
 7.50000E-01 5.15613E-02 9.95638E-02 2.15914E-01 2.74450E-01
 7.60000E-01 5.18906E-02 1.00122E-01 2.16997E-01 2.75875E-01
 7.70000E-01 5.22173E-02 1.00674E-01 2.18057E-01 2.77274E-01
 7.80000E-01 5.25415E-02 1.01220E-01 2.19097E-01 2.78638E-01
 7.90000E-01 5.28630E-02 1.01760E-01 2.20116E-01 2.79968E-01
 8.00000E-01 5.31827E-02 1.02293E-01 2.21115E-01 2.81270E-01
 8.10000E-01 5.35001E-02 1.02820E-01 2.22095E-01 2.82542E-01
 8.20000E-01 5.38150E-02 1.03343E-01 2.23055E-01 2.83782E-01
 8.30000E-01 5.41275E-02 1.03858E-01 2.23995E-01 2.84992E-01
 8.40000E-01 5.44384E-02 1.04369E-01 2.24917E-01 2.86176E-01
 8.50000E-01 5.47470E-02 1.04872E-01 2.25820E-01 2.87330E-01
 8.60000E-01 5.50532E-02 1.05372E-01 2.26704E-01 2.88454E-01
 8.70000E-01 5.53574E-02 1.05865E-01 2.27570E-01 2.89555E-01
 8.80000E-01 5.56599E-02 1.06354E-01 2.28419E-01 2.90627E-01
 8.90000E-01 5.59601E-02 1.06836E-01 2.29249E-01 2.91671E-01
 9.00000E-01 5.62581E-02 1.07314E-01 2.30063E-01 2.92690E-01
 9.10000E-01 5.65548E-02 1.07787E-01 2.30859E-01 2.93685E-01
 9.20000E-01 5.68493E-02 1.08255E-01 2.31639E-01 2.94653E-01
 9.30000E-01 5.71417E-02 1.08718E-01 2.32403E-01 2.95595E-01
 9.40000E-01 5.74327E-02 1.09176E-01 2.33150E-01 2.96517E-01
 9.50000E-01 5.77218E-02 1.09630E-01 2.33882E-01 2.97412E-01
 9.60000E-01 5.80087E-02 1.10079E-01 2.34599E-01 2.98282E-01
 9.70000E-01 5.82946E-02 1.10523E-01 2.35301E-01 2.99133E-01
 9.80000E-01 5.85784E-02 1.10963E-01 2.35988E-01 2.99960E-01
 9.90000E-01 5.88603E-02 1.11398E-01 2.36660E-01 3.00763E-01
 1.00000E+00 5.91412E-02 1.11830E-01 2.37318E-01 3.01545E-01
 1.01158E+00 5.94641E-02 1.12324E-01 2.38062E-01 3.02426E-01
 1.02329E+00 5.97885E-02 1.12818E-01 2.38795E-01 3.03285E-01
 1.03514E+00 6.01146E-02 1.13313E-01 2.39517E-01 3.04127E-01
 1.04713E+00 6.04424E-02 1.13808E-01 2.40229E-01 3.04950E-01
 1.05925E+00 6.07719E-02 1.14303E-01 2.40930E-01 3.05751E-01
 1.07152E+00 6.11030E-02 1.14797E-01 2.41622E-01 3.06536E-01
 1.08393E+00 6.14359E-02 1.15292E-01 2.42302E-01 3.07299E-01
 1.09648E+00 6.17706E-02 1.15788E-01 2.42971E-01 3.08041E-01
 1.10917E+00 6.21071E-02 1.16284E-01 2.43628E-01 3.08765E-01
 1.12202E+00 6.24454E-02 1.16780E-01 2.44274E-01 3.09466E-01
 1.13501E+00 6.27856E-02 1.17277E-01 2.44908E-01 3.10146E-01
 1.14815E+00 6.31277E-02 1.17773E-01 2.45531E-01 3.10806E-01
 1.16145E+00 6.34717E-02 1.18271E-01 2.46143E-01 3.11442E-01
 1.17490E+00 6.38177E-02 1.18768E-01 2.46742E-01 3.12059E-01
 1.18850E+00 6.41657E-02 1.19266E-01 2.47329E-01 3.12652E-01
 1.20226E+00 6.45156E-02 1.19765E-01 2.47905E-01 3.13224E-01
 1.21619E+00 6.48677E-02 1.20264E-01 2.48469E-01 3.13773E-01
 1.23027E+00 6.52222E-02 1.20764E-01 2.49021E-01 3.14298E-01
 1.24451E+00 6.55788E-02 1.21265E-01 2.49559E-01 3.14802E-01
 1.25893E+00 6.59376E-02 1.21766E-01 2.50088E-01 3.15280E-01
 1.27350E+00 6.62986E-02 1.22269E-01 2.50603E-01 3.15738E-01
 1.28825E+00 6.66621E-02 1.22772E-01 2.51105E-01 3.16170E-01
 1.30317E+00 6.70282E-02 1.23277E-01 2.51597E-01 3.16579E-01
 1.31826E+00 6.73966E-02 1.23783E-01 2.52075E-01 3.16964E-01
 1.33352E+00 6.77675E-02 1.24290E-01 2.52541E-01 3.17325E-01
 1.34896E+00 6.81413E-02 1.24798E-01 2.52996E-01 3.17661E-01
 1.36458E+00 6.85177E-02 1.25307E-01 2.53437E-01 3.17972E-01
 1.38038E+00 6.88967E-02 1.25819E-01 2.53868E-01 3.18260E-01
 1.39637E+00 6.92789E-02 1.26332E-01 2.54285E-01 3.18522E-01
 1.41254E+00 6.96637E-02 1.26847E-01 2.54692E-01 3.18759E-01
 1.42889E+00 7.00518E-02 1.27364E-01 2.55086E-01 3.18972E-01
 1.44544E+00 7.04428E-02 1.27883E-01 2.55469E-01 3.19159E-01
 1.46218E+00 7.08372E-02 1.28404E-01 2.55839E-01 3.19321E-01
 1.47911E+00 7.12346E-02 1.28928E-01 2.56198E-01 3.19456E-01
 1.49624E+00 7.16357E-02 1.29455E-01 2.56546E-01 3.19568E-01
 1.51356E+00 7.20399E-02 1.29984E-01 2.56882E-01 3.19652E-01
 1.53109E+00 7.24481E-02 1.30516E-01 2.57207E-01 3.19712E-01
 1.54882E+00 7.28597E-02 1.31051E-01 2.57522E-01 3.19746E-01
 1.56675E+00 7.32752E-02 1.31589E-01 2.57826E-01 3.19754E-01
 1.58489E+00 7.36946E-02 1.32131E-01 2.58118E-01 3.19736E-01
 1.60325E+00 7.41178E-02 1.32677E-01 2.58402E-01 3.19692E-01
 1.62181E+00 7.45454E-02 1.33227E-01 2.58675E-01 3.19623E-01
 1.64059E+00 7.49772E-02 1.33781E-01 2.58939E-01 3.19528E-01
 1.65959E+00 7.54133E-02 1.34339E-01 2.59192E-01 3.19406E-01
 1.67880E+00 7.58538E-02 1.34902E-01 2.59437E-01 3.19260E-01
 1.69824E+00 7.62990E-02 1.35469E-01 2.59673E-01 3.19087E-01
 1.71791E+00 7.67491E-02 1.36042E-01 2.59901E-01 3.18888E-01
 1.73780E+00 7.72040E-02 1.36620E-01 2.60121E-01 3.18664E-01
 1.75792E+00 7.76639E-02 1.37204E-01 2.60333E-01 3.18414E-01
 1.77828E+00 7.81290E-02 1.37794E-01 2.60538E-01 3.18139E-01
 1.79887E+00 7.85994E-02 1.38390E-01 2.60736E-01 3.17838E-01
 1.81970E+00 7.90753E-02 1.38992E-01 2.60928E-01 3.17512E-01
 1.84077E+00 7.95568E-02 1.39601E-01 2.61114E-01 3.17161E-01
 1.86209E+00 8.00441E-02 1.40218E-01 2.61296E-01 3.16786E-01
 1.88365E+00 8.05373E-02 1.40841E-01 2.61472E-01 3.16385E-01
 1.90546E+00 8.10367E-02 1.41473E-01 2.61645E-01 3.15960E-01
 1.92752E+00 8.15422E-02 1.42112E-01 2.61814E-01 3.15510E-01
 1.94984E+00 8.20542E-02 1.42760E-01 2.61981E-01 3.15037E-01
 1.97242E+00 8.25730E-02 1.43416E-01 2.62145E-01 3.14540E-01
 1.99526E+00 8.30986E-02 1.44082E-01 2.62310E-01 3.14019E-01
 2.01837E+00 8.36310E-02 1.44758E-01 2.62473E-01 3.13475E-01
 2.04174E+00 8.41705E-02 1.45443E-01 2.62636E-01 3.12908E-01
 2.06538E+00 8.47177E-02 1.46138E-01 2.62801E-01 3.12320E-01
 2.08930E+00 8.52722E-02 1.46844E-01 2.62969E-01 3.11709E-01
 2.11349E+00 8.58345E-02 1.47561E-01 2.63139E-01 3.11077E-01
 2.13796E+00 8.64047E-02 1.48290E-01 2.63314E-01 3.10425E-01
 2.16272E+00 8.69831E-02 1.49030E-01 2.63495E-01 3.09752E-01
 2.18776E+00 8.75698E-02 1.49783E-01 2.63681E-01 3.09059E-01
 2.21309E+00 8.81652E-02 1.50548E-01 2.63875E-01 3.08349E-01
 2.23872E+00 8.87691E-02 1.51326E-01 2.64078E-01 3.07620E-01
 2.26464E+00 8.93823E-02 1.52119E-01 2.64291E-01 3.06875E-01
 2.29087E+00 9.00046E-02 1.52925E-01 2.64516E-01 3.06115E-01
 2.31739E+00 9.06362E-02 1.53745E-01 2.64753E-01 3.05340E-01
 2.34423E+00 9.12776E-02 1.54581E-01 2.65005E-01 3.04553E-01
 2.37137E+00 9.19289E-02 1.55432E-01 2.65273E-01 3.03755E-01
 2.39883E+00 9.25902E-02 1.56299E-01 2.65558E-01 3.02950E-01
 2.42661E+00 9.32620E-02 1.57183E-01 2.65863E-01 3.02139E-01
 2.45471E+00 9.39443E-02 1.58083E-01 2.66187E-01 3.01327E-01
 2.48313E+00 9.46374E-02 1.59001E-01 2.66535E-01 3.00519E-01
 2.51189E+00 9.53416E-02 1.59937E-01 2.66908E-01 2.99720E-01
 2.54097E+00 9.60571E-02 1.60892E-01 2.67306E-01 2.98939E-01
 2.57040E+00 9.67842E-02 1.61865E-01 2.67733E-01 2.98186E-01
 2.60016E+00 9.75232E-02 1.62858E-01 2.68191E-01 2.97473E-01
 2.63027E+00 9.82742E-02 1.63871E-01 2.68680E-01 2.96814E-01
 2.66073E+00 9.90375E-02 1.64904E-01 2.69204E-01 2.96223E-01
 2.69153E+00 9.98135E-02 1.65959E-01 2.69765E-01 2.95713E-01
 2.72270E+00 1.00602E-01 1.67035E-01 2.70365E-01 2.95292E-01
 2.75423E+00 1.01404E-01 1.68134E-01 2.71005E-01 2.94967E-01
 2.78612E+00 1.02219E-01 1.69255E-01 2.71688E-01 2.94743E-01
 2.81838E+00 1.03048E-01 1.70400E-01 2.72417E-01 2.94622E-01
 2.85102E+00 1.03891E-01 1.71568E-01 2.73192E-01 2.94606E-01
 2.88403E+00 1.04748E-01 1.72761E-01 2.74017E-01 2.94694E-01
 2.91743E+00 1.05620E-01 1.73978E-01 2.74893E-01 2.94887E-01
 2.95121E+00 1.06506E-01 1.75222E-01 2.75822E-01 2.95184E-01
 2.98538E+00 1.07407E-01 1.76491E-01 2.76806E-01 2.95585E-01
 3.01995E+00 1.08324E-01 1.77787E-01 2.77847E-01 2.96090E-01
 3.05492E+00 1.09256E-01 1.79110E-01 2.78946E-01 2.96696E-01
 3.09030E+00 1.10204E-01 1.80461E-01 2.80106E-01 2.97403E-01
 3.12608E+00 1.11169E-01 1.81841E-01 2.81327E-01 2.98211E-01
 3.16228E+00 1.12149E-01 1.83249E-01 2.82612E-01 2.99118E-01
 3.19890E+00 1.13147E-01 1.84687E-01 2.83961E-01 3.00124E-01
 3.23594E+00 1.14161E-01 1.86155E-01 2.85376E-01 3.01227E-01
 3.27341E+00 1.15193E-01 1.87653E-01 2.86858E-01 3.02427E-01
 3.31131E+00 1.16242E-01 1.89182E-01 2.88407E-01 3.03723E-01
 3.34965E+00 1.17309E-01 1.90744E-01 2.90026E-01 3.05115E-01
 3.38844E+00 1.18395E-01 1.92337E-01 2.91715E-01 3.06600E-01
 3.42768E+00 1.19499E-01 1.93963E-01 2.93475E-01 3.08179E-01
 3.46737E+00 1.20621E-01 1.95623E-01 2.95306E-01 3.09851E-01
 3.50752E+00 1.21763E-01 1.97316E-01 2.97210E-01 3.11616E-01
 3.54813E+00 1.22924E-01 1.99044E-01 2.99186E-01 3.13472E-01
 3.58922E+00 1.24105E-01 2.00807E-01 3.01236E-01 3.15420E-01
 3.63078E+00 1.25305E-01 2.02606E-01 3.03360E-01 3.17458E-01
 3.67282E+00 1.26526E-01 2.04440E-01 3.05559E-01 3.19587E-01
 3.71535E+00 1.27768E-01 2.06311E-01 3.07833E-01 3.21806E-01
 3.75837E+00 1.29030E-01 2.08220E-01 3.10182E-01 3.24114E-01
 3.80189E+00 1.30313E-01 2.10165E-01 3.12608E-01 3.26511E-01
 3.84592E+00 1.31618E-01 2.12150E-01 3.15110E-01 3.28998E-01
 3.89045E+00 1.32945E-01 2.14172E-01 3.17688E-01 3.31573E-01
 3.93550E+00 1.34294E-01 2.16234E-01 3.20344E-01 3.34237E-01
 3.98107E+00 1.35665E-01 2.18336E-01 3.23077E-01 3.36989E-01
 4.02717E+00 1.37058E-01 2.20478E-01 3.25889E-01 3.39829E-01
 4.07380E+00 1.38475E-01 2.22661E-01 3.28778E-01 3.42757E-01
 4.12098E+00 1.39915E-01 2.24885E-01 3.31746E-01 3.45774E-01
 4.16869E+00 1.41378E-01 2.27151E-01 3.34793E-01 3.48878E-01
 4.21697E+00 1.42865E-01 2.29459E-01 3.37919E-01 3.52070E-01
 4.26580E+00 1.44377E-01 2.31810E-01 3.41125E-01 3.55350E-01
 4.31519E+00 1.45913E-01 2.34204E-01 3.44411E-01 3.58719E-01
 4.36516E+00 1.47473E-01 2.36642E-01 3.47777E-01 3.62175E-01
 4.41570E+00 1.49059E-01 2.39124E-01 3.51223E-01 3.65720E-01
 4.46684E+00 1.50670E-01 2.41651E-01 3.54751E-01 3.69353E-01
 4.51856E+00 1.52306E-01 2.44223E-01 3.58360E-01 3.73074E-01
 4.57088E+00 1.53969E-01 2.46841E-01 3.62051E-01 3.76884E-01
 4.62381E+00 1.55658E-01 2.49505E-01 3.65823E-01 3.80783E-01
 4.67735E+00 1.57373E-01 2.52216E-01 3.69679E-01 3.84772E-01
 4.73151E+00 1.59115E-01 2.54974E-01 3.73617E-01 3.88849E-01
 4.78630E+00 1.60885E-01 2.57780E-01 3.77638E-01 3.93016E-01
 4.84172E+00 1.62682E-01 2.60634E-01 3.81743E-01 3.97274E-01
 4.89779E+00 1.64506E-01 2.63536E-01 3.85933E-01 4.01621E-01
 4.95450E+00 1.66359E-01 2.66488E-01 3.90206E-01 4.06059E-01
 5.01187E+00 1.68240E-01 2.69489E-01 3.94565E-01 4.10588E-01
 5.06991E+00 1.70131E-01 2.72517E-01 3.98992E-01 4.15193E-01
 5.12861E+00 1.72018E-01 2.75540E-01 4.03418E-01 4.19798E-01
 5.18800E+00 1.73901E-01 2.78556E-01 4.07834E-01 4.24394E-01
 5.24807E+00 1.75780E-01 2.81566E-01 4.12240E-01 4.28979E-01
 5.30884E+00 1.77654E-01 2.84568E-01 4.16636E-01 4.33553E-01
 5.37032E+00 1.79524E-01 2.87563E-01 4.21021E-01 4.38116E-01
 5.43250E+00 1.81389E-01 2.90549E-01 4.25393E-01 4.42666E-01
 5.49541E+00 1.83248E-01 2.93527E-01 4.29753E-01 4.47203E-01
 5.55904E+00 1.85101E-01 2.96496E-01 4.34100E-01 4.51726E-01
 5.62341E+00 1.86949E-01 2.99456E-01 4.38434E-01 4.56236E-01
 5.68853E+00 1.88791E-01 3.02406E-01 4.42752E-01 4.60730E-01
 5.75440E+00 1.90626E-01 3.05346E-01 4.47057E-01 4.65209E-01
 5.82103E+00 1.92455E-01 3.08275E-01 4.51345E-01 4.69672E-01
 5.88844E+00 1.94276E-01 3.11193E-01 4.55618E-01 4.74118E-01
 5.95662E+00 1.96091E-01 3.14101E-01 4.59875E-01 4.78547E-01
 6.02560E+00 1.97899E-01 3.16996E-01 4.64114E-01 4.82959E-01
 6.09537E+00 1.99700E-01 3.19880E-01 4.68337E-01 4.87353E-01
 6.16595E+00 2.01493E-01 3.22752E-01 4.72541E-01 4.91728E-01
 6.23735E+00 2.03278E-01 3.25611E-01 4.76728E-01 4.96085E-01
 6.30957E+00 2.05055E-01 3.28458E-01 4.80896E-01 5.00422E-01
 6.38263E+00 2.06824E-01 3.31292E-01 4.85045E-01 5.04739E-01
 6.45654E+00 2.08585E-01 3.34112E-01 4.89174E-01 5.09036E-01
 6.53131E+00 2.10337E-01 3.36919E-01 4.93284E-01 5.13313E-01
 6.60693E+00 2.12081E-01 3.39713E-01 4.97374E-01 5.17569E-01
 6.68344E+00 2.13816E-01 3.42492E-01 5.01443E-01 5.21803E-01
 6.76083E+00 2.15543E-01 3.45257E-01 5.05492E-01 5.26016E-01
 6.83912E+00 2.17260E-01 3.48008E-01 5.09519E-01 5.30208E-01
 6.91831E+00 2.18968E-01 3.50745E-01 5.13525E-01 5.34377E-01
 6.99842E+00 2.20667E-01 3.53466E-01 5.17510E-01 5.38523E-01
 7.07946E+00 2.22357E-01 3.56173E-01 5.21473E-01 5.42647E-01
 7.16143E+00 2.24038E-01 3.58865E-01 5.25414E-01 5.46748E-01
 7.24436E+00 2.25708E-01 3.61541E-01 5.29332E-01 5.50826E-01
 7.32825E+00 2.27370E-01 3.64202E-01 5.33228E-01 5.54880E-01
 7.41310E+00 2.29021E-01 3.66848E-01 5.37102E-01 5.58910E-01
 7.49894E+00 2.30663E-01 3.69478E-01 5.40952E-01 5.62917E-01
 7.58578E+00 2.32295E-01 3.72092E-01 5.44779E-01 5.66900E-01
 7.67361E+00 2.33917E-01 3.74690E-01 5.48583E-01 5.70858E-01
 7.76247E+00 2.35529E-01 3.77272E-01 5.52364E-01 5.74792E-01
 7.85236E+00 2.37131E-01 3.79838E-01 5.56121E-01 5.78702E-01
 7.94328E+00 2.38723E-01 3.82388E-01 5.59854E-01 5.82586E-01
 8.03526E+00 2.40304E-01 3.84921E-01 5.63563E-01 5.86446E-01
 8.12831E+00 2.41876E-01 3.87438E-01 5.67249E-01 5.90281E-01
 8.22243E+00 2.43437E-01 3.89939E-01 5.70910E-01 5.94091E-01
 8.31764E+00 2.44988E-01 3.92423E-01 5.74547E-01 5.97876E-01
 8.41395E+00 2.46528E-01 3.94891E-01 5.78160E-01 6.01636E-01
 8.51138E+00 2.48059E-01 3.97342E-01 5.81748E-01 6.05370E-01
 8.60994E+00 2.49578E-01 3.99776E-01 5.85312E-01 6.09078E-01
 8.70964E+00 2.51088E-01 4.02194E-01 5.88852E-01 6.12762E-01
 8.81049E+00 2.52586E-01 4.04595E-01 5.92367E-01 6.16419E-01
 8.91251E+00 2.54075E-01 4.06979E-01 5.95857E-01 6.20051E-01
 9.01571E+00 2.55553E-01 4.09346E-01 5.99323E-01 6.23658E-01
 9.12011E+00 2.57020E-01 4.11696E-01 6.02764E-01 6.27239E-01
 9.22571E+00 2.58477E-01 4.14029E-01 6.06180E-01 6.30794E-01
 9.33254E+00 2.59923E-01 4.16346E-01 6.09572E-01 6.34323E-01
 9.44061E+00 2.61358E-01 4.18646E-01 6.12939E-01 6.37827E-01
 9.54993E+00 2.62783E-01 4.20928E-01 6.16281E-01 6.41305E-01
 9.66051E+00 2.64198E-01 4.23194E-01 6.19599E-01 6.44757E-01
 9.77237E+00 2.65602E-01 4.25443E-01 6.22891E-01 6.48183E-01
 9.88553E+00 2.66995E-01 4.27675E-01 6.26159E-01 6.51584E-01
 1.00000E+01 2.68378E-01 4.29890E-01 6.29402E-01 6.54959E-01
 1.01158E+01 2.69751E-01 4.32089E-01 6.32621E-01 6.58308E-01
 1.02329E+01 2.71113E-01 4.34270E-01 6.35815E-01 6.61631E-01
 1.03514E+01 2.72464E-01 4.36435E-01 6.38984E-01 6.64929E-01
 1.04713E+01 2.73805E-01 4.38582E-01 6.42129E-01 6.68202E-01
 1.05925E+01 2.75135E-01 4.40714E-01 6.45249E-01 6.71448E-01
 1.07152E+01 2.76455E-01 4.42828E-01 6.48344E-01 6.74670E-01
 1.08393E+01 2.77765E-01 4.44925E-01 6.51415E-01 6.77865E-01
 1.09648E+01 2.79064E-01 4.47006E-01 6.54462E-01 6.81036E-01
 1.10917E+01 2.80353E-01 4.49071E-01 6.57484E-01 6.84181E-01
 1.12202E+01 2.81631E-01 4.51118E-01 6.60482E-01 6.87300E-01
 1.13501E+01 2.82899E-01 4.53149E-01 6.63456E-01 6.90395E-01
 1.14815E+01 2.84157E-01 4.55164E-01 6.66406E-01 6.93464E-01
 1.16145E+01 2.85404E-01 4.57162E-01 6.69331E-01 6.96509E-01
 1.17490E+01 2.86641E-01 4.59144E-01 6.72232E-01 6.99528E-01
 1.18850E+01 2.87868E-01 4.61109E-01 6.75110E-01 7.02522E-01
 1.20226E+01 2.89085E-01 4.63058E-01 6.77964E-01 7.05492E-01
 1.21619E+01 2.90292E-01 4.64991E-01 6.80794E-01 7.08437E-01
 1.23027E+01 2.91488E-01 4.66908E-01 6.83600E-01 7.11357E-01
 1.24451E+01 2.92675E-01 4.68808E-01 6.86382E-01 7.14252E-01
 1.25893E+01 2.93851E-01 4.70693E-01 6.89142E-01 7.17123E-01
 1.27350E+01 2.95018E-01 4.72561E-01 6.91877E-01 7.19970E-01
 1.28825E+01 2.96174E-01 4.74414E-01 6.94590E-01 7.22793E-01
 1.30317E+01 2.97321E-01 4.76251E-01 6.97279E-01 7.25591E-01
 1.31826E+01 2.98458E-01 4.78072E-01 6.99945E-01 7.28365E-01
 1.33352E+01 2.99585E-01 4.79877E-01 7.02588E-01 7.31116E-01
 1.34896E+01 3.00702E-01 4.81667E-01 7.05208E-01 7.33842E-01
 1.36458E+01 3.01810E-01 4.83441E-01 7.07805E-01 7.36545E-01
 1.38038E+01 3.02907E-01 4.85199E-01 7.10380E-01 7.39224E-01
 1.39637E+01 3.03996E-01 4.86942E-01 7.12932E-01 7.41880E-01
 1.41254E+01 3.05074E-01 4.88670E-01 7.15462E-01 7.44513E-01
 1.42889E+01 3.06143E-01 4.90383E-01 7.17969E-01 7.47122E-01
 1.44544E+01 3.07203E-01 4.92080E-01 7.20454E-01 7.49708E-01
 1.46218E+01 3.08253E-01 4.93762E-01 7.22917E-01 7.52271E-01
 1.47911E+01 3.09294E-01 4.95429E-01 7.25358E-01 7.54811E-01
 1.49624E+01 3.10326E-01 4.97082E-01 7.27777E-01 7.57328E-01
 1.51356E+01 3.11348E-01 4.98719E-01 7.30175E-01 7.59823E-01
 1.53109E+01 3.12361E-01 5.00342E-01 7.32550E-01 7.62295E-01
 1.54882E+01 3.13365E-01 5.01950E-01 7.34905E-01 7.64745E-01
 1.56675E+01 3.14359E-01 5.03543E-01 7.37237E-01 7.67172E-01
 1.58489E+01 3.15345E-01 5.05122E-01 7.39549E-01 7.69578E-01
 1.60325E+01 3.16322E-01 5.06686E-01 7.41840E-01 7.71961E-01
 1.62181E+01 3.17290E-01 5.08236E-01 7.44109E-01 7.74323E-01
 1.64059E+01 3.18248E-01 5.09772E-01 7.46358E-01 7.76663E-01
 1.65959E+01 3.19198E-01 5.11294E-01 7.48586E-01 7.78981E-01
 1.67880E+01 3.20140E-01 5.12802E-01 7.50793E-01 7.81278E-01
 1.69824E+01 3.21072E-01 5.14295E-01 7.52980E-01 7.83554E-01
 1.71791E+01 3.21996E-01 5.15775E-01 7.55146E-01 7.85808E-01
 1.73780E+01 3.22911E-01 5.17241E-01 7.57292E-01 7.88042E-01
 1.75792E+01 3.23818E-01 5.18693E-01 7.59419E-01 7.90254E-01
 1.77828E+01 3.24716E-01 5.20132E-01 7.61525E-01 7.92446E-01
 1.79887E+01 3.25605E-01 5.21557E-01 7.63611E-01 7.94617E-01
 1.81970E+01 3.26487E-01 5.22968E-01 7.65678E-01 7.96768E-01
 1.84077E+01 3.27360E-01 5.24367E-01 7.67725E-01 7.98898E-01
 1.86209E+01 3.28224E-01 5.25752E-01 7.69753E-01 8.01008E-01
 1.88365E+01 3.29081E-01 5.27124E-01 7.71762E-01 8.03098E-01
 1.90546E+01 3.29929E-01 5.28482E-01 7.73751E-01 8.05169E-01
 1.92752E+01 3.30769E-01 5.29828E-01 7.75722E-01 8.07219E-01
 1.94984E+01 3.31601E-01 5.31161E-01 7.77673E-01 8.09250E-01
 1.97242E+01 3.32426E-01 5.32481E-01 7.79606E-01 8.11261E-01
 1.99526E+01 3.33242E-01 5.33789E-01 7.81520E-01 8.13253E-01
 2.01837E+01 3.34050E-01 5.35084E-01 7.83416E-01 8.15226E-01
 2.04174E+01 3.34851E-01 5.36366E-01 7.85294E-01 8.17180E-01
 2.06538E+01 3.35644E-01 5.37636E-01 7.87153E-01 8.19114E-01
 2.08930E+01 3.36429E-01 5.38894E-01 7.88994E-01 8.21031E-01
 2.11349E+01 3.37206E-01 5.40139E-01 7.90818E-01 8.22928E-01
 2.13796E+01 3.37976E-01 5.41372E-01 7.92623E-01 8.24807E-01
 2.16272E+01 3.38738E-01 5.42594E-01 7.94411E-01 8.26667E-01
 2.18776E+01 3.39493E-01 5.43803E-01 7.96182E-01 8.28510E-01
 2.21309E+01 3.40241E-01 5.45000E-01 7.97935E-01 8.30334E-01
 2.23872E+01 3.40981E-01 5.46186E-01 7.99671E-01 8.32141E-01
 2.26464E+01 3.41714E-01 5.47360E-01 8.01390E-01 8.33929E-01
 2.29087E+01 3.42440E-01 5.48522E-01 8.03091E-01 8.35700E-01
 2.31739E+01 3.43158E-01 5.49673E-01 8.04776E-01 8.37454E-01
 2.34423E+01 3.43870E-01 5.50813E-01 8.06445E-01 8.39190E-01
 2.37137E+01 3.44574E-01 5.51941E-01 8.08097E-01 8.40909E-01
 2.39883E+01 3.45271E-01 5.53058E-01 8.09732E-01 8.42610E-01
 2.42661E+01 3.45962E-01 5.54164E-01 8.11351E-01 8.44295E-01
 2.45471E+01 3.46645E-01 5.55259E-01 8.12954E-01 8.45963E-01
 2.48313E+01 3.47322E-01 5.56343E-01 8.14541E-01 8.47615E-01
 2.51189E+01 3.47992E-01 5.57416E-01 8.16112E-01 8.49250E-01
 2.54097E+01 3.48655E-01 5.58478E-01 8.17668E-01 8.50868E-01
 2.57040E+01 3.49312E-01 5.59530E-01 8.19207E-01 8.52470E-01
 2.60016E+01 3.49961E-01 5.60571E-01 8.20731E-01 8.54056E-01
 2.63027E+01 3.50605E-01 5.61601E-01 8.22240E-01 8.55627E-01
 2.66073E+01 3.51242E-01 5.62621E-01 8.23734E-01 8.57181E-01
 2.69153E+01 3.51872E-01 5.63631E-01 8.25212E-01 8.58719E-01
 2.72270E+01 3.52496E-01 5.64631E-01 8.26676E-01 8.60242E-01
 2.75423E+01 3.53114E-01 5.65620E-01 8.28125E-01 8.61750E-01
 2.78612E+01 3.53725E-01 5.66600E-01 8.29559E-01 8.63242E-01
 2.81838E+01 3.54331E-01 5.67569E-01 8.30978E-01 8.64719E-01
 2.85102E+01 3.54930E-01 5.68529E-01 8.32383E-01 8.66181E-01
 2.88403E+01 3.55523E-01 5.69479E-01 8.33774E-01 8.67628E-01
 2.91743E+01 3.56110E-01 5.70419E-01 8.35150E-01 8.69061E-01
 2.95121E+01 3.56691E-01 5.71349E-01 8.36513E-01 8.70478E-01
 2.98538E+01 3.57266E-01 5.72270E-01 8.37861E-01 8.71881E-01
 3.01995E+01 3.57835E-01 5.73182E-01 8.39195E-01 8.73270E-01
 3.05492E+01 3.58398E-01 5.74084E-01 8.40516E-01 8.74645E-01
 3.09030E+01 3.58955E-01 5.74977E-01 8.41824E-01 8.76005E-01
 3.12608E+01 3.59507E-01 5.75860E-01 8.43117E-01 8.77351E-01
 3.16228E+01 3.60053E-01 5.76735E-01 8.44398E-01 8.78684E-01
 3.19890E+01 3.60593E-01 5.77601E-01 8.45665E-01 8.80002E-01
 3.23594E+01 3.61128E-01 5.78457E-01 8.46919E-01 8.81307E-01
 3.27341E+01 3.61657E-01 5.79305E-01 8.48160E-01 8.82599E-01
 3.31131E+01 3.62181E-01 5.80144E-01 8.49389E-01 8.83877E-01
 3.34965E+01 3.62699E-01 5.80974E-01 8.50604E-01 8.85142E-01
 3.38844E+01 3.63212E-01 5.81796E-01 8.51807E-01 8.86394E-01
 3.42768E+01 3.63720E-01 5.82609E-01 8.52997E-01 8.87632E-01
 3.46737E+01 3.64222E-01 5.83413E-01 8.54175E-01 8.88858E-01
 3.50752E+01 3.64719E-01 5.84209E-01 8.55341E-01 8.90071E-01
 3.54813E+01 3.65211E-01 5.84997E-01 8.56494E-01 8.91272E-01
 3.58922E+01 3.65698E-01 5.85777E-01 8.57636E-01 8.92459E-01
 3.63078E+01 3.66179E-01 5.86548E-01 8.58765E-01 8.93635E-01
 3.67282E+01 3.66656E-01 5.87312E-01 8.59883E-01 8.94798E-01
 3.71535E+01 3.67127E-01 5.88067E-01 8.60989E-01 8.95949E-01
 3.75837E+01 3.67594E-01 5.88815E-01 8.62083E-01 8.97087E-01
 3.80189E+01 3.68056E-01 5.89554E-01 8.63166E-01 8.98214E-01
 3.84592E+01 3.68513E-01 5.90286E-01 8.64238E-01 8.99329E-01
 3.89045E+01 3.68965E-01 5.91010E-01 8.65298E-01 9.00432E-01
 3.93550E+01 3.69412E-01 5.91727E-01 8.66347E-01 9.01524E-01
 3.98107E+01 3.69855E-01 5.92435E-01 8.67385E-01 9.02604E-01
 4.02717E+01 3.70292E-01 5.93137E-01 8.68412E-01 9.03673E-01
 4.07380E+01 3.70726E-01 5.93831E-01 8.69428E-01 9.04730E-01
 4.12098E+01 3.71154E-01 5.94518E-01 8.70433E-01 9.05776E-01
 4.16869E+01 3.71578E-01 5.95197E-01 8.71428E-01 9.06811E-01
 4.21697E+01 3.71998E-01 5.95869E-01 8.72412E-01 9.07835E-01
 4.26580E+01 3.72413E-01 5.96534E-01 8.73386E-01 9.08849E-01
 4.31519E+01 3.72824E-01 5.97192E-01 8.74349E-01 9.09851E-01
 4.36516E+01 3.73230E-01 5.97843E-01 8.75302E-01 9.10843E-01
 4.41570E+01 3.73633E-01 5.98487E-01 8.76245E-01 9.11824E-01
 4.46684E+01 3.74030E-01 5.99124E-01 8.77178E-01 9.12795E-01
 4.51856E+01 3.74424E-01 5.99755E-01 8.78101E-01 9.13755E-01
 4.57088E+01 3.74813E-01 6.00378E-01 8.79014E-01 9.14705E-01
 4.62381E+01 3.75198E-01 6.00995E-01 8.79917E-01 9.15646E-01
 4.67735E+01 3.75580E-01 6.01606E-01 8.80811E-01 9.16576E-01
 4.73151E+01 3.75957E-01 6.02210E-01 8.81695E-01 9.17496E-01
 4.78630E+01 3.76330E-01 6.02807E-01 8.82570E-01 9.18406E-01
 4.84172E+01 3.76698E-01 6.03398E-01 8.83435E-01 9.19306E-01
 4.89779E+01 3.77063E-01 6.03983E-01 8.84291E-01 9.20197E-01
 4.95450E+01 3.77425E-01 6.04561E-01 8.85138E-01 9.21078E-01
 5.01187E+01 3.77782E-01 6.05133E-01 8.85976E-01 9.21950E-01
 5.06991E+01 3.78135E-01 6.05699E-01 8.86805E-01 9.22812E-01
 5.12861E+01 3.78485E-01 6.06259E-01 8.87624E-01 9.23665E-01
 5.18800E+01 3.78831E-01 6.06813E-01 8.88435E-01 9.24509E-01
 5.24807E+01 3.79173E-01 6.07361E-01 8.89238E-01 9.25344E-01
 5.30884E+01 3.79511E-01 6.07903E-01 8.90031E-01 9.26170E-01
 5.37032E+01 3.79846E-01 6.08439E-01 8.90816E-01 9.26987E-01
 5.43250E+01 3.80177E-01 6.08970E-01 8.91593E-01 9.27795E-01
 5.49541E+01 3.80504E-01 6.09495E-01 8.92361E-01 9.28594E-01
 5.55904E+01 3.80828E-01 6.10014E-01 8.93121E-01 9.29385E-01
 5.62341E+01 3.81149E-01 6.10527E-01 8.93873E-01 9.30167E-01
 5.68853E+01 3.81466E-01 6.11035E-01 8.94616E-01 9.30941E-01
 5.75440E+01 3.81780E-01 6.11537E-01 8.95352E-01 9.31706E-01
 5.82103E+01 3.82090E-01 6.12034E-01 8.96079E-01 9.32463E-01
 5.88844E+01 3.82397E-01 6.12526E-01 8.96799E-01 9.33212E-01
 5.95662E+01 3.82700E-01 6.13012E-01 8.97510E-01 9.33953E-01
 6.02560E+01 3.83000E-01 6.13493E-01 8.98214E-01 9.34686E-01
 6.09537E+01 3.83297E-01 6.13968E-01 8.98911E-01 9.35410E-01
 6.16595E+01 3.83591E-01 6.14439E-01 8.99600E-01 9.36127E-01
 6.23735E+01 3.83882E-01 6.14904E-01 9.00281E-01 9.36836E-01
 6.30957E+01 3.84169E-01 6.15364E-01 9.00955E-01 9.37537E-01
 6.38263E+01 3.84453E-01 6.15820E-01 9.01621E-01 9.38231E-01
 6.45654E+01 3.84734E-01 6.16270E-01 9.02281E-01 9.38917E-01
 6.53131E+01 3.85012E-01 6.16715E-01 9.02933E-01 9.39596E-01
 6.60693E+01 3.85287E-01 6.17156E-01 9.03578E-01 9.40267E-01
 6.68344E+01 3.85559E-01 6.17592E-01 9.04216E-01 9.40931E-01
 6.76083E+01 3.85828E-01 6.18023E-01 9.04847E-01 9.41587E-01
 6.83912E+01 3.86095E-01 6.18449E-01 9.05471E-01 9.42237E-01
 6.91831E+01 3.86358E-01 6.18870E-01 9.06088E-01 9.42879E-01
 6.99842E+01 3.86618E-01 6.19287E-01 9.06699E-01 9.43514E-01
 7.07946E+01 3.86876E-01 6.19700E-01 9.07302E-01 9.44143E-01
 7.16143E+01 3.87130E-01 6.20108E-01 9.07900E-01 9.44764E-01
 7.24436E+01 3.87382E-01 6.20511E-01 9.08490E-01 9.45379E-01
 7.32825E+01 3.87631E-01 6.20910E-01 9.09074E-01 9.45987E-01
 7.41310E+01 3.87877E-01 6.21305E-01 9.09652E-01 9.46588E-01
 7.49894E+01 3.88121E-01 6.21695E-01 9.10224E-01 9.47182E-01
 7.58578E+01 3.88362E-01 6.22081E-01 9.10789E-01 9.47770E-01
 7.67361E+01 3.88600E-01 6.22463E-01 9.11348E-01 9.48352E-01
 7.76247E+01 3.88836E-01 6.22840E-01 9.11901E-01 9.48927E-01
 7.85236E+01 3.89069E-01 6.23214E-01 9.12447E-01 9.49496E-01
 7.94328E+01 3.89300E-01 6.23583E-01 9.12988E-01 9.50059E-01
 8.03526E+01 3.89528E-01 6.23948E-01 9.13523E-01 9.50615E-01
 8.12831E+01 3.89753E-01 6.24309E-01 9.14052E-01 9.51166E-01
 8.22243E+01 3.89976E-01 6.24667E-01 9.14575E-01 9.51710E-01
 8.31764E+01 3.90197E-01 6.25020E-01 9.15092E-01 9.52248E-01
 8.41395E+01 3.90415E-01 6.25369E-01 9.15603E-01 9.52781E-01
 8.51138E+01 3.90631E-01 6.25715E-01 9.16109E-01 9.53307E-01
 8.60994E+01 3.90844E-01 6.26057E-01 9.16610E-01 9.53828E-01
 8.70964E+01 3.91055E-01 6.26395E-01 9.17104E-01 9.54342E-01
 8.81049E+01 3.91264E-01 6.26729E-01 9.17594E-01 9.54852E-01
 8.91251E+01 3.91470E-01 6.27059E-01 9.18078E-01 9.55355E-01
 9.01571E+01 3.91674E-01 6.27386E-01 9.18556E-01 9.55853E-01
 9.12011E+01 3.91876E-01 6.27709E-01 9.19029E-01 9.56346E-01
 9.22571E+01 3.92076E-01 6.28029E-01 9.19497E-01 9.56833E-01
 9.33254E+01 3.92273E-01 6.28345E-01 9.19960E-01 9.57314E-01
 9.44061E+01 3.92468E-01 6.28658E-01 9.20418E-01 9.57791E-01
 9.54993E+01 3.92661E-01 6.28967E-01 9.20871E-01 9.58262E-01
 9.66051E+01 3.92852E-01 6.29273E-01 9.21318E-01 9.58728E-01
 9.77237E+01 3.93041E-01 6.29575E-01 9.21761E-01 9.59188E-01
 9.88553E+01 3.93227E-01 6.29874E-01 9.22199E-01 9.59644E-01
 1.00000E+02 3.93412E-01 6.30170E-01 9.22632E-01 9.60094E-01
