 1.00000E-02 6.86531E-02 9.40086E-02 1.25958E-01 1.30024E-01
 2.00000E-02 6.95128E-02 9.58068E-02 1.27889E-01 1.32240E-01
 3.00000E-02 7.04808E-02 9.71954E-02 1.30124E-01 1.34533E-01
 4.00000E-02 7.13195E-02 9.84915E-02 1.32060E-01 1.36658E-01
 5.00000E-02 7.21627E-02 9.97455E-02 1.34075E-01 1.38739E-01
 6.00000E-02 7.29586E-02 1.00963E-01 1.36028E-01 1.40810E-01
 7.00000E-02 7.37297E-02 1.02180E-01 1.37943E-01 1.42860E-01
 8.00000E-02 7.44797E-02 1.03342E-01 1.39825E-01 1.44876E-01
 9.00000E-02 7.52073E-02 1.04488E-01 1.41711E-01 1.46883E-01
 1.00000E-01 7.59107E-02 1.05594E-01 1.43554E-01 1.48862E-01
 1.10000E-01 7.65880E-02 1.06674E-01 1.45386E-01 1.50838E-01
 1.20000E-01 7.72410E-02 1.07732E-01 1.47189E-01 1.52792E-01
 1.30000E-01 7.78767E-02 1.08761E-01 1.48975E-01 1.54730E-01
 1.40000E-01 7.84870E-02 1.09763E-01 1.50746E-01 1.56653E-01
 1.50000E-01 7.90764E-02 1.10745E-01 1.52501E-01 1.58575E-01
 1.60000E-01 7.96478E-02 1.11699E-01 1.54238E-01 1.60478E-01
 1.70000E-01 8.01979E-02 1.12624E-01 1.55956E-01 1.62381E-01
 1.80000E-01 8.07282E-02 1.13534E-01 1.57668E-01 1.64273E-01
 1.90000E-01 8.12394E-02 1.14414E-01 1.59362E-01 1.66160E-01
 2.00000E-01 8.17319E-02 1.15276E-01 1.61043E-01 1.68044E-01
 2.10000E-01 8.22057E-02 1.16115E-01 1.62714E-01 1.69925E-01
 2.20000E-01 8.26648E-02 1.16933E-01 1.64376E-01 1.71806E-01
 2.30000E-01 8.31052E-02 1.17729E-01 1.66028E-01 1.73689E-01
 2.40000E-01 8.35291E-02 1.18506E-01 1.67671E-01 1.75576E-01
 2.50000E-01 8.39373E-02 1.19263E-01 1.69303E-01 1.77465E-01
 2.60000E-01 8.43301E-02 1.20001E-01 1.70929E-01 1.79360E-01
 2.70000E-01 8.47065E-02 1.20719E-01 1.72545E-01 1.81263E-01
 2.80000E-01 8.50694E-02 1.21419E-01 1.74156E-01 1.83172E-01
 2.90000E-01 8.54180E-02 1.22102E-01 1.75759E-01 1.85096E-01
 3.00000E-01 8.57523E-02 1.22766E-01 1.77353E-01 1.87028E-01
 3.10000E-01 8.60729E-02 1.23414E-01 1.78941E-01 1.88974E-01
 3.20000E-01 8.63803E-02 1.24044E-01 1.80523E-01 1.90936E-01
 3.30000E-01 8.66747E-02 1.24659E-01 1.82097E-01 1.92915E-01
 3.40000E-01 8.69564E-02 1.25256E-01 1.83663E-01 1.94911E-01
 3.50000E-01 8.72256E-02 1.25838E-01 1.85221E-01 1.96927E-01
 3.60000E-01 8.74841E-02 1.26405E-01 1.86770E-01 1.98962E-01
 3.70000E-01 8.77304E-02 1.26956E-01 1.88312E-01 2.01021E-01
 3.80000E-01 8.79646E-02 1.27491E-01 1.89843E-01 2.03104E-01
 3.90000E-01 8.81890E-02 1.28012E-01 1.91363E-01 2.05212E-01
 4.00000E-01 8.84017E-02 1.28518E-01 1.92874E-01 2.07346E-01
 4.10000E-01 8.86044E-02 1.29009E-01 1.94371E-01 2.09507E-01
 4.20000E-01 8.87961E-02 1.29487E-01 1.95858E-01 2.11695E-01
 4.30000E-01 8.89787E-02 1.29951E-01 1.97329E-01 2.13912E-01
 4.40000E-01 8.91507E-02 1.30401E-01 1.98788E-01 2.16157E-01
 4.50000E-01 8.93133E-02 1.30837E-01 2.00229E-01 2.18427E-01
 4.60000E-01 8.94669E-02 1.31260E-01 2.01657E-01 2.20721E-01
 4.70000E-01 8.96109E-02 1.31669E-01 2.03066E-01 2.23033E-01
 4.80000E-01 8.97458E-02 1.32065E-01 2.04460E-01 2.25354E-01
 4.90000E-01 8.98718E-02 1.32449E-01 2.05834E-01 2.27677E-01
 5.00000E-01 8.99896E-02 1.32821E-01 2.07191E-01 2.29990E-01
 5.10000E-01 9.00990E-02 1.33178E-01 2.08526E-01 2.32285E-01
 5.20000E-01 9.02001E-02 1.33525E-01 2.09844E-01 2.34555E-01
 5.30000E-01 9.02930E-02 1.33859E-01 2.11139E-01 2.36794E-01
 5.40000E-01 9.03780E-02 1.34180E-01 2.12415E-01 2.39001E-01
 5.50000E-01 9.04552E-02 1.34490E-01 2.13668E-01 2.41170E-01
 5.60000E-01 9.05246E-02 1.34788E-01 2.14902E-01 2.43302E-01
 5.70000E-01 9.05868E-02 1.35074E-01 2.16111E-01 2.45396E-01
 5.80000E-01 9.06420E-02 1.35349E-01 2.17301E-01 2.47450E-01
 5.90000E-01 9.06899E-02 1.35612E-01 2.18466E-01 2.49464E-01
 6.00000E-01 9.07306E-02 1.35864E-01 2.19612E-01 2.51438E-01
 6.10000E-01 9.07643E-02 1.36105E-01 2.20732E-01 2.53373E-01
 6.20000E-01 9.07912E-02 1.36336E-01 2.21832E-01 2.55269E-01
 6.30000E-01 9.08120E-02 1.36555E-01 2.22908E-01 2.57126E-01
 6.40000E-01 9.08261E-02 1.36763E-01 2.23961E-01 2.58943E-01
 6.50000E-01 9.08334E-02 1.36962E-01 2.24993E-01 2.60723E-01
 6.60000E-01 9.08352E-02 1.37150E-01 2.26001E-01 2.62464E-01
 6.70000E-01 9.08306E-02 1.37327E-01 2.26987E-01 2.64168E-01
 6.80000E-01 9.08197E-02 1.37495E-01 2.27951E-01 2.65835E-01
 6.90000E-01 9.08036E-02 1.37652E-01 2.28892E-01 2.67466E-01
 7.00000E-01 9.07811E-02 1.37800E-01 2.29812E-01 2.69061E-01
 7.10000E-01 9.07535E-02 1.37938E-01 2.30709E-01 2.70620E-01
 7.20000E-01 9.07200E-02 1.38067E-01 2.31585E-01 2.72145E-01
 7.30000E-01 9.06814E-02 1.38185E-01 2.32439E-01 2.73635E-01
 7.40000E-01 9.06372E-02 1.38296E-01 2.33271E-01 2.75091E-01
 7.50000E-01 9.05881E-02 1.38396E-01 2.34083E-01 2.76513E-01
 7.60000E-01 9.05336E-02 1.38487E-01 2.34874E-01 2.77903E-01
 7.70000E-01 9.04745E-02 1.38570E-01 2.35642E-01 2.79261E-01
 7.80000E-01 9.04100E-02 1.38644E-01 2.36392E-01 2.80588E-01
 7.90000E-01 9.03414E-02 1.38710E-01 2.37121E-01 2.81883E-01
 8.00000E-01 9.02677E-02 1.38766E-01 2.37829E-01 2.83147E-01
 8.10000E-01 9.01894E-02 1.38815E-01 2.38518E-01 2.84381E-01
 8.20000E-01 9.01069E-02 1.38855E-01 2.39187E-01 2.85585E-01
 8.30000E-01 9.00197E-02 1.38887E-01 2.39836E-01 2.86761E-01
 8.40000E-01 8.99283E-02 1.38912E-01 2.40467E-01 2.87908E-01
 8.50000E-01 8.98329E-02 1.38928E-01 2.41078E-01 2.89026E-01
 8.60000E-01 8.97332E-02 1.38937E-01 2.41671E-01 2.90115E-01
 8.70000E-01 8.96293E-02 1.38937E-01 2.42246E-01 2.91177E-01
 8.80000E-01 8.95219E-02 1.38931E-01 2.42801E-01 2.92215E-01
 8.90000E-01 8.94105E-02 1.38917E-01 2.43341E-01 2.93225E-01
 9.00000E-01 8.92951E-02 1.38896E-01 2.43861E-01 2.94209E-01
 9.10000E-01 8.91761E-02 1.38869E-01 2.44364E-01 2.95166E-01
 9.20000E-01 8.90539E-02 1.38834E-01 2.44851E-01 2.96098E-01
 9.30000E-01 8.89280E-02 1.38792E-01 2.45320E-01 2.97008E-01
 9.40000E-01 8.87985E-02 1.38744E-01 2.45772E-01 2.97892E-01
 9.50000E-01 8.86656E-02 1.38689E-01 2.46209E-01 2.98753E-01
 9.60000E-01 8.85294E-02 1.38627E-01 2.46628E-01 2.99589E-01
 9.70000E-01 8.83904E-02 1.38559E-01 2.47033E-01 3.00402E-01
 9.80000E-01 8.82482E-02 1.38485E-01 2.47422E-01 3.01193E-01
 9.90000E-01 8.81028E-02 1.38405E-01 2.47793E-01 3.01963E-01
 1.00000E+00 8.79544E-02 1.38318E-01 2.48152E-01 3.02710E-01
 1.01158E+00 8.77788E-02 1.38211E-01 2.48548E-01 3.03547E-01
 1.02329E+00 8.75977E-02 1.38094E-01 2.48927E-01 3.04364E-01
 1.03514E+00 8.74106E-02 1.37969E-01 2.49292E-01 3.05165E-01
 1.04713E+00 8.72174E-02 1.37834E-01 2.49641E-01 3.05945E-01
 1.05925E+00 8.70182E-02 1.37690E-01 2.49973E-01 3.06704E-01
 1.07152E+00 8.68132E-02 1.37536E-01 2.50287E-01 3.07441E-01
 1.08393E+00 8.66020E-02 1.37372E-01 2.50587E-01 3.08161E-01
 1.09648E+00 8.63844E-02 1.37199E-01 2.50869E-01 3.08859E-01
 1.10917E+00 8.61612E-02 1.37017E-01 2.51133E-01 3.09535E-01
 1.12202E+00 8.59317E-02 1.36824E-01 2.51380E-01 3.10188E-01
 1.13501E+00 8.56958E-02 1.36621E-01 2.51609E-01 3.10822E-01
 1.14815E+00 8.54539E-02 1.36408E-01 2.51821E-01 3.11433E-01
 1.16145E+00 8.52058E-02 1.36185E-01 2.52014E-01 3.12021E-01
 1.17490E+00 8.49513E-02 1.35952E-01 2.52189E-01 3.12586E-01
 1.18850E+00 8.46905E-02 1.35708E-01 2.52344E-01 3.13130E-01
 1.20226E+00 8.44237E-02 1.35454E-01 2.52482E-01 3.13650E-01
 1.21619E+00 8.41504E-02 1.35190E-01 2.52600E-01 3.14145E-01
 1.23027E+00 8.38706E-02 1.34915E-01 2.52699E-01 3.14617E-01
 1.24451E+00 8.35850E-02 1.34630E-01 2.52779E-01 3.15067E-01
 1.25893E+00 8.32929E-02 1.34334E-01 2.52838E-01 3.15492E-01
 1.27350E+00 8.29943E-02 1.34027E-01 2.52878E-01 3.15891E-01
 1.28825E+00 8.26897E-02 1.33710E-01 2.52899E-01 3.16267E-01
 1.30317E+00 8.23788E-02 1.33382E-01 2.52899E-01 3.16618E-01
 1.31826E+00 8.20613E-02 1.33044E-01 2.52878E-01 3.16944E-01
 1.33352E+00 8.17378E-02 1.32694E-01 2.52837E-01 3.17243E-01
 1.34896E+00 8.14081E-02 1.32334E-01 2.52775E-01 3.17520E-01
 1.36458E+00 8.10720E-02 1.31964E-01 2.52693E-01 3.17769E-01
 1.38038E+00 8.07297E-02 1.31582E-01 2.52590E-01 3.17992E-01
 1.39637E+00 8.03814E-02 1.31189E-01 2.52466E-01 3.18190E-01
 1.41254E+00 8.00268E-02 1.30786E-01 2.52321E-01 3.18363E-01
 1.42889E+00 7.96659E-02 1.30372E-01 2.52154E-01 3.18508E-01
 1.44544E+00 7.92993E-02 1.29947E-01 2.51966E-01 3.18626E-01
 1.46218E+00 7.89265E-02 1.29511E-01 2.51756E-01 3.18719E-01
 1.47911E+00 7.85475E-02 1.29065E-01 2.51525E-01 3.18785E-01
 1.49624E+00 7.81628E-02 1.28607E-01 2.51273E-01 3.18822E-01
 1.51356E+00 7.77722E-02 1.28139E-01 2.50999E-01 3.18834E-01
 1.53109E+00 7.73755E-02 1.27661E-01 2.50703E-01 3.18819E-01
 1.54882E+00 7.69731E-02 1.27171E-01 2.50385E-01 3.18776E-01
 1.56675E+00 7.65651E-02 1.26672E-01 2.50045E-01 3.18706E-01
 1.58489E+00 7.61512E-02 1.26161E-01 2.49683E-01 3.18609E-01
 1.60325E+00 7.57316E-02 1.25640E-01 2.49299E-01 3.18484E-01
 1.62181E+00 7.53067E-02 1.25109E-01 2.48894E-01 3.18331E-01
 1.64059E+00 7.48762E-02 1.24567E-01 2.48466E-01 3.18152E-01
 1.65959E+00 7.44402E-02 1.24015E-01 2.48017E-01 3.17944E-01
 1.67880E+00 7.39990E-02 1.23453E-01 2.47546E-01 3.17708E-01
 1.69824E+00 7.35526E-02 1.22881E-01 2.47053E-01 3.17446E-01
 1.71791E+00 7.31008E-02 1.22298E-01 2.46537E-01 3.17155E-01
 1.73780E+00 7.26440E-02 1.21706E-01 2.46000E-01 3.16836E-01
 1.75792E+00 7.21824E-02 1.21104E-01 2.45441E-01 3.16490E-01
 1.77828E+00 7.17157E-02 1.20492E-01 2.44860E-01 3.16117E-01
 1.79887E+00 7.12441E-02 1.19870E-01 2.44257E-01 3.15714E-01
 1.81970E+00 7.07681E-02 1.19239E-01 2.43633E-01 3.15285E-01
 1.84077E+00 7.02873E-02 1.18599E-01 2.42987E-01 3.14828E-01
 1.86209E+00 6.98020E-02 1.17949E-01 2.42320E-01 3.14343E-01
 1.88365E+00 6.93123E-02 1.17290E-01 2.41631E-01 3.13831E-01
 1.90546E+00 6.88185E-02 1.16623E-01 2.40922E-01 3.13292E-01
 1.92752E+00 6.83203E-02 1.15946E-01 2.40191E-01 3.12724E-01
 1.94984E+00 6.78180E-02 1.15261E-01 2.39439E-01 3.12130E-01
 1.97242E+00 6.73121E-02 1.14567E-01 2.38666E-01 3.11509E-01
 1.99526E+00 6.68022E-02 1.13865E-01 2.37872E-01 3.10860E-01
 2.01837E+00 6.62885E-02 1.13155E-01 2.37058E-01 3.10184E-01
 2.04174E+00 6.57713E-02 1.12436E-01 2.36223E-01 3.09482E-01
 2.06538E+00 6.52508E-02 1.11710E-01 2.35368E-01 3.08753E-01
 2.08930E+00 6.47269E-02 1.10976E-01 2.34492E-01 3.07997E-01
 2.11349E+00 6.41997E-02 1.10235E-01 2.33597E-01 3.07216E-01
 2.13796E+00 6.36696E-02 1.09486E-01 2.32683E-01 3.06408E-01
 2.16272E+00 6.31367E-02 1.08730E-01 2.31749E-01 3.05573E-01
 2.18776E+00 6.26008E-02 1.07967E-01 2.30795E-01 3.04714E-01
 2.21309E+00 6.20623E-02 1.07197E-01 2.29823E-01 3.03829E-01
 2.23872E+00 6.15214E-02 1.06421E-01 2.28832E-01 3.02917E-01
 2.26464E+00 6.09782E-02 1.05639E-01 2.27823E-01 3.01983E-01
 2.29087E+00 6.04326E-02 1.04851E-01 2.26796E-01 3.01022E-01
 2.31739E+00 5.98850E-02 1.04056E-01 2.25750E-01 3.00036E-01
 2.34423E+00 5.93356E-02 1.03256E-01 2.24687E-01 2.99027E-01
 2.37137E+00 5.87844E-02 1.02450E-01 2.23606E-01 2.97993E-01
 2.39883E+00 5.82314E-02 1.01639E-01 2.22509E-01 2.96935E-01
 2.42661E+00 5.76770E-02 1.00823E-01 2.21394E-01 2.95855E-01
 2.45471E+00 5.71213E-02 1.00003E-01 2.20263E-01 2.94751E-01
 2.48313E+00 5.65645E-02 9.91777E-02 2.19116E-01 2.93624E-01
 2.51189E+00 5.60065E-02 9.83480E-02 2.17953E-01 2.92475E-01
 2.54097E+00 5.54476E-02 9.75142E-02 2.16774E-01 2.91303E-01
 2.57040E+00 5.48881E-02 9.66768E-02 2.15580E-01 2.90109E-01
 2.60016E+00 5.43280E-02 9.58356E-02 2.14371E-01 2.88895E-01
 2.63027E+00 5.37674E-02 9.49909E-02 2.13148E-01 2.87658E-01
 2.66073E+00 5.32065E-02 9.41432E-02 2.11911E-01 2.86401E-01
 2.69153E+00 5.26454E-02 9.32926E-02 2.10660E-01 2.85124E-01
 2.72270E+00 5.20844E-02 9.24392E-02 2.09395E-01 2.83827E-01
 2.75423E+00 5.15235E-02 9.15832E-02 2.08118E-01 2.82509E-01
 2.78612E+00 5.09629E-02 9.07253E-02 2.06827E-01 2.81174E-01
 2.81838E+00 5.04026E-02 8.98655E-02 2.05525E-01 2.79818E-01
 2.85102E+00 4.98431E-02 8.90038E-02 2.04211E-01 2.78444E-01
 2.88403E+00 4.92842E-02 8.81404E-02 2.02885E-01 2.77053E-01
 2.91743E+00 4.87262E-02 8.72762E-02 2.01548E-01 2.75644E-01
 2.95121E+00 4.81692E-02 8.64108E-02 2.00200E-01 2.74218E-01
 2.98538E+00 4.76132E-02 8.55446E-02 1.98842E-01 2.72775E-01
 3.01995E+00 4.70587E-02 8.46778E-02 1.97475E-01 2.71316E-01
 3.05492E+00 4.65055E-02 8.38110E-02 1.96098E-01 2.69841E-01
 3.09030E+00 4.59538E-02 8.29440E-02 1.94711E-01 2.68351E-01
 3.12608E+00 4.54038E-02 8.20771E-02 1.93317E-01 2.66845E-01
 3.16228E+00 4.48555E-02 8.12105E-02 1.91914E-01 2.65327E-01
 3.19890E+00 4.43093E-02 8.03448E-02 1.90503E-01 2.63793E-01
 3.23594E+00 4.37651E-02 7.94800E-02 1.89085E-01 2.62246E-01
 3.27341E+00 4.32230E-02 7.86160E-02 1.87659E-01 2.60687E-01
 3.31131E+00 4.26832E-02 7.77533E-02 1.86228E-01 2.59114E-01
 3.34965E+00 4.21457E-02 7.68924E-02 1.84790E-01 2.57529E-01
 3.38844E+00 4.16109E-02 7.60332E-02 1.83346E-01 2.55934E-01
 3.42768E+00 4.10787E-02 7.51758E-02 1.81897E-01 2.54327E-01
 3.46737E+00 4.05492E-02 7.43205E-02 1.80444E-01 2.52710E-01
 3.50752E+00 4.00225E-02 7.34677E-02 1.78986E-01 2.51083E-01
 3.54813E+00 3.94987E-02 7.26175E-02 1.77523E-01 2.49445E-01
 3.58922E+00 3.89781E-02 7.17699E-02 1.76058E-01 2.47799E-01
 3.63078E+00 3.84606E-02 7.09252E-02 1.74589E-01 2.46145E-01
 3.67282E+00 3.79463E-02 7.00838E-02 1.73117E-01 2.44482E-01
 3.71535E+00 3.74353E-02 6.92458E-02 1.71643E-01 2.42812E-01
 3.75837E+00 3.69277E-02 6.84112E-02 1.70166E-01 2.41135E-01
 3.80189E+00 3.64235E-02 6.75802E-02 1.68689E-01 2.39450E-01
 3.84592E+00 3.59231E-02 6.67531E-02 1.67210E-01 2.37760E-01
 3.89045E+00 3.54262E-02 6.59301E-02 1.65730E-01 2.36064E-01
 3.93550E+00 3.49331E-02 6.51112E-02 1.64250E-01 2.34363E-01
 3.98107E+00 3.44437E-02 6.42966E-02 1.62769E-01 2.32658E-01
 4.02717E+00 3.39582E-02 6.34865E-02 1.61289E-01 2.30948E-01
 4.07380E+00 3.34767E-02 6.26812E-02 1.59810E-01 2.29234E-01
 4.12098E+00 3.29992E-02 6.18806E-02 1.58332E-01 2.27517E-01
 4.16869E+00 3.25257E-02 6.10848E-02 1.56855E-01 2.25797E-01
 4.21697E+00 3.20562E-02 6.02940E-02 1.55380E-01 2.24075E-01
 4.26580E+00 3.15910E-02 5.95086E-02 1.53908E-01 2.22351E-01
 4.31519E+00 3.11299E-02 5.87285E-02 1.52437E-01 2.20625E-01
 4.36516E+00 3.06731E-02 5.79537E-02 1.50970E-01 2.18899E-01
 4.41570E+00 3.02207E-02 5.71844E-02 1.49505E-01 2.17172E-01
 4.46684E+00 2.97725E-02 5.64209E-02 1.48045E-01 2.15444E-01
 4.51856E+00 2.93287E-02 5.56631E-02 1.46587E-01 2.13717E-01
 4.57088E+00 2.88893E-02 5.49110E-02 1.45134E-01 2.11991E-01
 4.62381E+00 2.84543E-02 5.41649E-02 1.43686E-01 2.10265E-01
 4.67735E+00 2.80238E-02 5.34249E-02 1.42242E-01 2.08542E-01
 4.73151E+00 2.75978E-02 5.26910E-02 1.40802E-01 2.06819E-01
 4.78630E+00 2.71762E-02 5.19632E-02 1.39369E-01 2.05100E-01
 4.84172E+00 2.67592E-02 5.12416E-02 1.37940E-01 2.03383E-01
 4.89779E+00 2.63467E-02 5.05264E-02 1.36518E-01 2.01668E-01
 4.95450E+00 2.59388E-02 4.98177E-02 1.35101E-01 1.99958E-01
 5.01187E+00 2.55355E-02 4.91153E-02 1.33691E-01 1.98251E-01
 5.06991E+00 2.51367E-02 4.84194E-02 1.32287E-01 1.96547E-01
 5.12861E+00 2.47425E-02 4.77300E-02 1.30890E-01 1.94849E-01
 5.18800E+00 2.43528E-02 4.70473E-02 1.29500E-01 1.93155E-01
 5.24807E+00 2.39678E-02 4.63712E-02 1.28117E-01 1.91466E-01
 5.30884E+00 2.35872E-02 4.57018E-02 1.26741E-01 1.89783E-01
 5.37032E+00 2.32114E-02 4.50390E-02 1.25373E-01 1.88104E-01
 5.43250E+00 2.28400E-02 4.43830E-02 1.24012E-01 1.86433E-01
 5.49541E+00 2.24733E-02 4.37338E-02 1.22660E-01 1.84767E-01
 5.55904E+00 2.21110E-02 4.30913E-02 1.21315E-01 1.83108E-01
 5.62341E+00 2.17533E-02 4.24555E-02 1.19979E-01 1.81455E-01
 5.68853E+00 2.14001E-02 4.18266E-02 1.18651E-01 1.79810E-01
 5.75440E+00 2.10515E-02 4.12045E-02 1.17331E-01 1.78171E-01
 5.82103E+00 2.07073E-02 4.05892E-02 1.16020E-01 1.76541E-01
 5.88844E+00 2.03676E-02 3.99807E-02 1.14718E-01 1.74917E-01
 5.95662E+00 2.00324E-02 3.93790E-02 1.13425E-01 1.73302E-01
 6.02560E+00 1.97015E-02 3.87841E-02 1.12141E-01 1.71695E-01
 6.09537E+00 1.93751E-02 3.81961E-02 1.10866E-01 1.70096E-01
 6.16595E+00 1.90531E-02 3.76148E-02 1.09601E-01 1.68506E-01
 6.23735E+00 1.87354E-02 3.70402E-02 1.08344E-01 1.66923E-01
 6.30957E+00 1.84220E-02 3.64725E-02 1.07097E-01 1.65351E-01
 6.38263E+00 1.81130E-02 3.59115E-02 1.05860E-01 1.63787E-01
 6.45654E+00 1.78082E-02 3.53572E-02 1.04632E-01 1.62232E-01
 6.53131E+00 1.75077E-02 3.48096E-02 1.03414E-01 1.60687E-01
 6.60693E+00 1.72113E-02 3.42687E-02 1.02206E-01 1.59150E-01
 6.68344E+00 1.69192E-02 3.37344E-02 1.01007E-01 1.57624E-01
 6.76083E+00 1.66311E-02 3.32067E-02 9.98182E-02 1.56107E-01
 6.83912E+00 1.63472E-02 3.26857E-02 9.86391E-02 1.54600E-01
 6.91831E+00 1.60674E-02 3.21711E-02 9.74700E-02 1.53103E-01
 6.99842E+00 1.57916E-02 3.16630E-02 9.63108E-02 1.51616E-01
 7.07946E+00 1.55198E-02 3.11615E-02 9.51615E-02 1.50139E-01
 7.16143E+00 1.52520E-02 3.06663E-02 9.40221E-02 1.48672E-01
 7.24436E+00 1.49881E-02 3.01776E-02 9.28928E-02 1.47215E-01
 7.32825E+00 1.47281E-02 2.96952E-02 9.17735E-02 1.45768E-01
 7.41310E+00 1.44719E-02 2.92191E-02 9.06641E-02 1.44332E-01
 7.49894E+00 1.42196E-02 2.87493E-02 8.95648E-02 1.42906E-01
 7.58578E+00 1.39711E-02 2.82857E-02 8.84755E-02 1.41491E-01
 7.67361E+00 1.37262E-02 2.78283E-02 8.73963E-02 1.40086E-01
 7.76247E+00 1.34851E-02 2.73770E-02 8.63270E-02 1.38692E-01
 7.85236E+00 1.32477E-02 2.69317E-02 8.52678E-02 1.37308E-01
 7.94328E+00 1.30138E-02 2.64925E-02 8.42185E-02 1.35935E-01
 8.03526E+00 1.27836E-02 2.60593E-02 8.31792E-02 1.34573E-01
 8.12831E+00 1.25569E-02 2.56320E-02 8.21498E-02 1.33221E-01
 8.22243E+00 1.23337E-02 2.52106E-02 8.11303E-02 1.31880E-01
 8.31764E+00 1.21139E-02 2.47950E-02 8.01207E-02 1.30549E-01
 8.41395E+00 1.18976E-02 2.43852E-02 7.91209E-02 1.29229E-01
 8.51138E+00 1.16847E-02 2.39810E-02 7.81310E-02 1.27920E-01
 8.60994E+00 1.14751E-02 2.35826E-02 7.71508E-02 1.26621E-01
 8.70964E+00 1.12688E-02 2.31897E-02 7.61803E-02 1.25333E-01
 8.81049E+00 1.10658E-02 2.28025E-02 7.52196E-02 1.24056E-01
 8.91251E+00 1.08660E-02 2.24207E-02 7.42685E-02 1.22789E-01
 9.01571E+00 1.06694E-02 2.20444E-02 7.33271E-02 1.21533E-01
 9.12011E+00 1.04759E-02 2.16735E-02 7.23953E-02 1.20287E-01
 9.22571E+00 1.02855E-02 2.13079E-02 7.14730E-02 1.19052E-01
 9.33254E+00 1.00982E-02 2.09476E-02 7.05602E-02 1.17828E-01
 9.44061E+00 9.91393E-03 2.05925E-02 6.96568E-02 1.16614E-01
 9.54993E+00 9.73265E-03 2.02426E-02 6.87628E-02 1.15410E-01
 9.66051E+00 9.55431E-03 1.98978E-02 6.78781E-02 1.14217E-01
 9.77237E+00 9.37889E-03 1.95581E-02 6.70026E-02 1.13034E-01
 9.88553E+00 9.20634E-03 1.92234E-02 6.61364E-02 1.11861E-01
 1.00000E+01 9.03662E-03 1.88937E-02 6.52793E-02 1.10699E-01
 1.01158E+01 8.86971E-03 1.85688E-02 6.44313E-02 1.09547E-01
 1.02329E+01 8.70555E-03 1.82489E-02 6.35923E-02 1.08405E-01
 1.03514E+01 8.54412E-03 1.79337E-02 6.27624E-02 1.07274E-01
 1.04713E+01 8.38537E-03 1.76232E-02 6.19413E-02 1.06152E-01
 1.05925E+01 8.22929E-03 1.73174E-02 6.11292E-02 1.05041E-01
 1.07152E+01 8.07581E-03 1.70162E-02 6.03258E-02 1.03939E-01
 1.08393E+01 7.92492E-03 1.67197E-02 5.95312E-02 1.02847E-01
 1.09648E+01 7.77656E-03 1.64276E-02 5.87453E-02 1.01766E-01
 1.10917E+01 7.63072E-03 1.61400E-02 5.79680E-02 1.00694E-01
 1.12202E+01 7.48734E-03 1.58568E-02 5.71992E-02 9.96319E-02
 1.13501E+01 7.34640E-03 1.55780E-02 5.64390E-02 9.85795E-02
 1.14815E+01 7.20786E-03 1.53035E-02 5.56871E-02 9.75369E-02
 1.16145E+01 7.07169E-03 1.50333E-02 5.49436E-02 9.65037E-02
 1.17490E+01 6.93785E-03 1.47672E-02 5.42084E-02 9.54804E-02
 1.18850E+01 6.80631E-03 1.45053E-02 5.34814E-02 9.44664E-02
 1.20226E+01 6.67705E-03 1.42475E-02 5.27626E-02 9.34618E-02
 1.21619E+01 6.55002E-03 1.39938E-02 5.20519E-02 9.24667E-02
 1.23027E+01 6.42519E-03 1.37441E-02 5.13493E-02 9.14807E-02
 1.24451E+01 6.30253E-03 1.34983E-02 5.06546E-02 9.05043E-02
 1.25893E+01 6.18200E-03 1.32564E-02 4.99678E-02 8.95367E-02
 1.27350E+01 6.06358E-03 1.30184E-02 4.92889E-02 8.85786E-02
 1.28825E+01 5.94724E-03 1.27841E-02 4.86178E-02 8.76293E-02
 1.30317E+01 5.83294E-03 1.25537E-02 4.79544E-02 8.66891E-02
 1.31826E+01 5.72065E-03 1.23269E-02 4.72987E-02 8.57579E-02
 1.33352E+01 5.61035E-03 1.21038E-02 4.66505E-02 8.48354E-02
 1.34896E+01 5.50199E-03 1.18842E-02 4.60099E-02 8.39220E-02
 1.36458E+01 5.39556E-03 1.16683E-02 4.53767E-02 8.30170E-02
 1.38038E+01 5.29102E-03 1.14558E-02 4.47509E-02 8.21211E-02
 1.39637E+01 5.18835E-03 1.12468E-02 4.41324E-02 8.12335E-02
 1.41254E+01 5.08751E-03 1.10413E-02 4.35212E-02 8.03546E-02
 1.42889E+01 4.98847E-03 1.08391E-02 4.29172E-02 7.94843E-02
 1.44544E+01 4.89122E-03 1.06402E-02 4.23203E-02 7.86222E-02
 1.46218E+01 4.79572E-03 1.04446E-02 4.17305E-02 7.77687E-02
 1.47911E+01 4.70194E-03 1.02523E-02 4.11478E-02 7.69233E-02
 1.49624E+01 4.60985E-03 1.00631E-02 4.05719E-02 7.60864E-02
 1.51356E+01 4.51944E-03 9.87711E-03 4.00030E-02 7.52575E-02
 1.53109E+01 4.43067E-03 9.69420E-03 3.94408E-02 7.44369E-02
 1.54882E+01 4.34351E-03 9.51435E-03 3.88855E-02 7.36242E-02
 1.56675E+01 4.25794E-03 9.33752E-03 3.83368E-02 7.28196E-02
 1.58489E+01 4.17395E-03 9.16366E-03 3.77948E-02 7.20229E-02
 1.60325E+01 4.09149E-03 8.99274E-03 3.72594E-02 7.12340E-02
 1.62181E+01 4.01054E-03 8.82472E-03 3.67304E-02 7.04531E-02
 1.64059E+01 3.93109E-03 8.65954E-03 3.62080E-02 6.96797E-02
 1.65959E+01 3.85310E-03 8.49717E-03 3.56919E-02 6.89143E-02
 1.67880E+01 3.77656E-03 8.33757E-03 3.51821E-02 6.81563E-02
 1.69824E+01 3.70142E-03 8.18069E-03 3.46786E-02 6.74060E-02
 1.71791E+01 3.62770E-03 8.02650E-03 3.41813E-02 6.66631E-02
 1.73780E+01 3.55534E-03 7.87497E-03 3.36902E-02 6.59277E-02
 1.75792E+01 3.48432E-03 7.72605E-03 3.32051E-02 6.51997E-02
 1.77828E+01 3.41464E-03 7.57970E-03 3.27261E-02 6.44789E-02
 1.79887E+01 3.34626E-03 7.43588E-03 3.22531E-02 6.37655E-02
 1.81970E+01 3.27916E-03 7.29455E-03 3.17859E-02 6.30592E-02
 1.84077E+01 3.21333E-03 7.15569E-03 3.13246E-02 6.23602E-02
 1.86209E+01 3.14873E-03 7.01925E-03 3.08692E-02 6.16681E-02
 1.88365E+01 3.08535E-03 6.88520E-03 3.04194E-02 6.09832E-02
 1.90546E+01 3.02318E-03 6.75349E-03 2.99753E-02 6.03052E-02
 1.92752E+01 2.96217E-03 6.62409E-03 2.95369E-02 5.96340E-02
 1.94984E+01 2.90233E-03 6.49698E-03 2.91040E-02 5.89698E-02
 1.97242E+01 2.84363E-03 6.37212E-03 2.86766E-02 5.83122E-02
 1.99526E+01 2.78604E-03 6.24946E-03 2.82547E-02 5.76615E-02
 2.01837E+01 2.72955E-03 6.12897E-03 2.78382E-02 5.70173E-02
 2.04174E+01 2.67414E-03 6.01063E-03 2.74270E-02 5.63800E-02
 2.06538E+01 2.61979E-03 5.89440E-03 2.70211E-02 5.57490E-02
 2.08930E+01 2.56649E-03 5.78024E-03 2.66205E-02 5.51246E-02
 2.11349E+01 2.51421E-03 5.66812E-03 2.62250E-02 5.45066E-02
 2.13796E+01 2.46294E-03 5.55803E-03 2.58346E-02 5.38951E-02
 2.16272E+01 2.41265E-03 5.44991E-03 2.54493E-02 5.32898E-02
 2.18776E+01 2.36334E-03 5.34373E-03 2.50691E-02 5.26908E-02
 2.21309E+01 2.31498E-03 5.23947E-03 2.46938E-02 5.20981E-02
 2.23872E+01 2.26756E-03 5.13711E-03 2.43234E-02 5.15114E-02
 2.26464E+01 2.22106E-03 5.03659E-03 2.39579E-02 5.09310E-02
 2.29087E+01 2.17547E-03 4.93790E-03 2.35971E-02 5.03565E-02
 2.31739E+01 2.13076E-03 4.84102E-03 2.32412E-02 4.97881E-02
 2.34423E+01 2.08693E-03 4.74590E-03 2.28899E-02 4.92255E-02
 2.37137E+01 2.04395E-03 4.65251E-03 2.25433E-02 4.86690E-02
 2.39883E+01 2.00182E-03 4.56084E-03 2.22013E-02 4.81182E-02
 2.42661E+01 1.96050E-03 4.47086E-03 2.18639E-02 4.75732E-02
 2.45471E+01 1.92001E-03 4.38253E-03 2.15309E-02 4.70339E-02
 2.48313E+01 1.88030E-03 4.29583E-03 2.12024E-02 4.65004E-02
 2.51189E+01 1.84139E-03 4.21073E-03 2.08783E-02 4.59724E-02
 2.54097E+01 1.80323E-03 4.12720E-03 2.05586E-02 4.54500E-02
 2.57040E+01 1.76584E-03 4.04523E-03 2.02432E-02 4.49332E-02
 2.60016E+01 1.72918E-03 3.96478E-03 1.99320E-02 4.44218E-02
 2.63027E+01 1.69325E-03 3.88583E-03 1.96251E-02 4.39159E-02
 2.66073E+01 1.65803E-03 3.80835E-03 1.93223E-02 4.34152E-02
 2.69153E+01 1.62351E-03 3.73232E-03 1.90236E-02 4.29200E-02
 2.72270E+01 1.58968E-03 3.65771E-03 1.87290E-02 4.24299E-02
 2.75423E+01 1.55652E-03 3.58451E-03 1.84384E-02 4.19452E-02
 2.78612E+01 1.52403E-03 3.51268E-03 1.81518E-02 4.14655E-02
 2.81838E+01 1.49218E-03 3.44220E-03 1.78692E-02 4.09911E-02
 2.85102E+01 1.46097E-03 3.37305E-03 1.75904E-02 4.05216E-02
 2.88403E+01 1.43039E-03 3.30521E-03 1.73155E-02 4.00573E-02
 2.91743E+01 1.40042E-03 3.23866E-03 1.70444E-02 3.95978E-02
 2.95121E+01 1.37106E-03 3.17336E-03 1.67770E-02 3.91434E-02
 2.98538E+01 1.34228E-03 3.10931E-03 1.65134E-02 3.86938E-02
 3.01995E+01 1.31408E-03 3.04648E-03 1.62534E-02 3.82490E-02
 3.05492E+01 1.28646E-03 2.98484E-03 1.59970E-02 3.78090E-02
 3.09030E+01 1.25939E-03 2.92439E-03 1.57443E-02 3.73738E-02
 3.12608E+01 1.23287E-03 2.86508E-03 1.54950E-02 3.69433E-02
 3.16228E+01 1.20688E-03 2.80692E-03 1.52493E-02 3.65174E-02
 3.19890E+01 1.18143E-03 2.74988E-03 1.50070E-02 3.60961E-02
 3.23594E+01 1.15649E-03 2.69393E-03 1.47682E-02 3.56794E-02
 3.27341E+01 1.13205E-03 2.63906E-03 1.45327E-02 3.52672E-02
 3.31131E+01 1.10812E-03 2.58524E-03 1.43006E-02 3.48595E-02
 3.34965E+01 1.08467E-03 2.53247E-03 1.40718E-02 3.44562E-02
 3.38844E+01 1.06170E-03 2.48072E-03 1.38462E-02 3.40573E-02
 3.42768E+01 1.03920E-03 2.42997E-03 1.36238E-02 3.36627E-02
 3.46737E+01 1.01716E-03 2.38021E-03 1.34047E-02 3.32724E-02
 3.50752E+01 9.95567E-04 2.33142E-03 1.31886E-02 3.28864E-02
 3.54813E+01 9.74420E-04 2.28357E-03 1.29757E-02 3.25046E-02
 3.58922E+01 9.53707E-04 2.23667E-03 1.27658E-02 3.21270E-02
 3.63078E+01 9.33419E-04 2.19067E-03 1.25590E-02 3.17535E-02
 3.67282E+01 9.13549E-04 2.14558E-03 1.23551E-02 3.13841E-02
 3.71535E+01 8.94088E-04 2.10137E-03 1.21543E-02 3.10188E-02
 3.75837E+01 8.75027E-04 2.05803E-03 1.19563E-02 3.06575E-02
 3.80189E+01 8.56361E-04 2.01554E-03 1.17612E-02 3.03001E-02
 3.84592E+01 8.38079E-04 1.97389E-03 1.15689E-02 2.99466E-02
 3.89045E+01 8.20175E-04 1.93306E-03 1.13795E-02 2.95971E-02
 3.93550E+01 8.02643E-04 1.89303E-03 1.11928E-02 2.92514E-02
 3.98107E+01 7.85472E-04 1.85380E-03 1.10089E-02 2.89095E-02
 4.02717E+01 7.68659E-04 1.81534E-03 1.08277E-02 2.85714E-02
 4.07380E+01 7.52194E-04 1.77765E-03 1.06492E-02 2.82370E-02
 4.12098E+01 7.36071E-04 1.74071E-03 1.04733E-02 2.79063E-02
 4.16869E+01 7.20285E-04 1.70449E-03 1.03000E-02 2.75793E-02
 4.21697E+01 7.04826E-04 1.66900E-03 1.01293E-02 2.72559E-02
 4.26580E+01 6.89689E-04 1.63422E-03 9.96109E-03 2.69361E-02
 4.31519E+01 6.74869E-04 1.60013E-03 9.79541E-03 2.66198E-02
 4.36516E+01 6.60358E-04 1.56673E-03 9.63221E-03 2.63071E-02
 4.41570E+01 6.46150E-04 1.53399E-03 9.47145E-03 2.59978E-02
 4.46684E+01 6.32240E-04 1.50191E-03 9.31310E-03 2.56919E-02
 4.51856E+01 6.18620E-04 1.47047E-03 9.15713E-03 2.53895E-02
 4.57088E+01 6.05286E-04 1.43967E-03 9.00352E-03 2.50904E-02
 4.62381E+01 5.92232E-04 1.40948E-03 8.85223E-03 2.47947E-02
 4.67735E+01 5.79452E-04 1.37990E-03 8.70323E-03 2.45023E-02
 4.73151E+01 5.66940E-04 1.35092E-03 8.55648E-03 2.42131E-02
 4.78630E+01 5.54692E-04 1.32252E-03 8.41197E-03 2.39272E-02
 4.84172E+01 5.42702E-04 1.29470E-03 8.26965E-03 2.36445E-02
 4.89779E+01 5.30963E-04 1.26744E-03 8.12950E-03 2.33649E-02
 4.95450E+01 5.19473E-04 1.24074E-03 7.99150E-03 2.30885E-02
 5.01187E+01 5.08225E-04 1.21457E-03 7.85561E-03 2.28152E-02
 5.06991E+01 4.97215E-04 1.18894E-03 7.72181E-03 2.25449E-02
 5.12861E+01 4.86436E-04 1.16383E-03 7.59007E-03 2.22777E-02
 5.18800E+01 4.75887E-04 1.13923E-03 7.46036E-03 2.20135E-02
 5.24807E+01 4.65561E-04 1.11513E-03 7.33266E-03 2.17522E-02
 5.30884E+01 4.55453E-04 1.09153E-03 7.20693E-03 2.14939E-02
 5.37032E+01 4.45560E-04 1.06840E-03 7.08315E-03 2.12385E-02
 5.43250E+01 4.35877E-04 1.04575E-03 6.96130E-03 2.09860E-02
 5.49541E+01 4.26399E-04 1.02356E-03 6.84134E-03 2.07364E-02
 5.55904E+01 4.17123E-04 1.00183E-03 6.72326E-03 2.04895E-02
 5.62341E+01 4.08044E-04 9.80546E-04 6.60703E-03 2.02455E-02
 5.68853E+01 3.99159E-04 9.59696E-04 6.49262E-03 2.00042E-02
 5.75440E+01 3.90462E-04 9.39277E-04 6.38000E-03 1.97656E-02
 5.82103E+01 3.81951E-04 9.19278E-04 6.26916E-03 1.95298E-02
 5.88844E+01 3.73622E-04 8.99690E-04 6.16006E-03 1.92966E-02
 5.95662E+01 3.65471E-04 8.80508E-04 6.05269E-03 1.90661E-02
 6.02560E+01 3.57493E-04 8.61720E-04 5.94702E-03 1.88381E-02
 6.09537E+01 3.49686E-04 8.43321E-04 5.84303E-03 1.86128E-02
 6.16595E+01 3.42047E-04 8.25304E-04 5.74069E-03 1.83900E-02
 6.23735E+01 3.34570E-04 8.07660E-04 5.63999E-03 1.81698E-02
 6.30957E+01 3.27254E-04 7.90381E-04 5.54089E-03 1.79521E-02
 6.38263E+01 3.20094E-04 7.73461E-04 5.44337E-03 1.77368E-02
 6.45654E+01 3.13089E-04 7.56893E-04 5.34741E-03 1.75240E-02
 6.53131E+01 3.06234E-04 7.40669E-04 5.25301E-03 1.73137E-02
 6.60693E+01 2.99525E-04 7.24783E-04 5.16012E-03 1.71057E-02
 6.68344E+01 2.92961E-04 7.09228E-04 5.06873E-03 1.69001E-02
 6.76083E+01 2.86539E-04 6.93997E-04 4.97881E-03 1.66969E-02
 6.83912E+01 2.80254E-04 6.79084E-04 4.89034E-03 1.64959E-02
 6.91831E+01 2.74105E-04 6.64483E-04 4.80332E-03 1.62973E-02
 6.99842E+01 2.68088E-04 6.50187E-04 4.71771E-03 1.61010E-02
 7.07946E+01 2.62201E-04 6.36191E-04 4.63350E-03 1.59069E-02
 7.16143E+01 2.56441E-04 6.22487E-04 4.55066E-03 1.57151E-02
 7.24436E+01 2.50805E-04 6.09071E-04 4.46917E-03 1.55254E-02
 7.32825E+01 2.45291E-04 5.95936E-04 4.38901E-03 1.53379E-02
 7.41310E+01 2.39896E-04 5.83078E-04 4.31018E-03 1.51526E-02
 7.49894E+01 2.34618E-04 5.70490E-04 4.23264E-03 1.49694E-02
 7.58578E+01 2.29454E-04 5.58166E-04 4.15638E-03 1.47883E-02
 7.67361E+01 2.24402E-04 5.46102E-04 4.08138E-03 1.46093E-02
 7.76247E+01 2.19459E-04 5.34292E-04 4.00761E-03 1.44323E-02
 7.85236E+01 2.14623E-04 5.22731E-04 3.93508E-03 1.42574E-02
 7.94328E+01 2.09892E-04 5.11415E-04 3.86375E-03 1.40846E-02
 8.03526E+01 2.05264E-04 5.00338E-04 3.79360E-03 1.39137E-02
 8.12831E+01 2.00737E-04 4.89494E-04 3.72462E-03 1.37448E-02
 8.22243E+01 1.96307E-04 4.78880E-04 3.65680E-03 1.35778E-02
 8.31764E+01 1.91974E-04 4.68491E-04 3.59011E-03 1.34128E-02
 8.41395E+01 1.87735E-04 4.58322E-04 3.52454E-03 1.32496E-02
 8.51138E+01 1.83588E-04 4.48369E-04 3.46007E-03 1.30884E-02
 8.60994E+01 1.79532E-04 4.38626E-04 3.39668E-03 1.29290E-02
 8.70964E+01 1.75564E-04 4.29092E-04 3.33437E-03 1.27715E-02
 8.81049E+01 1.71682E-04 4.19759E-04 3.27311E-03 1.26158E-02
 8.91251E+01 1.67884E-04 4.10625E-04 3.21288E-03 1.24619E-02
 9.01571E+01 1.64170E-04 4.01685E-04 3.15368E-03 1.23098E-02
 9.12011E+01 1.60537E-04 3.92937E-04 3.09549E-03 1.21595E-02
 9.22571E+01 1.56983E-04 3.84374E-04 3.03828E-03 1.20109E-02
 9.33254E+01 1.53506E-04 3.75994E-04 2.98205E-03 1.18640E-02
 9.44061E+01 1.50106E-04 3.67793E-04 2.92678E-03 1.17189E-02
 9.54993E+01 1.46780E-04 3.59767E-04 2.87246E-03 1.15754E-02
 9.66051E+01 1.43526E-04 3.51913E-04 2.81907E-03 1.14336E-02
 9.77237E+01 1.40344E-04 3.44227E-04 2.76659E-03 1.12935E-02
 9.88553E+01 1.37232E-04 3.36705E-04 2.71502E-03 1.11550E-02
 1.00000E+02 1.34187E-04 3.29344E-04 2.66434E-03 1.10181E-02
