 1.00000E-02 7.06064E-02 9.73596E-02 1.30330E-01 1.34745E-01
 2.00000E-02 7.34528E-02 1.01606E-01 1.36840E-01 1.41642E-01
 3.00000E-02 7.63001E-02 1.05909E-01 1.43504E-01 1.48726E-01
 4.00000E-02 7.91585E-02 1.10221E-01 1.50325E-01 1.56021E-01
 5.00000E-02 8.20191E-02 1.14559E-01 1.57321E-01 1.63538E-01
 6.00000E-02 8.48904E-02 1.18930E-01 1.64500E-01 1.71308E-01
 7.00000E-02 8.77739E-02 1.23334E-01 1.71866E-01 1.79357E-01
 8.00000E-02 9.06721E-02 1.27769E-01 1.79422E-01 1.87700E-01
 9.00000E-02 9.35888E-02 1.32237E-01 1.87168E-01 1.96367E-01
 1.00000E-01 9.65250E-02 1.36733E-01 1.95095E-01 2.05377E-01
 1.10000E-01 9.94792E-02 1.41258E-01 2.03187E-01 2.14749E-01
 1.20000E-01 1.02452E-01 1.45806E-01 2.11417E-01 2.24504E-01
 1.30000E-01 1.05443E-01 1.50372E-01 2.19754E-01 2.34652E-01
 1.40000E-01 1.08449E-01 1.54950E-01 2.28161E-01 2.45203E-01
 1.50000E-01 1.11469E-01 1.59535E-01 2.36602E-01 2.56139E-01
 1.60000E-01 1.14501E-01 1.64121E-01 2.45038E-01 2.67389E-01
 1.70000E-01 1.17541E-01 1.68701E-01 2.53438E-01 2.78770E-01
 1.80000E-01 1.20589E-01 1.73271E-01 2.61775E-01 2.90067E-01
 1.90000E-01 1.23640E-01 1.77826E-01 2.70025E-01 3.01158E-01
 2.00000E-01 1.26692E-01 1.82361E-01 2.78170E-01 3.11995E-01
 2.10000E-01 1.29744E-01 1.86872E-01 2.86198E-01 3.22563E-01
 2.20000E-01 1.32793E-01 1.91356E-01 2.94101E-01 3.32859E-01
 2.30000E-01 1.35837E-01 1.95809E-01 3.01871E-01 3.42885E-01
 2.40000E-01 1.38875E-01 2.00230E-01 3.09504E-01 3.52646E-01
 2.50000E-01 1.41904E-01 2.04615E-01 3.16999E-01 3.62149E-01
 2.60000E-01 1.44925E-01 2.08964E-01 3.24352E-01 3.71401E-01
 2.70000E-01 1.47935E-01 2.13275E-01 3.31566E-01 3.80413E-01
 2.80000E-01 1.50934E-01 2.17546E-01 3.38642E-01 3.89190E-01
 2.90000E-01 1.53921E-01 2.21778E-01 3.45580E-01 3.97739E-01
 3.00000E-01 1.56895E-01 2.25969E-01 3.52381E-01 4.06069E-01
 3.10000E-01 1.59855E-01 2.30119E-01 3.59050E-01 4.14189E-01
 3.20000E-01 1.62802E-01 2.34229E-01 3.65589E-01 4.22105E-01
 3.30000E-01 1.65734E-01 2.38297E-01 3.71999E-01 4.29823E-01
 3.40000E-01 1.68652E-01 2.42325E-01 3.78283E-01 4.37350E-01
 3.50000E-01 1.71555E-01 2.46311E-01 3.84446E-01 4.44694E-01
 3.60000E-01 1.74443E-01 2.50257E-01 3.90490E-01 4.51859E-01
 3.70000E-01 1.77317E-01 2.54163E-01 3.96416E-01 4.58855E-01
 3.80000E-01 1.80175E-01 2.58030E-01 4.02229E-01 4.65684E-01
 3.90000E-01 1.83018E-01 2.61857E-01 4.07931E-01 4.72352E-01
 4.00000E-01 1.85846E-01 2.65644E-01 4.13526E-01 4.78866E-01
 4.10000E-01 1.88660E-01 2.69394E-01 4.19015E-01 4.85229E-01
 4.20000E-01 1.91458E-01 2.73106E-01 4.24401E-01 4.91446E-01
 4.30000E-01 1.94242E-01 2.76781E-01 4.29688E-01 4.97523E-01
 4.40000E-01 1.97011E-01 2.80419E-01 4.34877E-01 5.03465E-01
 4.50000E-01 1.99766E-01 2.84020E-01 4.39971E-01 5.09275E-01
 4.60000E-01 2.02506E-01 2.87586E-01 4.44973E-01 5.14956E-01
 4.70000E-01 2.05232E-01 2.91118E-01 4.49885E-01 5.20514E-01
 4.80000E-01 2.07945E-01 2.94615E-01 4.54709E-01 5.25951E-01
 4.90000E-01 2.10643E-01 2.98078E-01 4.59448E-01 5.31272E-01
 5.00000E-01 2.13328E-01 3.01508E-01 4.64103E-01 5.36481E-01
 5.10000E-01 2.16000E-01 3.04905E-01 4.68677E-01 5.41580E-01
 5.20000E-01 2.18658E-01 3.08270E-01 4.73172E-01 5.46572E-01
 5.30000E-01 2.21304E-01 3.11603E-01 4.77588E-01 5.51460E-01
 5.40000E-01 2.23937E-01 3.14906E-01 4.81931E-01 5.56248E-01
 5.50000E-01 2.26557E-01 3.18178E-01 4.86198E-01 5.60939E-01
 5.60000E-01 2.29165E-01 3.21420E-01 4.90395E-01 5.65535E-01
 5.70000E-01 2.31760E-01 3.24633E-01 4.94521E-01 5.70039E-01
 5.80000E-01 2.34344E-01 3.27817E-01 4.98580E-01 5.74453E-01
 5.90000E-01 2.36915E-01 3.30973E-01 5.02570E-01 5.78780E-01
 6.00000E-01 2.39476E-01 3.34100E-01 5.06497E-01 5.83022E-01
 6.10000E-01 2.42024E-01 3.37201E-01 5.10359E-01 5.87183E-01
 6.20000E-01 2.44562E-01 3.40274E-01 5.14160E-01 5.91262E-01
 6.30000E-01 2.47089E-01 3.43322E-01 5.17899E-01 5.95263E-01
 6.40000E-01 2.49605E-01 3.46343E-01 5.21579E-01 5.99188E-01
 6.50000E-01 2.52110E-01 3.49339E-01 5.25201E-01 6.03040E-01
 6.60000E-01 2.54605E-01 3.52310E-01 5.28767E-01 6.06819E-01
 6.70000E-01 2.57089E-01 3.55256E-01 5.32277E-01 6.10528E-01
 6.80000E-01 2.59564E-01 3.58179E-01 5.35733E-01 6.14168E-01
 6.90000E-01 2.62029E-01 3.61077E-01 5.39137E-01 6.17742E-01
 7.00000E-01 2.64483E-01 3.63952E-01 5.42488E-01 6.21250E-01
 7.10000E-01 2.66929E-01 3.66805E-01 5.45789E-01 6.24695E-01
 7.20000E-01 2.69365E-01 3.69635E-01 5.49040E-01 6.28077E-01
 7.30000E-01 2.71791E-01 3.72442E-01 5.52244E-01 6.31401E-01
 7.40000E-01 2.74209E-01 3.75228E-01 5.55399E-01 6.34664E-01
 7.50000E-01 2.76617E-01 3.77993E-01 5.58508E-01 6.37870E-01
 7.60000E-01 2.79017E-01 3.80736E-01 5.61573E-01 6.41021E-01
 7.70000E-01 2.81408E-01 3.83459E-01 5.64592E-01 6.44116E-01
 7.80000E-01 2.83791E-01 3.86162E-01 5.67568E-01 6.47158E-01
 7.90000E-01 2.86165E-01 3.88845E-01 5.70502E-01 6.50148E-01
 8.00000E-01 2.88531E-01 3.91508E-01 5.73394E-01 6.53087E-01
 8.10000E-01 2.90888E-01 3.94151E-01 5.76245E-01 6.55976E-01
 8.20000E-01 2.93238E-01 3.96776E-01 5.79056E-01 6.58817E-01
 8.30000E-01 2.95579E-01 3.99382E-01 5.81828E-01 6.61610E-01
 8.40000E-01 2.97913E-01 4.01969E-01 5.84562E-01 6.64357E-01
 8.50000E-01 3.00239E-01 4.04539E-01 5.87259E-01 6.67058E-01
 8.60000E-01 3.02557E-01 4.07090E-01 5.89918E-01 6.69716E-01
 8.70000E-01 3.04868E-01 4.09624E-01 5.92542E-01 6.72330E-01
 8.80000E-01 3.07171E-01 4.12141E-01 5.95130E-01 6.74901E-01
 8.90000E-01 3.09467E-01 4.14640E-01 5.97683E-01 6.77431E-01
 9.00000E-01 3.11755E-01 4.17123E-01 6.00203E-01 6.79921E-01
 9.10000E-01 3.14036E-01 4.19589E-01 6.02690E-01 6.82371E-01
 9.20000E-01 3.16310E-01 4.22039E-01 6.05144E-01 6.84783E-01
 9.30000E-01 3.18577E-01 4.24473E-01 6.07566E-01 6.87157E-01
 9.40000E-01 3.20837E-01 4.26891E-01 6.09956E-01 6.89493E-01
 9.50000E-01 3.23089E-01 4.29294E-01 6.12316E-01 6.91794E-01
 9.60000E-01 3.25335E-01 4.31681E-01 6.14645E-01 6.94059E-01
 9.70000E-01 3.27574E-01 4.34053E-01 6.16945E-01 6.96289E-01
 9.80000E-01 3.29806E-01 4.36410E-01 6.19216E-01 6.98486E-01
 9.90000E-01 3.32031E-01 4.38752E-01 6.21458E-01 7.00649E-01
 1.00000E+00 3.34249E-01 4.41080E-01 6.23673E-01 7.02779E-01
 1.01158E+00 3.36810E-01 4.43757E-01 6.26203E-01 7.05207E-01
 1.02329E+00 3.39390E-01 4.46447E-01 6.28726E-01 7.07620E-01
 1.03514E+00 3.41992E-01 4.49147E-01 6.31241E-01 7.10019E-01
 1.04713E+00 3.44613E-01 4.51860E-01 6.33749E-01 7.12403E-01
 1.05925E+00 3.47256E-01 4.54584E-01 6.36249E-01 7.14773E-01
 1.07152E+00 3.49919E-01 4.57320E-01 6.38741E-01 7.17128E-01
 1.08393E+00 3.52603E-01 4.60067E-01 6.41226E-01 7.19468E-01
 1.09648E+00 3.55307E-01 4.62826E-01 6.43702E-01 7.21793E-01
 1.10917E+00 3.58032E-01 4.65596E-01 6.46170E-01 7.24103E-01
 1.12202E+00 3.60778E-01 4.68377E-01 6.48630E-01 7.26399E-01
 1.13501E+00 3.63544E-01 4.71171E-01 6.51082E-01 7.28679E-01
 1.14815E+00 3.66332E-01 4.73975E-01 6.53525E-01 7.30944E-01
 1.16145E+00 3.69139E-01 4.76791E-01 6.55959E-01 7.33194E-01
 1.17490E+00 3.71968E-01 4.79617E-01 6.58385E-01 7.35429E-01
 1.18850E+00 3.74803E-01 4.82455E-01 6.60802E-01 7.37648E-01
 1.20226E+00 3.77624E-01 4.85304E-01 6.63211E-01 7.39852E-01
 1.21619E+00 3.80428E-01 4.88164E-01 6.65610E-01 7.42041E-01
 1.23027E+00 3.83215E-01 4.91035E-01 6.68001E-01 7.44214E-01
 1.24451E+00 3.85985E-01 4.93916E-01 6.70382E-01 7.46372E-01
 1.25893E+00 3.88738E-01 4.96809E-01 6.72754E-01 7.48515E-01
 1.27350E+00 3.91473E-01 4.99711E-01 6.75117E-01 7.50642E-01
 1.28825E+00 3.94189E-01 5.02624E-01 6.77471E-01 7.52753E-01
 1.30317E+00 3.96887E-01 5.05547E-01 6.79815E-01 7.54849E-01
 1.31826E+00 3.99566E-01 5.08481E-01 6.82150E-01 7.56930E-01
 1.33352E+00 4.02226E-01 5.11424E-01 6.84476E-01 7.58995E-01
 1.34896E+00 4.04866E-01 5.14377E-01 6.86792E-01 7.61044E-01
 1.36458E+00 4.07487E-01 5.17339E-01 6.89098E-01 7.63078E-01
 1.38038E+00 4.10087E-01 5.20311E-01 6.91395E-01 7.65097E-01
 1.39637E+00 4.12667E-01 5.23292E-01 6.93682E-01 7.67100E-01
 1.41254E+00 4.15226E-01 5.26282E-01 6.95959E-01 7.69087E-01
 1.42889E+00 4.17764E-01 5.29280E-01 6.98226E-01 7.71060E-01
 1.44544E+00 4.20281E-01 5.32287E-01 7.00484E-01 7.73016E-01
 1.46218E+00 4.22777E-01 5.35303E-01 7.02731E-01 7.74958E-01
 1.47911E+00 4.25251E-01 5.38326E-01 7.04969E-01 7.76884E-01
 1.49624E+00 4.27704E-01 5.41357E-01 7.07197E-01 7.78794E-01
 1.51356E+00 4.30135E-01 5.44395E-01 7.09415E-01 7.80690E-01
 1.53109E+00 4.32543E-01 5.47438E-01 7.11623E-01 7.82570E-01
 1.54882E+00 4.34930E-01 5.50458E-01 7.13821E-01 7.84436E-01
 1.56675E+00 4.37294E-01 5.53451E-01 7.16009E-01 7.86286E-01
 1.58489E+00 4.39636E-01 5.56415E-01 7.18187E-01 7.88121E-01
 1.60325E+00 4.41956E-01 5.59350E-01 7.20354E-01 7.89941E-01
 1.62181E+00 4.44253E-01 5.62257E-01 7.22512E-01 7.91746E-01
 1.64059E+00 4.46527E-01 5.65136E-01 7.24659E-01 7.93537E-01
 1.65959E+00 4.48779E-01 5.67986E-01 7.26797E-01 7.95312E-01
 1.67880E+00 4.51008E-01 5.70807E-01 7.28924E-01 7.97073E-01
 1.69824E+00 4.53214E-01 5.73599E-01 7.31041E-01 7.98820E-01
 1.71791E+00 4.55398E-01 5.76362E-01 7.33148E-01 8.00552E-01
 1.73780E+00 4.57558E-01 5.79097E-01 7.35245E-01 8.02269E-01
 1.75792E+00 4.59696E-01 5.81803E-01 7.37331E-01 8.03972E-01
 1.77828E+00 4.61811E-01 5.84480E-01 7.39408E-01 8.05661E-01
 1.79887E+00 4.63904E-01 5.87128E-01 7.41474E-01 8.07336E-01
 1.81970E+00 4.65974E-01 5.89748E-01 7.43530E-01 8.08997E-01
 1.84077E+00 4.68021E-01 5.92339E-01 7.45576E-01 8.10643E-01
 1.86209E+00 4.70046E-01 5.94901E-01 7.47612E-01 8.12276E-01
 1.88365E+00 4.72048E-01 5.97435E-01 7.49637E-01 8.13895E-01
 1.90546E+00 4.74027E-01 5.99941E-01 7.51652E-01 8.15501E-01
 1.92752E+00 4.75985E-01 6.02418E-01 7.53658E-01 8.17093E-01
 1.94984E+00 4.77920E-01 6.04867E-01 7.55653E-01 8.18671E-01
 1.97242E+00 4.79833E-01 6.07288E-01 7.57638E-01 8.20236E-01
 1.99526E+00 4.81724E-01 6.09682E-01 7.59612E-01 8.21788E-01
 2.01837E+00 4.83593E-01 6.12047E-01 7.61577E-01 8.23327E-01
 2.04174E+00 4.85440E-01 6.14385E-01 7.63531E-01 8.24853E-01
 2.06538E+00 4.87265E-01 6.16695E-01 7.65476E-01 8.26366E-01
 2.08930E+00 4.89069E-01 6.18979E-01 7.67410E-01 8.27866E-01
 2.11349E+00 4.90852E-01 6.21235E-01 7.69334E-01 8.29354E-01
 2.13796E+00 4.92614E-01 6.23464E-01 7.71248E-01 8.30829E-01
 2.16272E+00 4.94354E-01 6.25667E-01 7.73152E-01 8.32291E-01
 2.18776E+00 4.96073E-01 6.27843E-01 7.75046E-01 8.33741E-01
 2.21309E+00 4.97772E-01 6.29993E-01 7.76930E-01 8.35180E-01
 2.23872E+00 4.99450E-01 6.32117E-01 7.78804E-01 8.36606E-01
 2.26464E+00 5.01108E-01 6.34215E-01 7.80667E-01 8.38020E-01
 2.29087E+00 5.02745E-01 6.36287E-01 7.82521E-01 8.39422E-01
 2.31739E+00 5.04363E-01 6.38334E-01 7.84365E-01 8.40813E-01
 2.34423E+00 5.05960E-01 6.40356E-01 7.86198E-01 8.42192E-01
 2.37137E+00 5.07538E-01 6.42353E-01 7.88022E-01 8.43560E-01
 2.39883E+00 5.09097E-01 6.44326E-01 7.89835E-01 8.44916E-01
 2.42661E+00 5.10636E-01 6.46274E-01 7.91639E-01 8.46261E-01
 2.45471E+00 5.12156E-01 6.48198E-01 7.93433E-01 8.47595E-01
 2.48313E+00 5.13657E-01 6.50098E-01 7.95217E-01 8.48918E-01
 2.51189E+00 5.15140E-01 6.51974E-01 7.96990E-01 8.50231E-01
 2.54097E+00 5.16604E-01 6.53827E-01 7.98754E-01 8.51532E-01
 2.57040E+00 5.18050E-01 6.55657E-01 8.00508E-01 8.52823E-01
 2.60016E+00 5.19478E-01 6.57464E-01 8.02252E-01 8.54104E-01
 2.63027E+00 5.20888E-01 6.59249E-01 8.03986E-01 8.55374E-01
 2.66073E+00 5.22280E-01 6.61011E-01 8.05710E-01 8.56633E-01
 2.69153E+00 5.23655E-01 6.62751E-01 8.07425E-01 8.57883E-01
 2.72270E+00 5.25013E-01 6.64470E-01 8.09129E-01 8.59123E-01
 2.75423E+00 5.26354E-01 6.66166E-01 8.10823E-01 8.60352E-01
 2.78612E+00 5.27678E-01 6.67842E-01 8.12508E-01 8.61572E-01
 2.81838E+00 5.28985E-01 6.69497E-01 8.14183E-01 8.62783E-01
 2.85102E+00 5.30276E-01 6.71131E-01 8.15848E-01 8.63983E-01
 2.88403E+00 5.31551E-01 6.72744E-01 8.17503E-01 8.65174E-01
 2.91743E+00 5.32810E-01 6.74337E-01 8.19148E-01 8.66356E-01
 2.95121E+00 5.34053E-01 6.75911E-01 8.20784E-01 8.67529E-01
 2.98538E+00 5.35280E-01 6.77464E-01 8.22409E-01 8.68692E-01
 3.01995E+00 5.36493E-01 6.78999E-01 8.24025E-01 8.69846E-01
 3.05492E+00 5.37690E-01 6.80514E-01 8.25631E-01 8.70992E-01
 3.09030E+00 5.38872E-01 6.82010E-01 8.27227E-01 8.72128E-01
 3.12608E+00 5.40040E-01 6.83488E-01 8.28813E-01 8.73256E-01
 3.16228E+00 5.41193E-01 6.84947E-01 8.30390E-01 8.74375E-01
 3.19890E+00 5.42331E-01 6.86388E-01 8.31957E-01 8.75485E-01
 3.23594E+00 5.43456E-01 6.87811E-01 8.33514E-01 8.76587E-01
 3.27341E+00 5.44566E-01 6.89217E-01 8.35061E-01 8.77681E-01
 3.31131E+00 5.45663E-01 6.90605E-01 8.36599E-01 8.78766E-01
 3.34965E+00 5.46746E-01 6.91976E-01 8.38127E-01 8.79843E-01
 3.38844E+00 5.47816E-01 6.93330E-01 8.39645E-01 8.80912E-01
 3.42768E+00 5.48873E-01 6.94668E-01 8.41153E-01 8.81973E-01
 3.46737E+00 5.49917E-01 6.95989E-01 8.42651E-01 8.83025E-01
 3.50752E+00 5.50948E-01 6.97294E-01 8.44140E-01 8.84070E-01
 3.54813E+00 5.51966E-01 6.98583E-01 8.45619E-01 8.85107E-01
 3.58922E+00 5.52972E-01 6.99856E-01 8.47089E-01 8.86137E-01
 3.63078E+00 5.53966E-01 7.01113E-01 8.48549E-01 8.87158E-01
 3.67282E+00 5.54948E-01 7.02356E-01 8.49999E-01 8.88172E-01
 3.71535E+00 5.55918E-01 7.03583E-01 8.51439E-01 8.89179E-01
 3.75837E+00 5.56876E-01 7.04796E-01 8.52870E-01 8.90178E-01
 3.80189E+00 5.57822E-01 7.05993E-01 8.54291E-01 8.91170E-01
 3.84592E+00 5.58757E-01 7.07177E-01 8.55702E-01 8.92154E-01
 3.89045E+00 5.59681E-01 7.08346E-01 8.57104E-01 8.93131E-01
 3.93550E+00 5.60593E-01 7.09501E-01 8.58496E-01 8.94101E-01
 3.98107E+00 5.61495E-01 7.10642E-01 8.59877E-01 8.95063E-01
 4.02717E+00 5.62386E-01 7.11770E-01 8.61241E-01 8.96019E-01
 4.07380E+00 5.63266E-01 7.12884E-01 8.62590E-01 8.96967E-01
 4.12098E+00 5.64136E-01 7.13985E-01 8.63922E-01 8.97909E-01
 4.16869E+00 5.64996E-01 7.15073E-01 8.65238E-01 8.98843E-01
 4.21697E+00 5.65845E-01 7.16148E-01 8.66539E-01 8.99771E-01
 4.26580E+00 5.66684E-01 7.17210E-01 8.67824E-01 9.00692E-01
 4.31519E+00 5.67514E-01 7.18260E-01 8.69094E-01 9.01606E-01
 4.36516E+00 5.68334E-01 7.19297E-01 8.70350E-01 9.02513E-01
 4.41570E+00 5.69144E-01 7.20322E-01 8.71590E-01 9.03414E-01
 4.46684E+00 5.69944E-01 7.21336E-01 8.72816E-01 9.04308E-01
 4.51856E+00 5.70735E-01 7.22337E-01 8.74028E-01 9.05196E-01
 4.57088E+00 5.71517E-01 7.23327E-01 8.75225E-01 9.06076E-01
 4.62381E+00 5.72290E-01 7.24305E-01 8.76409E-01 9.06951E-01
 4.67735E+00 5.73054E-01 7.25272E-01 8.77579E-01 9.07819E-01
 4.73151E+00 5.73809E-01 7.26227E-01 8.78735E-01 9.08680E-01
 4.78630E+00 5.74555E-01 7.27172E-01 8.79878E-01 9.09535E-01
 4.84172E+00 5.75293E-01 7.28105E-01 8.81007E-01 9.10384E-01
 4.89779E+00 5.76022E-01 7.29028E-01 8.82124E-01 9.11226E-01
 4.95450E+00 5.76743E-01 7.29940E-01 8.83228E-01 9.12062E-01
 5.01187E+00 5.77456E-01 7.30842E-01 8.84319E-01 9.12892E-01
 5.06991E+00 5.78160E-01 7.31734E-01 8.85398E-01 9.13715E-01
 5.12861E+00 5.78856E-01 7.32615E-01 8.86464E-01 9.14533E-01
 5.18800E+00 5.79544E-01 7.33486E-01 8.87518E-01 9.15344E-01
 5.24807E+00 5.80225E-01 7.34347E-01 8.88560E-01 9.16149E-01
 5.30884E+00 5.80898E-01 7.35198E-01 8.89590E-01 9.16948E-01
 5.37032E+00 5.81563E-01 7.36040E-01 8.90609E-01 9.17741E-01
 5.43250E+00 5.82220E-01 7.36872E-01 8.91615E-01 9.18528E-01
 5.49541E+00 5.82870E-01 7.37695E-01 8.92611E-01 9.19308E-01
 5.55904E+00 5.83513E-01 7.38508E-01 8.93595E-01 9.20083E-01
 5.62341E+00 5.84148E-01 7.39312E-01 8.94568E-01 9.20852E-01
 5.68853E+00 5.84776E-01 7.40107E-01 8.95530E-01 9.21615E-01
 5.75440E+00 5.85397E-01 7.40894E-01 8.96481E-01 9.22372E-01
 5.82103E+00 5.86011E-01 7.41671E-01 8.97422E-01 9.23123E-01
 5.88844E+00 5.86619E-01 7.42439E-01 8.98351E-01 9.23869E-01
 5.95662E+00 5.87219E-01 7.43199E-01 8.99271E-01 9.24608E-01
 6.02560E+00 5.87813E-01 7.43950E-01 9.00180E-01 9.25342E-01
 6.09537E+00 5.88399E-01 7.44693E-01 9.01079E-01 9.26070E-01
 6.16595E+00 5.88980E-01 7.45427E-01 9.01967E-01 9.26792E-01
 6.23735E+00 5.89554E-01 7.46154E-01 9.02846E-01 9.27508E-01
 6.30957E+00 5.90121E-01 7.46872E-01 9.03715E-01 9.28219E-01
 6.38263E+00 5.90682E-01 7.47582E-01 9.04574E-01 9.28924E-01
 6.45654E+00 5.91237E-01 7.48284E-01 9.05424E-01 9.29623E-01
 6.53131E+00 5.91785E-01 7.48978E-01 9.06264E-01 9.30317E-01
 6.60693E+00 5.92328E-01 7.49665E-01 9.07094E-01 9.31005E-01
 6.68344E+00 5.92864E-01 7.50344E-01 9.07916E-01 9.31688E-01
 6.76083E+00 5.93394E-01 7.51015E-01 9.08728E-01 9.32365E-01
 6.83912E+00 5.93919E-01 7.51678E-01 9.09531E-01 9.33036E-01
 6.91831E+00 5.94437E-01 7.52335E-01 9.10325E-01 9.33702E-01
 6.99842E+00 5.94950E-01 7.52984E-01 9.11110E-01 9.34363E-01
 7.07946E+00 5.95457E-01 7.53626E-01 9.11887E-01 9.35018E-01
 7.16143E+00 5.95959E-01 7.54260E-01 9.12655E-01 9.35667E-01
 7.24436E+00 5.96455E-01 7.54888E-01 9.13414E-01 9.36311E-01
 7.32825E+00 5.96945E-01 7.55508E-01 9.14165E-01 9.36950E-01
 7.41310E+00 5.97430E-01 7.56122E-01 9.14908E-01 9.37583E-01
 7.49894E+00 5.97909E-01 7.56729E-01 9.15642E-01 9.38211E-01
 7.58578E+00 5.98383E-01 7.57329E-01 9.16368E-01 9.38834E-01
 7.67361E+00 5.98852E-01 7.57922E-01 9.17086E-01 9.39451E-01
 7.76247E+00 5.99316E-01 7.58509E-01 9.17796E-01 9.40064E-01
 7.85236E+00 5.99774E-01 7.59089E-01 9.18498E-01 9.40671E-01
 7.94328E+00 6.00227E-01 7.59663E-01 9.19192E-01 9.41272E-01
 8.03526E+00 6.00676E-01 7.60230E-01 9.19879E-01 9.41869E-01
 8.12831E+00 6.01119E-01 7.60791E-01 9.20558E-01 9.42460E-01
 8.22243E+00 6.01557E-01 7.61346E-01 9.21229E-01 9.43046E-01
 8.31764E+00 6.01991E-01 7.61895E-01 9.21893E-01 9.43627E-01
 8.41395E+00 6.02420E-01 7.62437E-01 9.22549E-01 9.44203E-01
 8.51138E+00 6.02844E-01 7.62974E-01 9.23198E-01 9.44774E-01
 8.60994E+00 6.03263E-01 7.63504E-01 9.23840E-01 9.45340E-01
 8.70964E+00 6.03677E-01 7.64029E-01 9.24475E-01 9.45901E-01
 8.81049E+00 6.04087E-01 7.64548E-01 9.25103E-01 9.46457E-01
 8.91251E+00 6.04492E-01 7.65061E-01 9.25723E-01 9.47008E-01
 9.01571E+00 6.04893E-01 7.65568E-01 9.26337E-01 9.47554E-01
 9.12011E+00 6.05290E-01 7.66070E-01 9.26944E-01 9.48095E-01
 9.22571E+00 6.05681E-01 7.66566E-01 9.27544E-01 9.48632E-01
 9.33254E+00 6.06069E-01 7.67056E-01 9.28138E-01 9.49163E-01
 9.44061E+00 6.06452E-01 7.67541E-01 9.28725E-01 9.49690E-01
 9.54993E+00 6.06831E-01 7.68021E-01 9.29305E-01 9.50212E-01
 9.66051E+00 6.07206E-01 7.68495E-01 9.29879E-01 9.50729E-01
 9.77237E+00 6.07576E-01 7.68964E-01 9.30446E-01 9.51241E-01
 9.88553E+00 6.07943E-01 7.69428E-01 9.31008E-01 9.51749E-01
 1.00000E+01 6.08305E-01 7.69886E-01 9.31562E-01 9.52252E-01
 1.01158E+01 6.08663E-01 7.70340E-01 9.32111E-01 9.52750E-01
 1.02329E+01 6.09018E-01 7.70788E-01 9.32654E-01 9.53244E-01
 1.03514E+01 6.09368E-01 7.71231E-01 9.33190E-01 9.53733E-01
 1.04713E+01 6.09715E-01 7.71670E-01 9.33721E-01 9.54218E-01
 1.05925E+01 6.10057E-01 7.72103E-01 9.34245E-01 9.54698E-01
 1.07152E+01 6.10396E-01 7.72532E-01 9.34764E-01 9.55173E-01
 1.08393E+01 6.10731E-01 7.72956E-01 9.35277E-01 9.55644E-01
 1.09648E+01 6.11062E-01 7.73375E-01 9.35784E-01 9.56111E-01
 1.10917E+01 6.11389E-01 7.73790E-01 9.36285E-01 9.56573E-01
 1.12202E+01 6.11713E-01 7.74199E-01 9.36781E-01 9.57031E-01
 1.13501E+01 6.12033E-01 7.74605E-01 9.37272E-01 9.57485E-01
 1.14815E+01 6.12350E-01 7.75005E-01 9.37756E-01 9.57934E-01
 1.16145E+01 6.12663E-01 7.75402E-01 9.38236E-01 9.58379E-01
 1.17490E+01 6.12973E-01 7.75793E-01 9.38710E-01 9.58820E-01
 1.18850E+01 6.13279E-01 7.76181E-01 9.39179E-01 9.59256E-01
 1.20226E+01 6.13581E-01 7.76564E-01 9.39642E-01 9.59689E-01
 1.21619E+01 6.13881E-01 7.76943E-01 9.40100E-01 9.60117E-01
 1.23027E+01 6.14176E-01 7.77317E-01 9.40554E-01 9.60541E-01
 1.24451E+01 6.14469E-01 7.77687E-01 9.41002E-01 9.60961E-01
 1.25893E+01 6.14758E-01 7.78054E-01 9.41445E-01 9.61377E-01
 1.27350E+01 6.15044E-01 7.78416E-01 9.41883E-01 9.61789E-01
 1.28825E+01 6.15327E-01 7.78774E-01 9.42316E-01 9.62196E-01
 1.30317E+01 6.15607E-01 7.79128E-01 9.42744E-01 9.62600E-01
 1.31826E+01 6.15884E-01 7.79478E-01 9.43168E-01 9.63000E-01
 1.33352E+01 6.16157E-01 7.79824E-01 9.43587E-01 9.63396E-01
 1.34896E+01 6.16427E-01 7.80166E-01 9.44001E-01 9.63788E-01
 1.36458E+01 6.16695E-01 7.80504E-01 9.44410E-01 9.64176E-01
 1.38038E+01 6.16959E-01 7.80839E-01 9.44815E-01 9.64561E-01
 1.39637E+01 6.17220E-01 7.81169E-01 9.45215E-01 9.64941E-01
 1.41254E+01 6.17479E-01 7.81497E-01 9.45611E-01 9.65318E-01
 1.42889E+01 6.17734E-01 7.81820E-01 9.46002E-01 9.65691E-01
 1.44544E+01 6.17987E-01 7.82140E-01 9.46389E-01 9.66061E-01
 1.46218E+01 6.18237E-01 7.82456E-01 9.46772E-01 9.66426E-01
 1.47911E+01 6.18484E-01 7.82768E-01 9.47150E-01 9.66788E-01
 1.49624E+01 6.18728E-01 7.83078E-01 9.47524E-01 9.67147E-01
 1.51356E+01 6.18969E-01 7.83383E-01 9.47894E-01 9.67502E-01
 1.53109E+01 6.19208E-01 7.83685E-01 9.48259E-01 9.67853E-01
 1.54882E+01 6.19444E-01 7.83984E-01 9.48621E-01 9.68201E-01
 1.56675E+01 6.19678E-01 7.84279E-01 9.48978E-01 9.68545E-01
 1.58489E+01 6.19908E-01 7.84572E-01 9.49332E-01 9.68886E-01
 1.60325E+01 6.20137E-01 7.84860E-01 9.49681E-01 9.69223E-01
 1.62181E+01 6.20362E-01 7.85146E-01 9.50026E-01 9.69557E-01
 1.64059E+01 6.20585E-01 7.85428E-01 9.50368E-01 9.69887E-01
 1.65959E+01 6.20806E-01 7.85707E-01 9.50706E-01 9.70215E-01
 1.67880E+01 6.21024E-01 7.85983E-01 9.51040E-01 9.70538E-01
 1.69824E+01 6.21239E-01 7.86256E-01 9.51370E-01 9.70859E-01
 1.71791E+01 6.21453E-01 7.86526E-01 9.51696E-01 9.71176E-01
 1.73780E+01 6.21663E-01 7.86793E-01 9.52019E-01 9.71490E-01
 1.75792E+01 6.21872E-01 7.87056E-01 9.52338E-01 9.71801E-01
 1.77828E+01 6.22078E-01 7.87317E-01 9.52654E-01 9.72109E-01
 1.79887E+01 6.22282E-01 7.87575E-01 9.52966E-01 9.72413E-01
 1.81970E+01 6.22483E-01 7.87830E-01 9.53274E-01 9.72715E-01
 1.84077E+01 6.22682E-01 7.88082E-01 9.53579E-01 9.73013E-01
 1.86209E+01 6.22879E-01 7.88331E-01 9.53881E-01 9.73308E-01
 1.88365E+01 6.23074E-01 7.88578E-01 9.54179E-01 9.73600E-01
 1.90546E+01 6.23266E-01 7.88821E-01 9.54474E-01 9.73890E-01
 1.92752E+01 6.23456E-01 7.89062E-01 9.54765E-01 9.74176E-01
 1.94984E+01 6.23645E-01 7.89300E-01 9.55053E-01 9.74459E-01
 1.97242E+01 6.23831E-01 7.89536E-01 9.55338E-01 9.74739E-01
 1.99526E+01 6.24014E-01 7.89768E-01 9.55620E-01 9.75017E-01
 2.01837E+01 6.24196E-01 7.89998E-01 9.55898E-01 9.75291E-01
 2.04174E+01 6.24376E-01 7.90226E-01 9.56173E-01 9.75563E-01
 2.06538E+01 6.24554E-01 7.90451E-01 9.56446E-01 9.75831E-01
 2.08930E+01 6.24730E-01 7.90673E-01 9.56715E-01 9.76097E-01
 2.11349E+01 6.24903E-01 7.90893E-01 9.56981E-01 9.76361E-01
 2.13796E+01 6.25075E-01 7.91111E-01 9.57244E-01 9.76621E-01
 2.16272E+01 6.25245E-01 7.91326E-01 9.57504E-01 9.76879E-01
 2.18776E+01 6.25413E-01 7.91538E-01 9.57761E-01 9.77134E-01
 2.21309E+01 6.25579E-01 7.91748E-01 9.58016E-01 9.77386E-01
 2.23872E+01 6.25743E-01 7.91956E-01 9.58267E-01 9.77636E-01
 2.26464E+01 6.25905E-01 7.92162E-01 9.58515E-01 9.77883E-01
 2.29087E+01 6.26066E-01 7.92365E-01 9.58761E-01 9.78127E-01
 2.31739E+01 6.26224E-01 7.92565E-01 9.59004E-01 9.78369E-01
 2.34423E+01 6.26381E-01 7.92764E-01 9.59244E-01 9.78609E-01
 2.37137E+01 6.26536E-01 7.92960E-01 9.59482E-01 9.78845E-01
 2.39883E+01 6.26690E-01 7.93154E-01 9.59716E-01 9.79080E-01
 2.42661E+01 6.26841E-01 7.93346E-01 9.59949E-01 9.79312E-01
 2.45471E+01 6.26991E-01 7.93536E-01 9.60178E-01 9.79541E-01
 2.48313E+01 6.27139E-01 7.93723E-01 9.60405E-01 9.79768E-01
 2.51189E+01 6.27286E-01 7.93909E-01 9.60629E-01 9.79992E-01
 2.54097E+01 6.27431E-01 7.94092E-01 9.60851E-01 9.80215E-01
 2.57040E+01 6.27574E-01 7.94273E-01 9.61070E-01 9.80434E-01
 2.60016E+01 6.27715E-01 7.94452E-01 9.61287E-01 9.80652E-01
 2.63027E+01 6.27855E-01 7.94629E-01 9.61501E-01 9.80867E-01
 2.66073E+01 6.27994E-01 7.94804E-01 9.61713E-01 9.81080E-01
 2.69153E+01 6.28130E-01 7.94978E-01 9.61923E-01 9.81290E-01
 2.72270E+01 6.28266E-01 7.95149E-01 9.62130E-01 9.81499E-01
 2.75423E+01 6.28399E-01 7.95318E-01 9.62335E-01 9.81705E-01
 2.78612E+01 6.28532E-01 7.95485E-01 9.62537E-01 9.81909E-01
 2.81838E+01 6.28662E-01 7.95651E-01 9.62737E-01 9.82110E-01
 2.85102E+01 6.28791E-01 7.95814E-01 9.62935E-01 9.82310E-01
 2.88403E+01 6.28919E-01 7.95976E-01 9.63131E-01 9.82507E-01
 2.91743E+01 6.29045E-01 7.96136E-01 9.63324E-01 9.82703E-01
 2.95121E+01 6.29170E-01 7.96294E-01 9.63515E-01 9.82896E-01
 2.98538E+01 6.29294E-01 7.96450E-01 9.63704E-01 9.83087E-01
 3.01995E+01 6.29416E-01 7.96604E-01 9.63891E-01 9.83276E-01
 3.05492E+01 6.29536E-01 7.96757E-01 9.64076E-01 9.83463E-01
 3.09030E+01 6.29656E-01 7.96908E-01 9.64259E-01 9.83648E-01
 3.12608E+01 6.29774E-01 7.97057E-01 9.64439E-01 9.83831E-01
 3.16228E+01 6.29890E-01 7.97205E-01 9.64618E-01 9.84012E-01
 3.19890E+01 6.30006E-01 7.97351E-01 9.64794E-01 9.84191E-01
 3.23594E+01 6.30120E-01 7.97495E-01 9.64969E-01 9.84368E-01
 3.27341E+01 6.30232E-01 7.97638E-01 9.65141E-01 9.84544E-01
 3.31131E+01 6.30344E-01 7.97779E-01 9.65312E-01 9.84717E-01
 3.34965E+01 6.30454E-01 7.97918E-01 9.65481E-01 9.84888E-01
 3.38844E+01 6.30563E-01 7.98056E-01 9.65647E-01 9.85058E-01
 3.42768E+01 6.30670E-01 7.98192E-01 9.65812E-01 9.85226E-01
 3.46737E+01 6.30777E-01 7.98327E-01 9.65975E-01 9.85392E-01
 3.50752E+01 6.30882E-01 7.98460E-01 9.66136E-01 9.85556E-01
 3.54813E+01 6.30986E-01 7.98591E-01 9.66296E-01 9.85718E-01
 3.58922E+01 6.31089E-01 7.98722E-01 9.66453E-01 9.85879E-01
 3.63078E+01 6.31190E-01 7.98850E-01 9.66609E-01 9.86038E-01
 3.67282E+01 6.31291E-01 7.98977E-01 9.66763E-01 9.86195E-01
 3.71535E+01 6.31390E-01 7.99103E-01 9.66915E-01 9.86350E-01
 3.75837E+01 6.31488E-01 7.99227E-01 9.67065E-01 9.86503E-01
 3.80189E+01 6.31585E-01 7.99350E-01 9.67214E-01 9.86655E-01
 3.84592E+01 6.31681E-01 7.99472E-01 9.67361E-01 9.86805E-01
 3.89045E+01 6.31776E-01 7.99592E-01 9.67506E-01 9.86953E-01
 3.93550E+01 6.31870E-01 7.99711E-01 9.67650E-01 9.87100E-01
 3.98107E+01 6.31963E-01 7.99828E-01 9.67792E-01 9.87245E-01
 4.02717E+01 6.32055E-01 7.99944E-01 9.67933E-01 9.87388E-01
 4.07380E+01 6.32145E-01 8.00059E-01 9.68071E-01 9.87530E-01
 4.12098E+01 6.32235E-01 8.00172E-01 9.68209E-01 9.87670E-01
 4.16869E+01 6.32324E-01 8.00285E-01 9.68344E-01 9.87808E-01
 4.21697E+01 6.32411E-01 8.00395E-01 9.68479E-01 9.87945E-01
 4.26580E+01 6.32498E-01 8.00505E-01 9.68611E-01 9.88080E-01
 4.31519E+01 6.32583E-01 8.00613E-01 9.68742E-01 9.88214E-01
 4.36516E+01 6.32668E-01 8.00721E-01 9.68872E-01 9.88346E-01
 4.41570E+01 6.32752E-01 8.00827E-01 9.69000E-01 9.88477E-01
 4.46684E+01 6.32835E-01 8.00931E-01 9.69127E-01 9.88606E-01
 4.51856E+01 6.32916E-01 8.01035E-01 9.69252E-01 9.88734E-01
 4.57088E+01 6.32997E-01 8.01137E-01 9.69376E-01 9.88860E-01
 4.62381E+01 6.33077E-01 8.01238E-01 9.69498E-01 9.88985E-01
 4.67735E+01 6.33156E-01 8.01338E-01 9.69619E-01 9.89109E-01
 4.73151E+01 6.33234E-01 8.01437E-01 9.69739E-01 9.89231E-01
 4.78630E+01 6.33312E-01 8.01535E-01 9.69857E-01 9.89351E-01
 4.84172E+01 6.33388E-01 8.01632E-01 9.69974E-01 9.89471E-01
 4.89779E+01 6.33463E-01 8.01727E-01 9.70090E-01 9.89589E-01
 4.95450E+01 6.33538E-01 8.01822E-01 9.70204E-01 9.89705E-01
 5.01187E+01 6.33612E-01 8.01915E-01 9.70317E-01 9.89820E-01
 5.06991E+01 6.33685E-01 8.02007E-01 9.70429E-01 9.89934E-01
 5.12861E+01 6.33757E-01 8.02099E-01 9.70539E-01 9.90047E-01
 5.18800E+01 6.33828E-01 8.02189E-01 9.70648E-01 9.90158E-01
 5.24807E+01 6.33899E-01 8.02278E-01 9.70756E-01 9.90269E-01
 5.30884E+01 6.33968E-01 8.02366E-01 9.70863E-01 9.90377E-01
 5.37032E+01 6.34037E-01 8.02453E-01 9.70969E-01 9.90485E-01
 5.43250E+01 6.34105E-01 8.02540E-01 9.71073E-01 9.90591E-01
 5.49541E+01 6.34173E-01 8.02625E-01 9.71176E-01 9.90697E-01
 5.55904E+01 6.34239E-01 8.02709E-01 9.71278E-01 9.90801E-01
 5.62341E+01 6.34305E-01 8.02792E-01 9.71379E-01 9.90903E-01
 5.68853E+01 6.34370E-01 8.02875E-01 9.71478E-01 9.91005E-01
 5.75440E+01 6.34434E-01 8.02956E-01 9.71577E-01 9.91105E-01
 5.82103E+01 6.34498E-01 8.03036E-01 9.71674E-01 9.91205E-01
 5.88844E+01 6.34561E-01 8.03116E-01 9.71770E-01 9.91303E-01
 5.95662E+01 6.34623E-01 8.03195E-01 9.71865E-01 9.91400E-01
 6.02560E+01 6.34684E-01 8.03272E-01 9.71960E-01 9.91496E-01
 6.09537E+01 6.34745E-01 8.03349E-01 9.72053E-01 9.91591E-01
 6.16595E+01 6.34805E-01 8.03425E-01 9.72144E-01 9.91685E-01
 6.23735E+01 6.34864E-01 8.03500E-01 9.72235E-01 9.91777E-01
 6.30957E+01 6.34923E-01 8.03575E-01 9.72325E-01 9.91869E-01
 6.38263E+01 6.34981E-01 8.03648E-01 9.72414E-01 9.91960E-01
 6.45654E+01 6.35038E-01 8.03720E-01 9.72502E-01 9.92049E-01
 6.53131E+01 6.35095E-01 8.03792E-01 9.72589E-01 9.92138E-01
 6.60693E+01 6.35151E-01 8.03863E-01 9.72674E-01 9.92225E-01
 6.68344E+01 6.35207E-01 8.03933E-01 9.72759E-01 9.92312E-01
 6.76083E+01 6.35261E-01 8.04003E-01 9.72843E-01 9.92397E-01
 6.83912E+01 6.35315E-01 8.04071E-01 9.72926E-01 9.92482E-01
 6.91831E+01 6.35369E-01 8.04139E-01 9.73008E-01 9.92565E-01
 6.99842E+01 6.35422E-01 8.04206E-01 9.73089E-01 9.92648E-01
 7.07946E+01 6.35474E-01 8.04272E-01 9.73169E-01 9.92730E-01
 7.16143E+01 6.35526E-01 8.04337E-01 9.73248E-01 9.92811E-01
 7.24436E+01 6.35577E-01 8.04402E-01 9.73327E-01 9.92891E-01
 7.32825E+01 6.35628E-01 8.04466E-01 9.73404E-01 9.92969E-01
 7.41310E+01 6.35678E-01 8.04529E-01 9.73481E-01 9.93048E-01
 7.49894E+01 6.35727E-01 8.04592E-01 9.73556E-01 9.93125E-01
 7.58578E+01 6.35776E-01 8.04654E-01 9.73631E-01 9.93201E-01
 7.67361E+01 6.35824E-01 8.04715E-01 9.73705E-01 9.93276E-01
 7.76247E+01 6.35872E-01 8.04775E-01 9.73778E-01 9.93351E-01
 7.85236E+01 6.35919E-01 8.04835E-01 9.73850E-01 9.93425E-01
 7.94328E+01 6.35966E-01 8.04894E-01 9.73922E-01 9.93498E-01
 8.03526E+01 6.36012E-01 8.04952E-01 9.73992E-01 9.93570E-01
 8.12831E+01 6.36057E-01 8.05010E-01 9.74062E-01 9.93641E-01
 8.22243E+01 6.36102E-01 8.05067E-01 9.74131E-01 9.93711E-01
 8.31764E+01 6.36147E-01 8.05123E-01 9.74199E-01 9.93781E-01
 8.41395E+01 6.36191E-01 8.05179E-01 9.74267E-01 9.93850E-01
 8.51138E+01 6.36234E-01 8.05234E-01 9.74333E-01 9.93918E-01
 8.60994E+01 6.36278E-01 8.05289E-01 9.74399E-01 9.93985E-01
 8.70964E+01 6.36320E-01 8.05343E-01 9.74465E-01 9.94051E-01
 8.81049E+01 6.36362E-01 8.05396E-01 9.74529E-01 9.94117E-01
 8.91251E+01 6.36404E-01 8.05448E-01 9.74593E-01 9.94182E-01
 9.01571E+01 6.36445E-01 8.05500E-01 9.74656E-01 9.94246E-01
 9.12011E+01 6.36485E-01 8.05552E-01 9.74718E-01 9.94310E-01
 9.22571E+01 6.36526E-01 8.05603E-01 9.74779E-01 9.94372E-01
 9.33254E+01 6.36565E-01 8.05653E-01 9.74840E-01 9.94434E-01
 9.44061E+01 6.36605E-01 8.05703E-01 9.74900E-01 9.94496E-01
 9.54993E+01 6.36643E-01 8.05752E-01 9.74960E-01 9.94556E-01
 9.66051E+01 6.36682E-01 8.05800E-01 9.75019E-01 9.94616E-01
 9.77237E+01 6.36720E-01 8.05848E-01 9.75077E-01 9.94676E-01
 9.88553E+01 6.36757E-01 8.05896E-01 9.75134E-01 9.94734E-01
 1.00000E+02 6.36794E-01 8.05943E-01 9.75191E-01 9.94792E-01
