 1.00000E-02 2.03838E-02 3.86339E-02 7.08700E-02 7.61556E-02
 2.00000E-02 2.20239E-02 4.20569E-02 7.83349E-02 8.48032E-02
 3.00000E-02 2.37063E-02 4.55384E-02 8.64563E-02 9.41292E-02
 4.00000E-02 2.54573E-02 4.91601E-02 9.50539E-02 1.04288E-01
 5.00000E-02 2.72605E-02 5.28807E-02 1.04086E-01 1.15331E-01
 6.00000E-02 2.91137E-02 5.66792E-02 1.13484E-01 1.27241E-01
 7.00000E-02 3.10058E-02 6.05422E-02 1.23104E-01 1.40030E-01
 8.00000E-02 3.29308E-02 6.44445E-02 1.32848E-01 1.53643E-01
 9.00000E-02 3.48837E-02 6.83755E-02 1.42612E-01 1.67815E-01
 1.00000E-01 3.68582E-02 7.23199E-02 1.52323E-01 1.82038E-01
 1.10000E-01 3.88521E-02 7.62697E-02 1.61930E-01 1.95976E-01
 1.20000E-01 4.08597E-02 8.02169E-02 1.71398E-01 2.09529E-01
 1.30000E-01 4.28780E-02 8.41547E-02 1.80703E-01 2.22668E-01
 1.40000E-01 4.49048E-02 8.80775E-02 1.89834E-01 2.35400E-01
 1.50000E-01 4.69387E-02 9.19809E-02 1.98782E-01 2.47735E-01
 1.60000E-01 4.89762E-02 9.58636E-02 2.07544E-01 2.59683E-01
 1.70000E-01 5.10157E-02 9.97229E-02 2.16120E-01 2.71260E-01
 1.80000E-01 5.30577E-02 1.03555E-01 2.24510E-01 2.82481E-01
 1.90000E-01 5.50984E-02 1.07361E-01 2.32720E-01 2.93362E-01
 2.00000E-01 5.71394E-02 1.11138E-01 2.40750E-01 3.03917E-01
 2.10000E-01 5.91775E-02 1.14886E-01 2.48607E-01 3.14160E-01
 2.20000E-01 6.12133E-02 1.18604E-01 2.56296E-01 3.24104E-01
 2.30000E-01 6.32458E-02 1.22292E-01 2.63822E-01 3.33763E-01
 2.40000E-01 6.52739E-02 1.25950E-01 2.71187E-01 3.43148E-01
 2.50000E-01 6.72973E-02 1.29578E-01 2.78397E-01 3.52270E-01
 2.60000E-01 6.93162E-02 1.33175E-01 2.85456E-01 3.61140E-01
 2.70000E-01 7.13295E-02 1.36742E-01 2.92369E-01 3.69770E-01
 2.80000E-01 7.33368E-02 1.40279E-01 2.99140E-01 3.78168E-01
 2.90000E-01 7.53378E-02 1.43785E-01 3.05775E-01 3.86343E-01
 3.00000E-01 7.73322E-02 1.47262E-01 3.12277E-01 3.94304E-01
 3.10000E-01 7.93197E-02 1.50709E-01 3.18650E-01 4.02060E-01
 3.20000E-01 8.13002E-02 1.54127E-01 3.24899E-01 4.09618E-01
 3.30000E-01 8.32732E-02 1.57515E-01 3.31028E-01 4.16986E-01
 3.40000E-01 8.52386E-02 1.60874E-01 3.37040E-01 4.24171E-01
 3.50000E-01 8.71962E-02 1.64205E-01 3.42938E-01 4.31179E-01
 3.60000E-01 8.91456E-02 1.67508E-01 3.48726E-01 4.38018E-01
 3.70000E-01 9.10869E-02 1.70782E-01 3.54407E-01 4.44693E-01
 3.80000E-01 9.30201E-02 1.74029E-01 3.59985E-01 4.51211E-01
 3.90000E-01 9.49445E-02 1.77248E-01 3.65462E-01 4.57576E-01
 4.00000E-01 9.68601E-02 1.80440E-01 3.70841E-01 4.63794E-01
 4.10000E-01 9.87671E-02 1.83605E-01 3.76125E-01 4.69870E-01
 4.20000E-01 1.00665E-01 1.86744E-01 3.81318E-01 4.75810E-01
 4.30000E-01 1.02554E-01 1.89856E-01 3.86421E-01 4.81617E-01
 4.40000E-01 1.04434E-01 1.92942E-01 3.91437E-01 4.87296E-01
 4.50000E-01 1.06304E-01 1.96002E-01 3.96368E-01 4.92851E-01
 4.60000E-01 1.08165E-01 1.99037E-01 4.01217E-01 4.98287E-01
 4.70000E-01 1.10016E-01 2.02046E-01 4.05986E-01 5.03607E-01
 4.80000E-01 1.11858E-01 2.05031E-01 4.10678E-01 5.08814E-01
 4.90000E-01 1.13691E-01 2.07991E-01 4.15294E-01 5.13913E-01
 5.00000E-01 1.15513E-01 2.10926E-01 4.19836E-01 5.18907E-01
 5.10000E-01 1.17326E-01 2.13838E-01 4.24306E-01 5.23799E-01
 5.20000E-01 1.19129E-01 2.16725E-01 4.28706E-01 5.28592E-01
 5.30000E-01 1.20921E-01 2.19588E-01 4.33038E-01 5.33290E-01
 5.40000E-01 1.22704E-01 2.22428E-01 4.37304E-01 5.37894E-01
 5.50000E-01 1.24477E-01 2.25245E-01 4.41505E-01 5.42408E-01
 5.60000E-01 1.26240E-01 2.28038E-01 4.45643E-01 5.46835E-01
 5.70000E-01 1.27992E-01 2.30809E-01 4.49720E-01 5.51177E-01
 5.80000E-01 1.29735E-01 2.33558E-01 4.53736E-01 5.55436E-01
 5.90000E-01 1.31467E-01 2.36283E-01 4.57694E-01 5.59615E-01
 6.00000E-01 1.33189E-01 2.38987E-01 4.61594E-01 5.63717E-01
 6.10000E-01 1.34900E-01 2.41669E-01 4.65438E-01 5.67742E-01
 6.20000E-01 1.36602E-01 2.44328E-01 4.69228E-01 5.71694E-01
 6.30000E-01 1.38293E-01 2.46967E-01 4.72965E-01 5.75575E-01
 6.40000E-01 1.39973E-01 2.49584E-01 4.76650E-01 5.79386E-01
 6.50000E-01 1.41644E-01 2.52180E-01 4.80284E-01 5.83129E-01
 6.60000E-01 1.43304E-01 2.54755E-01 4.83868E-01 5.86806E-01
 6.70000E-01 1.44953E-01 2.57309E-01 4.87404E-01 5.90419E-01
 6.80000E-01 1.46592E-01 2.59842E-01 4.90892E-01 5.93970E-01
 6.90000E-01 1.48221E-01 2.62355E-01 4.94334E-01 5.97460E-01
 7.00000E-01 1.49840E-01 2.64848E-01 4.97730E-01 6.00891E-01
 7.10000E-01 1.51448E-01 2.67321E-01 5.01081E-01 6.04263E-01
 7.20000E-01 1.53046E-01 2.69774E-01 5.04389E-01 6.07580E-01
 7.30000E-01 1.54633E-01 2.72207E-01 5.07654E-01 6.10841E-01
 7.40000E-01 1.56210E-01 2.74621E-01 5.10877E-01 6.14049E-01
 7.50000E-01 1.57777E-01 2.77016E-01 5.14060E-01 6.17205E-01
 7.60000E-01 1.59333E-01 2.79391E-01 5.17202E-01 6.20310E-01
 7.70000E-01 1.60879E-01 2.81747E-01 5.20306E-01 6.23365E-01
 7.80000E-01 1.62415E-01 2.84085E-01 5.23370E-01 6.26372E-01
 7.90000E-01 1.63941E-01 2.86404E-01 5.26397E-01 6.29331E-01
 8.00000E-01 1.65456E-01 2.88704E-01 5.29387E-01 6.32245E-01
 8.10000E-01 1.66961E-01 2.90987E-01 5.32341E-01 6.35113E-01
 8.20000E-01 1.68456E-01 2.93251E-01 5.35259E-01 6.37937E-01
 8.30000E-01 1.69941E-01 2.95497E-01 5.38142E-01 6.40718E-01
 8.40000E-01 1.71416E-01 2.97725E-01 5.40992E-01 6.43457E-01
 8.50000E-01 1.72881E-01 2.99935E-01 5.43808E-01 6.46155E-01
 8.60000E-01 1.74336E-01 3.02128E-01 5.46590E-01 6.48813E-01
 8.70000E-01 1.75781E-01 3.04304E-01 5.49341E-01 6.51431E-01
 8.80000E-01 1.77216E-01 3.06463E-01 5.52059E-01 6.54012E-01
 8.90000E-01 1.78641E-01 3.08604E-01 5.54747E-01 6.56554E-01
 9.00000E-01 1.80056E-01 3.10729E-01 5.57404E-01 6.59060E-01
 9.10000E-01 1.81461E-01 3.12837E-01 5.60031E-01 6.61531E-01
 9.20000E-01 1.82857E-01 3.14928E-01 5.62628E-01 6.63966E-01
 9.30000E-01 1.84243E-01 3.17003E-01 5.65197E-01 6.66366E-01
 9.40000E-01 1.85619E-01 3.19062E-01 5.67737E-01 6.68733E-01
 9.50000E-01 1.86986E-01 3.21104E-01 5.70249E-01 6.71067E-01
 9.60000E-01 1.88342E-01 3.23131E-01 5.72734E-01 6.73369E-01
 9.70000E-01 1.89690E-01 3.25141E-01 5.75191E-01 6.75640E-01
 9.80000E-01 1.91028E-01 3.27137E-01 5.77622E-01 6.77879E-01
 9.90000E-01 1.92357E-01 3.29116E-01 5.80027E-01 6.80088E-01
 1.00000E+00 1.93676E-01 3.31080E-01 5.82407E-01 6.82268E-01
 1.01158E+00 1.95192E-01 3.33336E-01 5.85130E-01 6.84755E-01
 1.02329E+00 1.96712E-01 3.35596E-01 5.87852E-01 6.87233E-01
 1.03514E+00 1.98238E-01 3.37862E-01 5.90571E-01 6.89701E-01
 1.04713E+00 1.99768E-01 3.40134E-01 5.93287E-01 6.92159E-01
 1.05925E+00 2.01303E-01 3.42410E-01 5.96001E-01 6.94606E-01
 1.07152E+00 2.02842E-01 3.44691E-01 5.98713E-01 6.97043E-01
 1.08393E+00 2.04385E-01 3.46976E-01 6.01420E-01 6.99471E-01
 1.09648E+00 2.05932E-01 3.49266E-01 6.04126E-01 7.01887E-01
 1.10917E+00 2.07483E-01 3.51560E-01 6.06827E-01 7.04293E-01
 1.12202E+00 2.09037E-01 3.53858E-01 6.09526E-01 7.06689E-01
 1.13501E+00 2.10595E-01 3.56159E-01 6.12220E-01 7.09074E-01
 1.14815E+00 2.12156E-01 3.58465E-01 6.14911E-01 7.11448E-01
 1.16145E+00 2.13721E-01 3.60773E-01 6.17598E-01 7.13812E-01
 1.17490E+00 2.15288E-01 3.63084E-01 6.20281E-01 7.16164E-01
 1.18850E+00 2.16858E-01 3.65398E-01 6.22960E-01 7.18506E-01
 1.20226E+00 2.18431E-01 3.67716E-01 6.25635E-01 7.20837E-01
 1.21619E+00 2.20006E-01 3.70035E-01 6.28305E-01 7.23157E-01
 1.23027E+00 2.21583E-01 3.72356E-01 6.30971E-01 7.25466E-01
 1.24451E+00 2.23163E-01 3.74680E-01 6.33632E-01 7.27764E-01
 1.25893E+00 2.24744E-01 3.77005E-01 6.36288E-01 7.30050E-01
 1.27350E+00 2.26327E-01 3.79332E-01 6.38938E-01 7.32325E-01
 1.28825E+00 2.27911E-01 3.81660E-01 6.41584E-01 7.34589E-01
 1.30317E+00 2.29496E-01 3.83989E-01 6.44224E-01 7.36842E-01
 1.31826E+00 2.31083E-01 3.86319E-01 6.46859E-01 7.39083E-01
 1.33352E+00 2.32670E-01 3.88649E-01 6.49489E-01 7.41313E-01
 1.34896E+00 2.34258E-01 3.90980E-01 6.52112E-01 7.43532E-01
 1.36458E+00 2.35847E-01 3.93311E-01 6.54730E-01 7.45739E-01
 1.38038E+00 2.37436E-01 3.95642E-01 6.57342E-01 7.47934E-01
 1.39637E+00 2.39024E-01 3.97972E-01 6.59947E-01 7.50118E-01
 1.41254E+00 2.40613E-01 4.00301E-01 6.62546E-01 7.52290E-01
 1.42889E+00 2.42201E-01 4.02630E-01 6.65139E-01 7.54451E-01
 1.44544E+00 2.43789E-01 4.04958E-01 6.67725E-01 7.56599E-01
 1.46218E+00 2.45376E-01 4.07284E-01 6.70305E-01 7.58737E-01
 1.47911E+00 2.46961E-01 4.09609E-01 6.72877E-01 7.60862E-01
 1.49624E+00 2.48546E-01 4.11931E-01 6.75443E-01 7.62976E-01
 1.51356E+00 2.50129E-01 4.14252E-01 6.78001E-01 7.65078E-01
 1.53109E+00 2.51711E-01 4.16570E-01 6.80553E-01 7.67168E-01
 1.54882E+00 2.53290E-01 4.18885E-01 6.83097E-01 7.69246E-01
 1.56675E+00 2.54868E-01 4.21198E-01 6.85634E-01 7.71313E-01
 1.58489E+00 2.56443E-01 4.23507E-01 6.88162E-01 7.73367E-01
 1.60325E+00 2.58016E-01 4.25813E-01 6.90684E-01 7.75410E-01
 1.62181E+00 2.59586E-01 4.28115E-01 6.93197E-01 7.77441E-01
 1.64059E+00 2.61153E-01 4.30413E-01 6.95703E-01 7.79460E-01
 1.65959E+00 2.62717E-01 4.32707E-01 6.98200E-01 7.81467E-01
 1.67880E+00 2.64278E-01 4.34996E-01 7.00689E-01 7.83462E-01
 1.69824E+00 2.65835E-01 4.37281E-01 7.03170E-01 7.85446E-01
 1.71791E+00 2.67388E-01 4.39561E-01 7.05643E-01 7.87417E-01
 1.73780E+00 2.68937E-01 4.41835E-01 7.08107E-01 7.89377E-01
 1.75792E+00 2.70482E-01 4.44104E-01 7.10562E-01 7.91324E-01
 1.77828E+00 2.72022E-01 4.46367E-01 7.13009E-01 7.93260E-01
 1.79887E+00 2.73558E-01 4.48623E-01 7.15446E-01 7.95184E-01
 1.81970E+00 2.75089E-01 4.50874E-01 7.17875E-01 7.97096E-01
 1.84077E+00 2.76615E-01 4.53117E-01 7.20295E-01 7.98996E-01
 1.86209E+00 2.78135E-01 4.55354E-01 7.22705E-01 8.00884E-01
 1.88365E+00 2.79650E-01 4.57584E-01 7.25107E-01 8.02761E-01
 1.90546E+00 2.81160E-01 4.59806E-01 7.27498E-01 8.04625E-01
 1.92752E+00 2.82663E-01 4.62021E-01 7.29880E-01 8.06478E-01
 1.94984E+00 2.84161E-01 4.64228E-01 7.32253E-01 8.08319E-01
 1.97242E+00 2.85651E-01 4.66426E-01 7.34616E-01 8.10148E-01
 1.99526E+00 2.87136E-01 4.68616E-01 7.36969E-01 8.11966E-01
 2.01837E+00 2.88614E-01 4.70797E-01 7.39313E-01 8.13771E-01
 2.04174E+00 2.90085E-01 4.72969E-01 7.41646E-01 8.15565E-01
 2.06538E+00 2.91548E-01 4.75132E-01 7.43969E-01 8.17348E-01
 2.08930E+00 2.93005E-01 4.77285E-01 7.46282E-01 8.19118E-01
 2.11349E+00 2.94454E-01 4.79429E-01 7.48584E-01 8.20877E-01
 2.13796E+00 2.95895E-01 4.81562E-01 7.50876E-01 8.22625E-01
 2.16272E+00 2.97329E-01 4.83685E-01 7.53158E-01 8.24360E-01
 2.18776E+00 2.98755E-01 4.85798E-01 7.55429E-01 8.26085E-01
 2.21309E+00 3.00172E-01 4.87900E-01 7.57689E-01 8.27797E-01
 2.23872E+00 3.01581E-01 4.89991E-01 7.59939E-01 8.29499E-01
 2.26464E+00 3.02982E-01 4.92071E-01 7.62177E-01 8.31189E-01
 2.29087E+00 3.04374E-01 4.94139E-01 7.64405E-01 8.32867E-01
 2.31739E+00 3.05757E-01 4.96195E-01 7.66621E-01 8.34534E-01
 2.34423E+00 3.07131E-01 4.98240E-01 7.68827E-01 8.36190E-01
 2.37137E+00 3.08496E-01 5.00272E-01 7.71021E-01 8.37835E-01
 2.39883E+00 3.09851E-01 5.02292E-01 7.73203E-01 8.39469E-01
 2.42661E+00 3.11198E-01 5.04299E-01 7.75374E-01 8.41091E-01
 2.45471E+00 3.12659E-01 5.06294E-01 7.77534E-01 8.42703E-01
 2.48313E+00 3.14431E-01 5.08276E-01 7.79682E-01 8.44303E-01
 2.51189E+00 3.16180E-01 5.10244E-01 7.81818E-01 8.45892E-01
 2.54097E+00 3.17904E-01 5.12199E-01 7.83942E-01 8.47471E-01
 2.57040E+00 3.19605E-01 5.14140E-01 7.86054E-01 8.49038E-01
 2.60016E+00 3.21280E-01 5.16068E-01 7.88154E-01 8.50595E-01
 2.63027E+00 3.22932E-01 5.17981E-01 7.90241E-01 8.52141E-01
 2.66073E+00 3.24559E-01 5.19882E-01 7.92317E-01 8.53677E-01
 2.69153E+00 3.26163E-01 5.22450E-01 7.94380E-01 8.55202E-01
 2.72270E+00 3.27743E-01 5.24980E-01 7.96430E-01 8.56717E-01
 2.75423E+00 3.29298E-01 5.27472E-01 7.98468E-01 8.58221E-01
 2.78612E+00 3.30830E-01 5.29925E-01 8.00494E-01 8.59715E-01
 2.81838E+00 3.32338E-01 5.32341E-01 8.02506E-01 8.61198E-01
 2.85102E+00 3.33823E-01 5.34720E-01 8.04506E-01 8.62672E-01
 2.88403E+00 3.35285E-01 5.37062E-01 8.06492E-01 8.64135E-01
 2.91743E+00 3.36724E-01 5.39367E-01 8.08466E-01 8.65588E-01
 2.95121E+00 3.38139E-01 5.41634E-01 8.10426E-01 8.67032E-01
 2.98538E+00 3.39533E-01 5.43866E-01 8.12373E-01 8.68466E-01
 3.01995E+00 3.40903E-01 5.46060E-01 8.14307E-01 8.69890E-01
 3.05492E+00 3.42251E-01 5.48220E-01 8.16227E-01 8.71305E-01
 3.09030E+00 3.43576E-01 5.50343E-01 8.18133E-01 8.72710E-01
 3.12608E+00 3.44880E-01 5.52432E-01 8.20026E-01 8.74106E-01
 3.16228E+00 3.46162E-01 5.54485E-01 8.21905E-01 8.75493E-01
 3.19890E+00 3.47423E-01 5.56505E-01 8.23771E-01 8.76871E-01
 3.23594E+00 3.48662E-01 5.58489E-01 8.25622E-01 8.78240E-01
 3.27341E+00 3.49879E-01 5.60439E-01 8.27459E-01 8.79600E-01
 3.31131E+00 3.51076E-01 5.62356E-01 8.29282E-01 8.80951E-01
 3.34965E+00 3.52252E-01 5.64240E-01 8.31091E-01 8.82294E-01
 3.38844E+00 3.53408E-01 5.66091E-01 8.32886E-01 8.83629E-01
 3.42768E+00 3.54543E-01 5.67909E-01 8.34666E-01 8.84955E-01
 3.46737E+00 3.55659E-01 5.69696E-01 8.36431E-01 8.86273E-01
 3.50752E+00 3.56754E-01 5.71450E-01 8.38183E-01 8.87584E-01
 3.54813E+00 3.57830E-01 5.73174E-01 8.39919E-01 8.88886E-01
 3.58922E+00 3.58886E-01 5.74866E-01 8.41661E-01 8.90181E-01
 3.63078E+00 3.59924E-01 5.76528E-01 8.44095E-01 8.91468E-01
 3.67282E+00 3.60942E-01 5.78159E-01 8.46483E-01 8.92748E-01
 3.71535E+00 3.61942E-01 5.79761E-01 8.48828E-01 8.94021E-01
 3.75837E+00 3.62924E-01 5.81335E-01 8.51132E-01 8.95286E-01
 3.80189E+00 3.63888E-01 5.82877E-01 8.53391E-01 8.96545E-01
 3.84592E+00 3.64833E-01 5.84392E-01 8.55608E-01 8.97796E-01
 3.89045E+00 3.65761E-01 5.85879E-01 8.57785E-01 8.99041E-01
 3.93550E+00 3.66672E-01 5.87338E-01 8.59921E-01 9.00279E-01
 3.98107E+00 3.67565E-01 5.88769E-01 8.62016E-01 9.01510E-01
 4.02717E+00 3.68442E-01 5.90174E-01 8.64073E-01 9.02735E-01
 4.07380E+00 3.69303E-01 5.91551E-01 8.66090E-01 9.03953E-01
 4.12098E+00 3.70146E-01 5.92903E-01 8.68069E-01 9.05165E-01
 4.16869E+00 3.70973E-01 5.94228E-01 8.70009E-01 9.06370E-01
 4.21697E+00 3.71785E-01 5.95528E-01 8.71913E-01 9.07568E-01
 4.26580E+00 3.72581E-01 5.96803E-01 8.73779E-01 9.09258E-01
 4.31519E+00 3.73362E-01 5.98053E-01 8.75609E-01 9.11163E-01
 4.36516E+00 3.74127E-01 5.99279E-01 8.77405E-01 9.13031E-01
 4.41570E+00 3.74878E-01 6.00481E-01 8.79165E-01 9.14862E-01
 4.46684E+00 3.75613E-01 6.01660E-01 8.80890E-01 9.16658E-01
 4.51856E+00 3.76335E-01 6.02816E-01 8.82583E-01 9.18419E-01
 4.57088E+00 3.77042E-01 6.03948E-01 8.84241E-01 9.20144E-01
 4.62381E+00 3.77735E-01 6.05059E-01 8.85866E-01 9.21836E-01
 4.67735E+00 3.78415E-01 6.06147E-01 8.87460E-01 9.23494E-01
 4.73151E+00 3.79081E-01 6.07214E-01 8.89022E-01 9.25120E-01
 4.78630E+00 3.79733E-01 6.08259E-01 8.90552E-01 9.26712E-01
 4.84172E+00 3.80373E-01 6.09283E-01 8.92052E-01 9.28273E-01
 4.89779E+00 3.80999E-01 6.10287E-01 8.93521E-01 9.29802E-01
 4.95450E+00 3.81614E-01 6.11271E-01 8.94962E-01 9.31301E-01
 5.01187E+00 3.82215E-01 6.12235E-01 8.96373E-01 9.32769E-01
 5.06991E+00 3.82805E-01 6.13179E-01 8.97756E-01 9.34208E-01
 5.12861E+00 3.83382E-01 6.14104E-01 8.99110E-01 9.35617E-01
 5.18800E+00 3.83948E-01 6.15010E-01 9.00436E-01 9.36998E-01
 5.24807E+00 3.84502E-01 6.15898E-01 9.01736E-01 9.38350E-01
 5.30884E+00 3.85045E-01 6.16768E-01 9.03010E-01 9.39675E-01
 5.37032E+00 3.85577E-01 6.17619E-01 9.04256E-01 9.40973E-01
 5.43250E+00 3.86098E-01 6.18454E-01 9.05478E-01 9.42244E-01
 5.49541E+00 3.86608E-01 6.19271E-01 9.06674E-01 9.43489E-01
 5.55904E+00 3.87107E-01 6.20071E-01 9.07846E-01 9.44708E-01
 5.62341E+00 3.87596E-01 6.20855E-01 9.08993E-01 9.45902E-01
 5.68853E+00 3.88075E-01 6.21622E-01 9.10116E-01 9.47071E-01
 5.75440E+00 3.88544E-01 6.22373E-01 9.11216E-01 9.48215E-01
 5.82103E+00 3.89004E-01 6.23109E-01 9.12294E-01 9.49336E-01
 5.88844E+00 3.89453E-01 6.23829E-01 9.13348E-01 9.50434E-01
 5.95662E+00 3.89894E-01 6.24534E-01 9.14381E-01 9.51508E-01
 6.02560E+00 3.90325E-01 6.25225E-01 9.15392E-01 9.52560E-01
 6.09537E+00 3.90747E-01 6.25901E-01 9.16381E-01 9.53590E-01
 6.16595E+00 3.91160E-01 6.26563E-01 9.17350E-01 9.54598E-01
 6.23735E+00 3.91564E-01 6.27210E-01 9.18299E-01 9.55585E-01
 6.30957E+00 3.91960E-01 6.27845E-01 9.19227E-01 9.56552E-01
 6.38263E+00 3.92348E-01 6.28465E-01 9.20136E-01 9.57497E-01
 6.45654E+00 3.92727E-01 6.29073E-01 9.21026E-01 9.58423E-01
 6.53131E+00 3.93098E-01 6.29668E-01 9.21896E-01 9.59329E-01
 6.60693E+00 3.93462E-01 6.30250E-01 9.22748E-01 9.60216E-01
 6.68344E+00 3.93817E-01 6.30819E-01 9.23583E-01 9.61084E-01
 6.76083E+00 3.94165E-01 6.31377E-01 9.24399E-01 9.61933E-01
 6.83912E+00 3.94506E-01 6.31923E-01 9.25198E-01 9.62765E-01
 6.91831E+00 3.94839E-01 6.32456E-01 9.25979E-01 9.63578E-01
 6.99842E+00 3.95166E-01 6.32979E-01 9.26745E-01 9.64374E-01
 7.07946E+00 3.95485E-01 6.33490E-01 9.27493E-01 9.65153E-01
 7.16143E+00 3.95797E-01 6.33990E-01 9.28225E-01 9.65915E-01
 7.24436E+00 3.96103E-01 6.34480E-01 9.28942E-01 9.66661E-01
 7.32825E+00 3.96402E-01 6.34959E-01 9.29643E-01 9.67391E-01
 7.41310E+00 3.96694E-01 6.35428E-01 9.30330E-01 9.68105E-01
 7.49894E+00 3.96981E-01 6.35886E-01 9.31001E-01 9.68803E-01
 7.58578E+00 3.97261E-01 6.36335E-01 9.31658E-01 9.69487E-01
 7.67361E+00 3.97535E-01 6.36774E-01 9.32301E-01 9.70156E-01
 7.76247E+00 3.97803E-01 6.37203E-01 9.32929E-01 9.70810E-01
 7.85236E+00 3.98065E-01 6.37623E-01 9.33544E-01 9.71450E-01
 7.94328E+00 3.98322E-01 6.38034E-01 9.34146E-01 9.72076E-01
 8.03526E+00 3.98573E-01 6.38436E-01 9.34735E-01 9.72689E-01
 8.12831E+00 3.98818E-01 6.38830E-01 9.35311E-01 9.73288E-01
 8.22243E+00 3.99058E-01 6.39215E-01 9.35874E-01 9.73874E-01
 8.31764E+00 3.99293E-01 6.39591E-01 9.36425E-01 9.74448E-01
 8.41395E+00 3.99523E-01 6.39959E-01 9.36964E-01 9.75009E-01
 8.51138E+00 3.99748E-01 6.40319E-01 9.37491E-01 9.75557E-01
 8.60994E+00 3.99968E-01 6.40671E-01 9.38007E-01 9.76094E-01
 8.70964E+00 4.00183E-01 6.41016E-01 9.38511E-01 9.76619E-01
 8.81049E+00 4.00393E-01 6.41353E-01 9.39005E-01 9.77132E-01
 8.91251E+00 4.00599E-01 6.41682E-01 9.39487E-01 9.77634E-01
 9.01571E+00 4.00800E-01 6.42005E-01 9.39959E-01 9.78125E-01
 9.12011E+00 4.00997E-01 6.42320E-01 9.40421E-01 9.78606E-01
 9.22571E+00 4.01190E-01 6.42629E-01 9.40873E-01 9.79076E-01
 9.33254E+00 4.01378E-01 6.42930E-01 9.41314E-01 9.79535E-01
 9.44061E+00 4.01562E-01 6.43225E-01 9.41746E-01 9.79984E-01
 9.54993E+00 4.01742E-01 6.43513E-01 9.42168E-01 9.80424E-01
 9.66051E+00 4.01918E-01 6.43795E-01 9.42581E-01 9.80853E-01
 9.77237E+00 4.02090E-01 6.44071E-01 9.42985E-01 9.81274E-01
 9.88553E+00 4.02259E-01 6.44341E-01 9.43380E-01 9.81685E-01
 1.00000E+01 4.02424E-01 6.44605E-01 9.43766E-01 9.82087E-01
 1.01158E+01 4.02585E-01 6.44863E-01 9.44143E-01 9.82479E-01
 1.02329E+01 4.02742E-01 6.45115E-01 9.44513E-01 9.82864E-01
 1.03514E+01 4.02896E-01 6.45362E-01 9.44874E-01 9.83240E-01
 1.04713E+01 4.03047E-01 6.45603E-01 9.45227E-01 9.83607E-01
 1.05925E+01 4.03194E-01 6.45839E-01 9.45572E-01 9.83966E-01
 1.07152E+01 4.03338E-01 6.46069E-01 9.45910E-01 9.84318E-01
 1.08393E+01 4.03479E-01 6.46295E-01 9.46240E-01 9.84661E-01
 1.09648E+01 4.03616E-01 6.46515E-01 9.46563E-01 9.84997E-01
 1.10917E+01 4.03751E-01 6.46731E-01 9.46879E-01 9.85326E-01
 1.12202E+01 4.03883E-01 6.46942E-01 9.47187E-01 9.85647E-01
 1.13501E+01 4.04011E-01 6.47148E-01 9.47489E-01 9.85961E-01
 1.14815E+01 4.04137E-01 6.47349E-01 9.47784E-01 9.86268E-01
 1.16145E+01 4.04260E-01 6.47546E-01 9.48073E-01 9.86568E-01
 1.17490E+01 4.04380E-01 6.47739E-01 9.48355E-01 9.86862E-01
 1.18850E+01 4.04498E-01 6.47928E-01 9.48631E-01 9.87149E-01
 1.20226E+01 4.04613E-01 6.48112E-01 9.48900E-01 9.87429E-01
 1.21619E+01 4.04725E-01 6.48292E-01 9.49164E-01 9.87704E-01
 1.23027E+01 4.04835E-01 6.48468E-01 9.49422E-01 9.87972E-01
 1.24451E+01 4.04943E-01 6.48640E-01 9.49674E-01 9.88234E-01
 1.25893E+01 4.05048E-01 6.48808E-01 9.49920E-01 9.88491E-01
 1.27350E+01 4.05150E-01 6.48973E-01 9.50161E-01 9.88741E-01
 1.28825E+01 4.05251E-01 6.49133E-01 9.50396E-01 9.88986E-01
 1.30317E+01 4.05349E-01 6.49291E-01 9.50626E-01 9.89226E-01
 1.31826E+01 4.05445E-01 6.49444E-01 9.50851E-01 9.89460E-01
 1.33352E+01 4.05539E-01 6.49595E-01 9.51071E-01 9.89689E-01
 1.34896E+01 4.05630E-01 6.49741E-01 9.51286E-01 9.89912E-01
 1.36458E+01 4.05720E-01 6.49885E-01 9.51497E-01 9.90131E-01
 1.38038E+01 4.05808E-01 6.50025E-01 9.51702E-01 9.90345E-01
 1.39637E+01 4.05893E-01 6.50163E-01 9.51903E-01 9.90554E-01
 1.41254E+01 4.05977E-01 6.50297E-01 9.52100E-01 9.90759E-01
 1.42889E+01 4.06059E-01 6.50428E-01 9.52292E-01 9.90958E-01
 1.44544E+01 4.06139E-01 6.50556E-01 9.52479E-01 9.91154E-01
 1.46218E+01 4.06217E-01 6.50682E-01 9.52663E-01 9.91345E-01
 1.47911E+01 4.06294E-01 6.50804E-01 9.52842E-01 9.91531E-01
 1.49624E+01 4.06369E-01 6.50924E-01 9.53018E-01 9.91714E-01
 1.51356E+01 4.06442E-01 6.51041E-01 9.53189E-01 9.91892E-01
 1.53109E+01 4.06513E-01 6.51155E-01 9.53357E-01 9.92067E-01
 1.54882E+01 4.06583E-01 6.51267E-01 9.53520E-01 9.92237E-01
 1.56675E+01 4.06651E-01 6.51377E-01 9.53680E-01 9.92404E-01
 1.58489E+01 4.06718E-01 6.51483E-01 9.53837E-01 9.92567E-01
 1.60325E+01 4.06783E-01 6.51588E-01 9.53990E-01 9.92726E-01
 1.62181E+01 4.06847E-01 6.51690E-01 9.54139E-01 9.92881E-01
 1.64059E+01 4.06909E-01 6.51790E-01 9.54286E-01 9.93033E-01
 1.65959E+01 4.06970E-01 6.51888E-01 9.54429E-01 9.93182E-01
 1.67880E+01 4.07030E-01 6.51983E-01 9.54568E-01 9.93327E-01
 1.69824E+01 4.07088E-01 6.52076E-01 9.54705E-01 9.93470E-01
 1.71791E+01 4.07145E-01 6.52167E-01 9.54838E-01 9.93608E-01
 1.73780E+01 4.07200E-01 6.52256E-01 9.54969E-01 9.93744E-01
 1.75792E+01 4.07255E-01 6.52343E-01 9.55096E-01 9.93877E-01
 1.77828E+01 4.07308E-01 6.52429E-01 9.55221E-01 9.94006E-01
 1.79887E+01 4.07360E-01 6.52512E-01 9.55342E-01 9.94133E-01
 1.81970E+01 4.07411E-01 6.52593E-01 9.55462E-01 9.94257E-01
 1.84077E+01 4.07460E-01 6.52673E-01 9.55578E-01 9.94378E-01
 1.86209E+01 4.07509E-01 6.52750E-01 9.55692E-01 9.94497E-01
 1.88365E+01 4.07556E-01 6.52826E-01 9.55803E-01 9.94612E-01
 1.90546E+01 4.07603E-01 6.52900E-01 9.55912E-01 9.94725E-01
 1.92752E+01 4.07648E-01 6.52973E-01 9.56018E-01 9.94836E-01
 1.94984E+01 4.07692E-01 6.53044E-01 9.56121E-01 9.94944E-01
 1.97242E+01 4.07735E-01 6.53113E-01 9.56223E-01 9.95049E-01
 1.99526E+01 4.07778E-01 6.53181E-01 9.56322E-01 9.95153E-01
 2.01837E+01 4.07819E-01 6.53247E-01 9.56419E-01 9.95254E-01
 2.04174E+01 4.07859E-01 6.53312E-01 9.56514E-01 9.95352E-01
 2.06538E+01 4.07899E-01 6.53375E-01 9.56606E-01 9.95448E-01
 2.08930E+01 4.07937E-01 6.53437E-01 9.56697E-01 9.95543E-01
 2.11349E+01 4.07975E-01 6.53497E-01 9.56785E-01 9.95635E-01
 2.13796E+01 4.08012E-01 6.53556E-01 9.56872E-01 9.95725E-01
 2.16272E+01 4.08048E-01 6.53614E-01 9.56956E-01 9.95813E-01
 2.18776E+01 4.08083E-01 6.53670E-01 9.57039E-01 9.95899E-01
 2.21309E+01 4.08118E-01 6.53726E-01 9.57120E-01 9.95983E-01
 2.23872E+01 4.08151E-01 6.53780E-01 9.57199E-01 9.96065E-01
 2.26464E+01 4.08184E-01 6.53832E-01 9.57276E-01 9.96145E-01
 2.29087E+01 4.08216E-01 6.53884E-01 9.57351E-01 9.96223E-01
 2.31739E+01 4.08248E-01 6.53934E-01 9.57425E-01 9.96300E-01
 2.34423E+01 4.08278E-01 6.53983E-01 9.57497E-01 9.96375E-01
 2.37137E+01 4.08308E-01 6.54031E-01 9.57567E-01 9.96448E-01
 2.39883E+01 4.08338E-01 6.54078E-01 9.57636E-01 9.96520E-01
 2.42661E+01 4.08366E-01 6.54124E-01 9.57703E-01 9.96590E-01
 2.45471E+01 4.08394E-01 6.54169E-01 9.57769E-01 9.96658E-01
 2.48313E+01 4.08422E-01 6.54213E-01 9.57833E-01 9.96725E-01
 2.51189E+01 4.08449E-01 6.54256E-01 9.57896E-01 9.96790E-01
 2.54097E+01 4.08475E-01 6.54298E-01 9.57957E-01 9.96854E-01
 2.57040E+01 4.08500E-01 6.54338E-01 9.58017E-01 9.96916E-01
 2.60016E+01 4.08525E-01 6.54379E-01 9.58076E-01 9.96977E-01
 2.63027E+01 4.08550E-01 6.54418E-01 9.58133E-01 9.97037E-01
 2.66073E+01 4.08574E-01 6.54456E-01 9.58189E-01 9.97095E-01
 2.69153E+01 4.08597E-01 6.54493E-01 9.58243E-01 9.97152E-01
 2.72270E+01 4.08620E-01 6.54530E-01 9.58297E-01 9.97208E-01
 2.75423E+01 4.08642E-01 6.54565E-01 9.58349E-01 9.97262E-01
 2.78612E+01 4.08664E-01 6.54600E-01 9.58400E-01 9.97315E-01
 2.81838E+01 4.08685E-01 6.54634E-01 9.58450E-01 9.97367E-01
 2.85102E+01 4.08706E-01 6.54668E-01 9.58499E-01 9.97418E-01
 2.88403E+01 4.08726E-01 6.54700E-01 9.58546E-01 9.97467E-01
 2.91743E+01 4.08746E-01 6.54732E-01 9.58593E-01 9.97516E-01
 2.95121E+01 4.08765E-01 6.54763E-01 9.58639E-01 9.97563E-01
 2.98538E+01 4.08784E-01 6.54793E-01 9.58683E-01 9.97609E-01
 3.01995E+01 4.08803E-01 6.54823E-01 9.58727E-01 9.97655E-01
 3.05492E+01 4.08821E-01 6.54852E-01 9.58769E-01 9.97699E-01
 3.09030E+01 4.08839E-01 6.54881E-01 9.58811E-01 9.97742E-01
 3.12608E+01 4.08856E-01 6.54908E-01 9.58851E-01 9.97784E-01
 3.16228E+01 4.08873E-01 6.54935E-01 9.58891E-01 9.97826E-01
 3.19890E+01 4.08889E-01 6.54962E-01 9.58930E-01 9.97866E-01
 3.23594E+01 4.08906E-01 6.54988E-01 9.58967E-01 9.97905E-01
 3.27341E+01 4.08921E-01 6.55013E-01 9.59004E-01 9.97944E-01
 3.31131E+01 4.08937E-01 6.55038E-01 9.59041E-01 9.97982E-01
 3.34965E+01 4.08952E-01 6.55062E-01 9.59076E-01 9.98018E-01
 3.38844E+01 4.08967E-01 6.55085E-01 9.59111E-01 9.98054E-01
 3.42768E+01 4.08981E-01 6.55108E-01 9.59144E-01 9.98089E-01
 3.46737E+01 4.08995E-01 6.55131E-01 9.59177E-01 9.98124E-01
 3.50752E+01 4.09009E-01 6.55153E-01 9.59210E-01 9.98157E-01
 3.54813E+01 4.09022E-01 6.55175E-01 9.59241E-01 9.98190E-01
 3.58922E+01 4.09035E-01 6.55196E-01 9.59272E-01 9.98222E-01
 3.63078E+01 4.09048E-01 6.55216E-01 9.59302E-01 9.98254E-01
 3.67282E+01 4.09061E-01 6.55236E-01 9.59331E-01 9.98284E-01
 3.71535E+01 4.09073E-01 6.55256E-01 9.59360E-01 9.98314E-01
 3.75837E+01 4.09085E-01 6.55275E-01 9.59388E-01 9.98343E-01
 3.80189E+01 4.09097E-01 6.55294E-01 9.59416E-01 9.98372E-01
 3.84592E+01 4.09108E-01 6.55312E-01 9.59443E-01 9.98400E-01
 3.89045E+01 4.09119E-01 6.55330E-01 9.59469E-01 9.98427E-01
 3.93550E+01 4.09130E-01 6.55348E-01 9.59494E-01 9.98454E-01
 3.98107E+01 4.09141E-01 6.55365E-01 9.59520E-01 9.98480E-01
 4.02717E+01 4.09151E-01 6.55381E-01 9.59544E-01 9.98505E-01
 4.07380E+01 4.09162E-01 6.55398E-01 9.59568E-01 9.98530E-01
 4.12098E+01 4.09172E-01 6.55414E-01 9.59591E-01 9.98555E-01
 4.16869E+01 4.09181E-01 6.55429E-01 9.59614E-01 9.98578E-01
 4.21697E+01 4.09191E-01 6.55445E-01 9.59636E-01 9.98602E-01
 4.26580E+01 4.09200E-01 6.55460E-01 9.59658E-01 9.98624E-01
 4.31519E+01 4.09209E-01 6.55474E-01 9.59680E-01 9.98646E-01
 4.36516E+01 4.09218E-01 6.55488E-01 9.59700E-01 9.98668E-01
 4.41570E+01 4.09227E-01 6.55502E-01 9.59721E-01 9.98689E-01
 4.46684E+01 4.09235E-01 6.55516E-01 9.59741E-01 9.98710E-01
 4.51856E+01 4.09244E-01 6.55529E-01 9.59760E-01 9.98730E-01
 4.57088E+01 4.09252E-01 6.55542E-01 9.59779E-01 9.98750E-01
 4.62381E+01 4.09260E-01 6.55555E-01 9.59798E-01 9.98769E-01
 4.67735E+01 4.09267E-01 6.55567E-01 9.59816E-01 9.98788E-01
 4.73151E+01 4.09275E-01 6.55579E-01 9.59834E-01 9.98807E-01
 4.78630E+01 4.09282E-01 6.55591E-01 9.59851E-01 9.98825E-01
 4.84172E+01 4.09290E-01 6.55603E-01 9.59868E-01 9.98842E-01
 4.89779E+01 4.09297E-01 6.55614E-01 9.59885E-01 9.98860E-01
 4.95450E+01 4.09304E-01 6.55625E-01 9.59901E-01 9.98877E-01
 5.01187E+01 4.09310E-01 6.55636E-01 9.59917E-01 9.98893E-01
 5.06991E+01 4.09317E-01 6.55646E-01 9.59932E-01 9.98909E-01
 5.12861E+01 4.09323E-01 6.55657E-01 9.59947E-01 9.98925E-01
 5.18800E+01 4.09330E-01 6.55667E-01 9.59962E-01 9.98940E-01
 5.24807E+01 4.09336E-01 6.55677E-01 9.59976E-01 9.98955E-01
 5.30884E+01 4.09342E-01 6.55686E-01 9.59990E-01 9.98970E-01
 5.37032E+01 4.09348E-01 6.55696E-01 9.60004E-01 9.98984E-01
 5.43250E+01 4.09353E-01 6.55705E-01 9.60018E-01 9.98998E-01
 5.49541E+01 4.09359E-01 6.55714E-01 9.60031E-01 9.99012E-01
 5.55904E+01 4.09364E-01 6.55723E-01 9.60044E-01 9.99025E-01
 5.62341E+01 4.09370E-01 6.55731E-01 9.60056E-01 9.99038E-01
 5.68853E+01 4.09375E-01 6.55740E-01 9.60069E-01 9.99051E-01
 5.75440E+01 4.09380E-01 6.55748E-01 9.60081E-01 9.99064E-01
 5.82103E+01 4.09385E-01 6.55756E-01 9.60092E-01 9.99076E-01
 5.88844E+01 4.09390E-01 6.55764E-01 9.60104E-01 9.99088E-01
 5.95662E+01 4.09395E-01 6.55771E-01 9.60115E-01 9.99099E-01
 6.02560E+01 4.09400E-01 6.55779E-01 9.60126E-01 9.99111E-01
 6.09537E+01 4.09404E-01 6.55786E-01 9.60137E-01 9.99122E-01
 6.16595E+01 4.09409E-01 6.55793E-01 9.60147E-01 9.99133E-01
 6.23735E+01 4.09413E-01 6.55800E-01 9.60157E-01 9.99143E-01
 6.30957E+01 4.09417E-01 6.55807E-01 9.60167E-01 9.99154E-01
 6.38263E+01 4.09421E-01 6.55814E-01 9.60177E-01 9.99164E-01
 6.45654E+01 4.09425E-01 6.55820E-01 9.60187E-01 9.99174E-01
 6.53131E+01 4.09429E-01 6.55827E-01 9.60196E-01 9.99184E-01
 6.60693E+01 4.09433E-01 6.55833E-01 9.60205E-01 9.99193E-01
 6.68344E+01 4.09437E-01 6.55839E-01 9.60214E-01 9.99202E-01
 6.76083E+01 4.09441E-01 6.55845E-01 9.60223E-01 9.99211E-01
 6.83912E+01 4.09444E-01 6.55851E-01 9.60231E-01 9.99220E-01
 6.91831E+01 4.09448E-01 6.55856E-01 9.60239E-01 9.99229E-01
 6.99842E+01 4.09451E-01 6.55862E-01 9.60247E-01 9.99237E-01
 7.07946E+01 4.09455E-01 6.55867E-01 9.60255E-01 9.99246E-01
 7.16143E+01 4.09458E-01 6.55873E-01 9.60263E-01 9.99254E-01
 7.24436E+01 4.09461E-01 6.55878E-01 9.60271E-01 9.99262E-01
 7.32825E+01 4.09464E-01 6.55883E-01 9.60278E-01 9.99269E-01
 7.41310E+01 4.09468E-01 6.55888E-01 9.60285E-01 9.99277E-01
 7.49894E+01 4.09471E-01 6.55893E-01 9.60292E-01 9.99284E-01
 7.58578E+01 4.09473E-01 6.55897E-01 9.60299E-01 9.99291E-01
 7.67361E+01 4.09476E-01 6.55902E-01 9.60306E-01 9.99298E-01
 7.76247E+01 4.09479E-01 6.55906E-01 9.60313E-01 9.99305E-01
 7.85236E+01 4.09482E-01 6.55911E-01 9.60319E-01 9.99312E-01
 7.94328E+01 4.09485E-01 6.55915E-01 9.60325E-01 9.99318E-01
 8.03526E+01 4.09487E-01 6.55919E-01 9.60332E-01 9.99325E-01
 8.12831E+01 4.09490E-01 6.55923E-01 9.60338E-01 9.99331E-01
 8.22243E+01 4.09492E-01 6.55928E-01 9.60343E-01 9.99337E-01
 8.31764E+01 4.09495E-01 6.55931E-01 9.60349E-01 9.99343E-01
 8.41395E+01 4.09497E-01 6.55935E-01 9.60355E-01 9.99349E-01
 8.51138E+01 4.09500E-01 6.55939E-01 9.60360E-01 9.99355E-01
 8.60994E+01 4.09502E-01 6.55943E-01 9.60366E-01 9.99360E-01
 8.70964E+01 4.09504E-01 6.55946E-01 9.60371E-01 9.99366E-01
 8.81049E+01 4.09506E-01 6.55950E-01 9.60376E-01 9.99371E-01
 8.91251E+01 4.09508E-01 6.55953E-01 9.60381E-01 9.99376E-01
 9.01571E+01 4.09510E-01 6.55957E-01 9.60386E-01 9.99381E-01
 9.12011E+01 4.09512E-01 6.55960E-01 9.60391E-01 9.99386E-01
 9.22571E+01 4.09514E-01 6.55963E-01 9.60395E-01 9.99391E-01
 9.33254E+01 4.09516E-01 6.55966E-01 9.60400E-01 9.99396E-01
 9.44061E+01 4.09518E-01 6.55969E-01 9.60404E-01 9.99401E-01
 9.54993E+01 4.09520E-01 6.55972E-01 9.60409E-01 9.99405E-01
 9.66051E+01 4.09522E-01 6.55975E-01 9.60413E-01 9.99410E-01
 9.77237E+01 4.09524E-01 6.55978E-01 9.60417E-01 9.99414E-01
 9.88553E+01 4.09525E-01 6.55981E-01 9.60421E-01 9.99418E-01
 1.00000E+02 4.09527E-01 6.55983E-01 9.60425E-01 9.99422E-01
