 1.00000E-02 1.98284E-02 3.76288E-02 6.84895E-02 7.36170E-02
 2.00000E-02 2.09080E-02 3.97311E-02 7.31399E-02 7.89940E-02
 3.00000E-02 2.19484E-02 4.19423E-02 7.81907E-02 8.46553E-02
 4.00000E-02 2.29978E-02 4.41650E-02 8.34534E-02 9.06758E-02
 5.00000E-02 2.40786E-02 4.64233E-02 8.88871E-02 9.70740E-02
 6.00000E-02 2.51640E-02 4.87232E-02 9.45485E-02 1.03821E-01
 7.00000E-02 2.62594E-02 5.10477E-02 1.00388E-01 1.10973E-01
 8.00000E-02 2.73615E-02 5.33894E-02 1.06386E-01 1.18529E-01
 9.00000E-02 2.84765E-02 5.57521E-02 1.12533E-01 1.26512E-01
 1.00000E-01 2.95931E-02 5.81239E-02 1.18775E-01 1.34934E-01
 1.10000E-01 3.07138E-02 6.05026E-02 1.25085E-01 1.43797E-01
 1.20000E-01 3.18388E-02 6.28813E-02 1.31432E-01 1.53058E-01
 1.30000E-01 3.29646E-02 6.52608E-02 1.37785E-01 1.62585E-01
 1.40000E-01 3.40916E-02 6.76379E-02 1.44121E-01 1.72165E-01
 1.50000E-01 3.52182E-02 7.00074E-02 1.50421E-01 1.81663E-01
 1.60000E-01 3.63427E-02 7.23675E-02 1.56669E-01 1.91007E-01
 1.70000E-01 3.74645E-02 7.47181E-02 1.62859E-01 2.00179E-01
 1.80000E-01 3.85850E-02 7.70566E-02 1.68980E-01 2.09164E-01
 1.90000E-01 3.97006E-02 7.93804E-02 1.75024E-01 2.17960E-01
 2.00000E-01 4.08140E-02 8.16881E-02 1.80987E-01 2.26579E-01
 2.10000E-01 4.19222E-02 8.39798E-02 1.86866E-01 2.35006E-01
 2.20000E-01 4.30260E-02 8.62569E-02 1.92661E-01 2.43267E-01
 2.30000E-01 4.41255E-02 8.85148E-02 1.98370E-01 2.51342E-01
 2.40000E-01 4.52194E-02 9.07555E-02 2.03993E-01 2.59259E-01
 2.50000E-01 4.63077E-02 9.29789E-02 2.09530E-01 2.67004E-01
 2.60000E-01 4.73915E-02 9.51820E-02 2.14983E-01 2.74593E-01
 2.70000E-01 4.84695E-02 9.73693E-02 2.20351E-01 2.82026E-01
 2.80000E-01 4.95418E-02 9.95354E-02 2.25637E-01 2.89304E-01
 2.90000E-01 5.06083E-02 1.01686E-01 2.30840E-01 2.96445E-01
 3.00000E-01 5.16690E-02 1.03815E-01 2.35964E-01 3.03435E-01
 3.10000E-01 5.27240E-02 1.05928E-01 2.41009E-01 3.10294E-01
 3.20000E-01 5.37732E-02 1.08021E-01 2.45978E-01 3.17017E-01
 3.30000E-01 5.48166E-02 1.10097E-01 2.50871E-01 3.23608E-01
 3.40000E-01 5.58543E-02 1.12154E-01 2.55690E-01 3.30079E-01
 3.50000E-01 5.68864E-02 1.14193E-01 2.60436E-01 3.36421E-01
 3.60000E-01 5.79127E-02 1.16215E-01 2.65111E-01 3.42650E-01
 3.70000E-01 5.89335E-02 1.18219E-01 2.69716E-01 3.48761E-01
 3.80000E-01 5.99486E-02 1.20206E-01 2.74253E-01 3.54758E-01
 3.90000E-01 6.09582E-02 1.22177E-01 2.78724E-01 3.60651E-01
 4.00000E-01 6.19623E-02 1.24130E-01 2.83129E-01 3.66433E-01
 4.10000E-01 6.29610E-02 1.26067E-01 2.87470E-01 3.72117E-01
 4.20000E-01 6.39543E-02 1.27988E-01 2.91749E-01 3.77698E-01
 4.30000E-01 6.49423E-02 1.29893E-01 2.95969E-01 3.83180E-01
 4.40000E-01 6.59255E-02 1.31781E-01 3.00130E-01 3.88573E-01
 4.50000E-01 6.69036E-02 1.33655E-01 3.04233E-01 3.93867E-01
 4.60000E-01 6.78766E-02 1.35514E-01 3.08278E-01 3.99077E-01
 4.70000E-01 6.88446E-02 1.37357E-01 3.12268E-01 4.04197E-01
 4.80000E-01 6.98078E-02 1.39186E-01 3.16203E-01 4.09231E-01
 4.90000E-01 7.07666E-02 1.41001E-01 3.20085E-01 4.14186E-01
 5.00000E-01 7.17206E-02 1.42802E-01 3.23917E-01 4.19054E-01
 5.10000E-01 7.26699E-02 1.44588E-01 3.27699E-01 4.23851E-01
 5.20000E-01 7.36149E-02 1.46361E-01 3.31430E-01 4.28567E-01
 5.30000E-01 7.45558E-02 1.48121E-01 3.35113E-01 4.33209E-01
 5.40000E-01 7.54921E-02 1.49867E-01 3.38747E-01 4.37779E-01
 5.50000E-01 7.64244E-02 1.51601E-01 3.42335E-01 4.42275E-01
 5.60000E-01 7.73528E-02 1.53323E-01 3.45881E-01 4.46707E-01
 5.70000E-01 7.82770E-02 1.55032E-01 3.49381E-01 4.51066E-01
 5.80000E-01 7.91974E-02 1.56728E-01 3.52838E-01 4.55364E-01
 5.90000E-01 8.01142E-02 1.58413E-01 3.56251E-01 4.59594E-01
 6.00000E-01 8.10270E-02 1.60086E-01 3.59622E-01 4.63762E-01
 6.10000E-01 8.19366E-02 1.61748E-01 3.62955E-01 4.67871E-01
 6.20000E-01 8.28424E-02 1.63399E-01 3.66248E-01 4.71916E-01
 6.30000E-01 8.37449E-02 1.65038E-01 3.69501E-01 4.75907E-01
 6.40000E-01 8.46442E-02 1.66667E-01 3.72715E-01 4.79836E-01
 6.50000E-01 8.55400E-02 1.68286E-01 3.75893E-01 4.83714E-01
 6.60000E-01 8.64331E-02 1.69894E-01 3.79036E-01 4.87535E-01
 6.70000E-01 8.73227E-02 1.71492E-01 3.82141E-01 4.91303E-01
 6.80000E-01 8.82098E-02 1.73081E-01 3.85210E-01 4.95019E-01
 6.90000E-01 8.90937E-02 1.74659E-01 3.88247E-01 4.98683E-01
 7.00000E-01 8.99751E-02 1.76228E-01 3.91250E-01 5.02300E-01
 7.10000E-01 9.08536E-02 1.77788E-01 3.94219E-01 5.05864E-01
 7.20000E-01 9.17297E-02 1.79339E-01 3.97155E-01 5.09385E-01
 7.30000E-01 9.26031E-02 1.80881E-01 4.00062E-01 5.12855E-01
 7.40000E-01 9.34742E-02 1.82414E-01 4.02937E-01 5.16284E-01
 7.50000E-01 9.43428E-02 1.83938E-01 4.05780E-01 5.19664E-01
 7.60000E-01 9.52094E-02 1.85454E-01 4.08594E-01 5.23003E-01
 7.70000E-01 9.60735E-02 1.86962E-01 4.11379E-01 5.26298E-01
 7.80000E-01 9.69359E-02 1.88462E-01 4.14135E-01 5.29551E-01
 7.90000E-01 9.77960E-02 1.89954E-01 4.16862E-01 5.32764E-01
 8.00000E-01 9.86543E-02 1.91438E-01 4.19563E-01 5.35935E-01
 8.10000E-01 9.95107E-02 1.92915E-01 4.22237E-01 5.39069E-01
 8.20000E-01 1.00365E-01 1.94385E-01 4.24882E-01 5.42162E-01
 8.30000E-01 1.01218E-01 1.95847E-01 4.27503E-01 5.45220E-01
 8.40000E-01 1.02069E-01 1.97302E-01 4.30098E-01 5.48237E-01
 8.50000E-01 1.02919E-01 1.98751E-01 4.32667E-01 5.51222E-01
 8.60000E-01 1.03768E-01 2.00192E-01 4.35212E-01 5.54167E-01
 8.70000E-01 1.04615E-01 2.01627E-01 4.37733E-01 5.57081E-01
 8.80000E-01 1.05460E-01 2.03056E-01 4.40229E-01 5.59958E-01
 8.90000E-01 1.06304E-01 2.04478E-01 4.42703E-01 5.62803E-01
 9.00000E-01 1.07148E-01 2.05894E-01 4.45154E-01 5.65614E-01
 9.10000E-01 1.07990E-01 2.07304E-01 4.47581E-01 5.68394E-01
 9.20000E-01 1.08831E-01 2.08708E-01 4.49987E-01 5.71141E-01
 9.30000E-01 1.09671E-01 2.10106E-01 4.52371E-01 5.73857E-01
 9.40000E-01 1.10510E-01 2.11499E-01 4.54732E-01 5.76543E-01
 9.50000E-01 1.11349E-01 2.12886E-01 4.57074E-01 5.79198E-01
 9.60000E-01 1.12186E-01 2.14267E-01 4.59394E-01 5.81825E-01
 9.70000E-01 1.13023E-01 2.15644E-01 4.61694E-01 5.84421E-01
 9.80000E-01 1.13860E-01 2.17015E-01 4.63975E-01 5.86991E-01
 9.90000E-01 1.14696E-01 2.18381E-01 4.66235E-01 5.89531E-01
 1.00000E+00 1.15531E-01 2.19742E-01 4.68476E-01 5.92045E-01
 1.01158E+00 1.16498E-01 2.21313E-01 4.71048E-01 5.94921E-01
 1.02329E+00 1.17476E-01 2.22894E-01 4.73623E-01 5.97796E-01
 1.03514E+00 1.18464E-01 2.24488E-01 4.76203E-01 6.00667E-01
 1.04713E+00 1.19464E-01 2.26094E-01 4.78787E-01 6.03536E-01
 1.05925E+00 1.20476E-01 2.27712E-01 4.81374E-01 6.06402E-01
 1.07152E+00 1.21499E-01 2.29343E-01 4.83966E-01 6.09263E-01
 1.08393E+00 1.22533E-01 2.30987E-01 4.86562E-01 6.12123E-01
 1.09648E+00 1.23581E-01 2.32643E-01 4.89162E-01 6.14978E-01
 1.10917E+00 1.24640E-01 2.34312E-01 4.91766E-01 6.17829E-01
 1.12202E+00 1.25713E-01 2.35995E-01 4.94374E-01 6.20679E-01
 1.13501E+00 1.26798E-01 2.37690E-01 4.96986E-01 6.23523E-01
 1.14815E+00 1.27897E-01 2.39400E-01 4.99602E-01 6.26363E-01
 1.16145E+00 1.29009E-01 2.41123E-01 5.02221E-01 6.29201E-01
 1.17490E+00 1.30136E-01 2.42861E-01 5.04844E-01 6.32033E-01
 1.18850E+00 1.31277E-01 2.44612E-01 5.07470E-01 6.34861E-01
 1.20226E+00 1.32432E-01 2.46379E-01 5.10100E-01 6.37685E-01
 1.21619E+00 1.33603E-01 2.48160E-01 5.12733E-01 6.40505E-01
 1.23027E+00 1.34789E-01 2.49957E-01 5.15370E-01 6.43319E-01
 1.24451E+00 1.35991E-01 2.51768E-01 5.18011E-01 6.46130E-01
 1.25893E+00 1.37209E-01 2.53595E-01 5.20655E-01 6.48935E-01
 1.27350E+00 1.38444E-01 2.55439E-01 5.23302E-01 6.51734E-01
 1.28825E+00 1.39696E-01 2.57298E-01 5.25952E-01 6.54530E-01
 1.30317E+00 1.40966E-01 2.59174E-01 5.28605E-01 6.57320E-01
 1.31826E+00 1.42253E-01 2.61066E-01 5.31262E-01 6.60105E-01
 1.33352E+00 1.43559E-01 2.62976E-01 5.33922E-01 6.62883E-01
 1.34896E+00 1.44884E-01 2.64903E-01 5.36584E-01 6.65658E-01
 1.36458E+00 1.46229E-01 2.66848E-01 5.39250E-01 6.68426E-01
 1.38038E+00 1.47594E-01 2.68811E-01 5.41919E-01 6.71187E-01
 1.39637E+00 1.48979E-01 2.70792E-01 5.44590E-01 6.73943E-01
 1.41254E+00 1.50386E-01 2.72792E-01 5.47265E-01 6.76694E-01
 1.42889E+00 1.51814E-01 2.74812E-01 5.49941E-01 6.79438E-01
 1.44544E+00 1.53265E-01 2.76851E-01 5.52622E-01 6.82175E-01
 1.46218E+00 1.54739E-01 2.78910E-01 5.55303E-01 6.84906E-01
 1.47911E+00 1.56237E-01 2.80989E-01 5.57989E-01 6.87631E-01
 1.49624E+00 1.57760E-01 2.83090E-01 5.60676E-01 6.90350E-01
 1.51356E+00 1.59307E-01 2.85211E-01 5.63366E-01 6.93061E-01
 1.53109E+00 1.60881E-01 2.87355E-01 5.66058E-01 6.95765E-01
 1.54882E+00 1.62481E-01 2.89520E-01 5.68752E-01 6.98462E-01
 1.56675E+00 1.64109E-01 2.91709E-01 5.71449E-01 7.01152E-01
 1.58489E+00 1.65765E-01 2.93920E-01 5.74147E-01 7.03835E-01
 1.60325E+00 1.67450E-01 2.96155E-01 5.76848E-01 7.06511E-01
 1.62181E+00 1.69165E-01 2.98415E-01 5.79551E-01 7.09178E-01
 1.64059E+00 1.70912E-01 3.00699E-01 5.82255E-01 7.11838E-01
 1.65959E+00 1.72690E-01 3.03009E-01 5.84962E-01 7.14490E-01
 1.67880E+00 1.74501E-01 3.05345E-01 5.87670E-01 7.17134E-01
 1.69824E+00 1.76345E-01 3.07707E-01 5.90380E-01 7.19771E-01
 1.71791E+00 1.78224E-01 3.10097E-01 5.93091E-01 7.22399E-01
 1.73780E+00 1.80139E-01 3.12514E-01 5.95803E-01 7.25019E-01
 1.75792E+00 1.82091E-01 3.14960E-01 5.98518E-01 7.27630E-01
 1.77828E+00 1.84081E-01 3.17435E-01 6.01233E-01 7.30232E-01
 1.79887E+00 1.86109E-01 3.19941E-01 6.03950E-01 7.32826E-01
 1.81970E+00 1.88178E-01 3.22476E-01 6.06667E-01 7.35411E-01
 1.84077E+00 1.90287E-01 3.25043E-01 6.09385E-01 7.37986E-01
 1.86209E+00 1.92439E-01 3.27642E-01 6.12105E-01 7.40553E-01
 1.88365E+00 1.94634E-01 3.30274E-01 6.14825E-01 7.43110E-01
 1.90546E+00 1.96874E-01 3.32940E-01 6.17546E-01 7.45658E-01
 1.92752E+00 1.99159E-01 3.35640E-01 6.20267E-01 7.48196E-01
 1.94984E+00 2.01491E-01 3.38376E-01 6.22988E-01 7.50724E-01
 1.97242E+00 2.03870E-01 3.41148E-01 6.25710E-01 7.53243E-01
 1.99526E+00 2.06299E-01 3.43956E-01 6.28432E-01 7.55751E-01
 2.01837E+00 2.08777E-01 3.46803E-01 6.31155E-01 7.58249E-01
 2.04174E+00 2.11307E-01 3.49688E-01 6.33877E-01 7.60737E-01
 2.06538E+00 2.13857E-01 3.52613E-01 6.36599E-01 7.63215E-01
 2.08930E+00 2.16399E-01 3.55579E-01 6.39320E-01 7.65682E-01
 2.11349E+00 2.18933E-01 3.58586E-01 6.42042E-01 7.68138E-01
 2.13796E+00 2.21458E-01 3.61636E-01 6.44762E-01 7.70583E-01
 2.16272E+00 2.23973E-01 3.64729E-01 6.47482E-01 7.73017E-01
 2.18776E+00 2.26478E-01 3.67866E-01 6.50202E-01 7.75440E-01
 2.21309E+00 2.28972E-01 3.71049E-01 6.52920E-01 7.77852E-01
 2.23872E+00 2.31454E-01 3.74277E-01 6.55638E-01 7.80252E-01
 2.26464E+00 2.33924E-01 3.77553E-01 6.58354E-01 7.82640E-01
 2.29087E+00 2.36382E-01 3.80877E-01 6.61069E-01 7.85017E-01
 2.31739E+00 2.38826E-01 3.84249E-01 6.63782E-01 7.87381E-01
 2.34423E+00 2.41256E-01 3.87671E-01 6.66494E-01 7.89734E-01
 2.37137E+00 2.43671E-01 3.91144E-01 6.69204E-01 7.92074E-01
 2.39883E+00 2.46072E-01 3.94667E-01 6.71913E-01 7.94402E-01
 2.42661E+00 2.48457E-01 3.98243E-01 6.74619E-01 7.96718E-01
 2.45471E+00 2.50825E-01 4.01872E-01 6.77324E-01 7.99021E-01
 2.48313E+00 2.53178E-01 4.05554E-01 6.80026E-01 8.01311E-01
 2.51189E+00 2.55513E-01 4.09283E-01 6.82726E-01 8.03588E-01
 2.54097E+00 2.57831E-01 4.12996E-01 6.85423E-01 8.05853E-01
 2.57040E+00 2.60131E-01 4.16680E-01 6.88118E-01 8.08104E-01
 2.60016E+00 2.62413E-01 4.20335E-01 6.90810E-01 8.10341E-01
 2.63027E+00 2.64677E-01 4.23961E-01 6.93500E-01 8.12566E-01
 2.66073E+00 2.66921E-01 4.27556E-01 6.96186E-01 8.14776E-01
 2.69153E+00 2.69146E-01 4.31120E-01 6.98870E-01 8.16973E-01
 2.72270E+00 2.71351E-01 4.34652E-01 7.01550E-01 8.19156E-01
 2.75423E+00 2.73536E-01 4.38152E-01 7.04227E-01 8.21325E-01
 2.78612E+00 2.75701E-01 4.41620E-01 7.06900E-01 8.23481E-01
 2.81838E+00 2.77846E-01 4.45055E-01 7.09570E-01 8.25622E-01
 2.85102E+00 2.79969E-01 4.48456E-01 7.12237E-01 8.27748E-01
 2.88403E+00 2.82071E-01 4.51824E-01 7.14899E-01 8.29860E-01
 2.91743E+00 2.84152E-01 4.55157E-01 7.17558E-01 8.31958E-01
 2.95121E+00 2.86212E-01 4.58456E-01 7.20213E-01 8.34041E-01
 2.98538E+00 2.88249E-01 4.61720E-01 7.22864E-01 8.36109E-01
 3.01995E+00 2.90265E-01 4.64948E-01 7.25511E-01 8.38163E-01
 3.05492E+00 2.92259E-01 4.68142E-01 7.28154E-01 8.40201E-01
 3.09030E+00 2.94230E-01 4.71299E-01 7.30792E-01 8.42224E-01
 3.12608E+00 2.96179E-01 4.74421E-01 7.33426E-01 8.44232E-01
 3.16228E+00 2.98105E-01 4.77507E-01 7.36056E-01 8.46225E-01
 3.19890E+00 3.00009E-01 4.80556E-01 7.38681E-01 8.48203E-01
 3.23594E+00 3.01890E-01 4.83570E-01 7.41301E-01 8.50165E-01
 3.27341E+00 3.03748E-01 4.86546E-01 7.43917E-01 8.52112E-01
 3.31131E+00 3.05584E-01 4.89486E-01 7.46528E-01 8.54043E-01
 3.34965E+00 3.07396E-01 4.92390E-01 7.49134E-01 8.55958E-01
 3.38844E+00 3.09186E-01 4.95256E-01 7.51736E-01 8.57858E-01
 3.42768E+00 3.10953E-01 4.98086E-01 7.54332E-01 8.59742E-01
 3.46737E+00 3.12697E-01 5.00879E-01 7.56924E-01 8.61610E-01
 3.50752E+00 3.14417E-01 5.03636E-01 7.59510E-01 8.63462E-01
 3.54813E+00 3.16115E-01 5.06355E-01 7.62092E-01 8.65298E-01
 3.58922E+00 3.17790E-01 5.09038E-01 7.64668E-01 8.67118E-01
 3.63078E+00 3.19442E-01 5.11685E-01 7.67239E-01 8.68922E-01
 3.67282E+00 3.21072E-01 5.14295E-01 7.69805E-01 8.70710E-01
 3.71535E+00 3.22678E-01 5.16868E-01 7.72366E-01 8.72482E-01
 3.75837E+00 3.24262E-01 5.19405E-01 7.74922E-01 8.74237E-01
 3.80189E+00 3.25823E-01 5.21906E-01 7.77472E-01 8.75977E-01
 3.84592E+00 3.27362E-01 5.24371E-01 7.80017E-01 8.77700E-01
 3.89045E+00 3.28879E-01 5.26800E-01 7.82557E-01 8.79406E-01
 3.93550E+00 3.30373E-01 5.29193E-01 7.85091E-01 8.81097E-01
 3.98107E+00 3.31845E-01 5.31551E-01 7.87620E-01 8.82771E-01
 4.02717E+00 3.33295E-01 5.33873E-01 7.90143E-01 8.84429E-01
 4.07380E+00 3.34722E-01 5.36161E-01 7.92661E-01 8.86070E-01
 4.12098E+00 3.36129E-01 5.38413E-01 7.95174E-01 8.87695E-01
 4.16869E+00 3.37513E-01 5.40631E-01 7.97680E-01 8.89304E-01
 4.21697E+00 3.38876E-01 5.42814E-01 8.00182E-01 8.90896E-01
 4.26580E+00 3.40218E-01 5.44963E-01 8.02677E-01 8.92472E-01
 4.31519E+00 3.41538E-01 5.47079E-01 8.05167E-01 8.94032E-01
 4.36516E+00 3.42838E-01 5.49160E-01 8.07651E-01 8.95576E-01
 4.41570E+00 3.44117E-01 5.51209E-01 8.10129E-01 8.97103E-01
 4.46684E+00 3.45375E-01 5.53224E-01 8.12602E-01 8.98613E-01
 4.51856E+00 3.46613E-01 5.55206E-01 8.15068E-01 9.00108E-01
 4.57088E+00 3.47830E-01 5.57156E-01 8.17528E-01 9.01586E-01
 4.62381E+00 3.49027E-01 5.59074E-01 8.19982E-01 9.03048E-01
 4.67735E+00 3.50205E-01 5.60960E-01 8.22430E-01 9.04494E-01
 4.73151E+00 3.51363E-01 5.62815E-01 8.24872E-01 9.05924E-01
 4.78630E+00 3.52501E-01 5.64638E-01 8.27307E-01 9.07338E-01
 4.84172E+00 3.53620E-01 5.66431E-01 8.29736E-01 9.08736E-01
 4.89779E+00 3.54720E-01 5.68193E-01 8.32158E-01 9.10118E-01
 4.95450E+00 3.55801E-01 5.69925E-01 8.34573E-01 9.11484E-01
 5.01187E+00 3.56864E-01 5.71627E-01 8.36981E-01 9.12834E-01
 5.06991E+00 3.57908E-01 5.73300E-01 8.39381E-01 9.14168E-01
 5.12861E+00 3.58934E-01 5.74943E-01 8.41774E-01 9.15486E-01
 5.18800E+00 3.59942E-01 5.76558E-01 8.44138E-01 9.16789E-01
 5.24807E+00 3.60933E-01 5.78144E-01 8.46461E-01 9.18076E-01
 5.30884E+00 3.61905E-01 5.79702E-01 8.48742E-01 9.19348E-01
 5.37032E+00 3.62861E-01 5.81233E-01 8.50983E-01 9.20604E-01
 5.43250E+00 3.63799E-01 5.82736E-01 8.53184E-01 9.21845E-01
 5.49541E+00 3.64721E-01 5.84212E-01 8.55345E-01 9.23071E-01
 5.55904E+00 3.65626E-01 5.85662E-01 8.57467E-01 9.24281E-01
 5.62341E+00 3.66514E-01 5.87085E-01 8.59551E-01 9.25476E-01
 5.68853E+00 3.67387E-01 5.88482E-01 8.61597E-01 9.26656E-01
 5.75440E+00 3.68243E-01 5.89854E-01 8.63605E-01 9.27821E-01
 5.82103E+00 3.69084E-01 5.91201E-01 8.65577E-01 9.28972E-01
 5.88844E+00 3.69909E-01 5.92522E-01 8.67512E-01 9.30107E-01
 5.95662E+00 3.70719E-01 5.93820E-01 8.69411E-01 9.31228E-01
 6.02560E+00 3.71514E-01 5.95093E-01 8.71275E-01 9.32335E-01
 6.09537E+00 3.72294E-01 5.96342E-01 8.73105E-01 9.33427E-01
 6.16595E+00 3.73059E-01 5.97568E-01 8.74900E-01 9.34504E-01
 6.23735E+00 3.73810E-01 5.98771E-01 8.76661E-01 9.35567E-01
 6.30957E+00 3.74547E-01 5.99951E-01 8.78389E-01 9.36616E-01
 6.38263E+00 3.75269E-01 6.01109E-01 8.80084E-01 9.37651E-01
 6.45654E+00 3.75979E-01 6.02245E-01 8.81747E-01 9.38672E-01
 6.53131E+00 3.76674E-01 6.03359E-01 8.83378E-01 9.39680E-01
 6.60693E+00 3.77356E-01 6.04452E-01 8.84978E-01 9.40673E-01
 6.68344E+00 3.78026E-01 6.05524E-01 8.86548E-01 9.41653E-01
 6.76083E+00 3.78682E-01 6.06575E-01 8.88087E-01 9.42619E-01
 6.83912E+00 3.79325E-01 6.07606E-01 8.89596E-01 9.43572E-01
 6.91831E+00 3.79957E-01 6.08617E-01 8.91076E-01 9.44512E-01
 6.99842E+00 3.80575E-01 6.09608E-01 8.92527E-01 9.45439E-01
 7.07946E+00 3.81182E-01 6.10580E-01 8.93950E-01 9.46352E-01
 7.16143E+00 3.81777E-01 6.11533E-01 8.95345E-01 9.47253E-01
 7.24436E+00 3.82360E-01 6.12467E-01 8.96713E-01 9.48141E-01
 7.32825E+00 3.82932E-01 6.13383E-01 8.98054E-01 9.49016E-01
 7.41310E+00 3.83493E-01 6.14281E-01 8.99369E-01 9.49879E-01
 7.49894E+00 3.84042E-01 6.15161E-01 9.00657E-01 9.50729E-01
 7.58578E+00 3.84581E-01 6.16024E-01 9.01920E-01 9.51567E-01
 7.67361E+00 3.85108E-01 6.16869E-01 9.03158E-01 9.52393E-01
 7.76247E+00 3.85626E-01 6.17698E-01 9.04371E-01 9.53207E-01
 7.85236E+00 3.86133E-01 6.18510E-01 9.05560E-01 9.54009E-01
 7.94328E+00 3.86630E-01 6.19306E-01 9.06726E-01 9.54798E-01
 8.03526E+00 3.87116E-01 6.20086E-01 9.07867E-01 9.55577E-01
 8.12831E+00 3.87593E-01 6.20850E-01 9.08986E-01 9.56344E-01
 8.22243E+00 3.88061E-01 6.21599E-01 9.10083E-01 9.57099E-01
 8.31764E+00 3.88519E-01 6.22332E-01 9.11157E-01 9.57843E-01
 8.41395E+00 3.88968E-01 6.23051E-01 9.12209E-01 9.58576E-01
 8.51138E+00 3.89407E-01 6.23755E-01 9.13240E-01 9.59297E-01
 8.60994E+00 3.89838E-01 6.24445E-01 9.14251E-01 9.60008E-01
 8.70964E+00 3.90260E-01 6.25121E-01 9.15240E-01 9.60708E-01
 8.81049E+00 3.90674E-01 6.25784E-01 9.16210E-01 9.61398E-01
 8.91251E+00 3.91079E-01 6.26432E-01 9.17159E-01 9.62077E-01
 9.01571E+00 3.91475E-01 6.27067E-01 9.18090E-01 9.62745E-01
 9.12011E+00 3.91864E-01 6.27690E-01 9.19001E-01 9.63403E-01
 9.22571E+00 3.92244E-01 6.28299E-01 9.19893E-01 9.64051E-01
 9.33254E+00 3.92617E-01 6.28896E-01 9.20767E-01 9.64689E-01
 9.44061E+00 3.92982E-01 6.29481E-01 9.21623E-01 9.65316E-01
 9.54993E+00 3.93339E-01 6.30054E-01 9.22461E-01 9.65934E-01
 9.66051E+00 3.93689E-01 6.30614E-01 9.23282E-01 9.66543E-01
 9.77237E+00 3.94032E-01 6.31163E-01 9.24086E-01 9.67141E-01
 9.88553E+00 3.94368E-01 6.31701E-01 9.24874E-01 9.67731E-01
 1.00000E+01 3.94697E-01 6.32228E-01 9.25645E-01 9.68311E-01
 1.01158E+01 3.95019E-01 6.32743E-01 9.26400E-01 9.68881E-01
 1.02329E+01 3.95334E-01 6.33248E-01 9.27139E-01 9.69443E-01
 1.03514E+01 3.95642E-01 6.33743E-01 9.27862E-01 9.69996E-01
 1.04713E+01 3.95945E-01 6.34227E-01 9.28571E-01 9.70540E-01
 1.05925E+01 3.96240E-01 6.34700E-01 9.29265E-01 9.71075E-01
 1.07152E+01 3.96530E-01 6.35164E-01 9.29944E-01 9.71601E-01
 1.08393E+01 3.96814E-01 6.35619E-01 9.30609E-01 9.72119E-01
 1.09648E+01 3.97091E-01 6.36063E-01 9.31260E-01 9.72628E-01
 1.10917E+01 3.97363E-01 6.36498E-01 9.31897E-01 9.73130E-01
 1.12202E+01 3.97629E-01 6.36925E-01 9.32521E-01 9.73623E-01
 1.13501E+01 3.97889E-01 6.37342E-01 9.33132E-01 9.74108E-01
 1.14815E+01 3.98144E-01 6.37750E-01 9.33730E-01 9.74585E-01
 1.16145E+01 3.98394E-01 6.38150E-01 9.34315E-01 9.75054E-01
 1.17490E+01 3.98638E-01 6.38541E-01 9.34888E-01 9.75515E-01
 1.18850E+01 3.98877E-01 6.38924E-01 9.35448E-01 9.75969E-01
 1.20226E+01 3.99111E-01 6.39299E-01 9.35997E-01 9.76415E-01
 1.21619E+01 3.99340E-01 6.39665E-01 9.36534E-01 9.76854E-01
 1.23027E+01 3.99564E-01 6.40025E-01 9.37060E-01 9.77286E-01
 1.24451E+01 3.99784E-01 6.40376E-01 9.37574E-01 9.77710E-01
 1.25893E+01 3.99998E-01 6.40720E-01 9.38078E-01 9.78128E-01
 1.27350E+01 4.00208E-01 6.41056E-01 9.38571E-01 9.78538E-01
 1.28825E+01 4.00414E-01 6.41386E-01 9.39053E-01 9.78941E-01
 1.30317E+01 4.00615E-01 6.41708E-01 9.39525E-01 9.79338E-01
 1.31826E+01 4.00812E-01 6.42024E-01 9.39987E-01 9.79728E-01
 1.33352E+01 4.01005E-01 6.42332E-01 9.40439E-01 9.80111E-01
 1.34896E+01 4.01193E-01 6.42634E-01 9.40881E-01 9.80488E-01
 1.36458E+01 4.01378E-01 6.42930E-01 9.41314E-01 9.80859E-01
 1.38038E+01 4.01559E-01 6.43219E-01 9.41737E-01 9.81223E-01
 1.39637E+01 4.01735E-01 6.43502E-01 9.42152E-01 9.81581E-01
 1.41254E+01 4.01908E-01 6.43779E-01 9.42557E-01 9.81932E-01
 1.42889E+01 4.02077E-01 6.44050E-01 9.42954E-01 9.82278E-01
 1.44544E+01 4.02243E-01 6.44315E-01 9.43342E-01 9.82618E-01
 1.46218E+01 4.02405E-01 6.44575E-01 9.43722E-01 9.82952E-01
 1.47911E+01 4.02563E-01 6.44829E-01 9.44094E-01 9.83281E-01
 1.49624E+01 4.02718E-01 6.45077E-01 9.44457E-01 9.83603E-01
 1.51356E+01 4.02870E-01 6.45320E-01 9.44813E-01 9.83920E-01
 1.53109E+01 4.03018E-01 6.45558E-01 9.45161E-01 9.84232E-01
 1.54882E+01 4.03164E-01 6.45790E-01 9.45502E-01 9.84538E-01
 1.56675E+01 4.03306E-01 6.46018E-01 9.45835E-01 9.84839E-01
 1.58489E+01 4.03445E-01 6.46240E-01 9.46161E-01 9.85135E-01
 1.60325E+01 4.03581E-01 6.46458E-01 9.46480E-01 9.85425E-01
 1.62181E+01 4.03714E-01 6.46671E-01 9.46791E-01 9.85710E-01
 1.64059E+01 4.03844E-01 6.46880E-01 9.47097E-01 9.85991E-01
 1.65959E+01 4.03971E-01 6.47084E-01 9.47395E-01 9.86266E-01
 1.67880E+01 4.04096E-01 6.47283E-01 9.47687E-01 9.86537E-01
 1.69824E+01 4.04217E-01 6.47478E-01 9.47973E-01 9.86803E-01
 1.71791E+01 4.04337E-01 6.47669E-01 9.48252E-01 9.87064E-01
 1.73780E+01 4.04453E-01 6.47856E-01 9.48526E-01 9.87321E-01
 1.75792E+01 4.04567E-01 6.48038E-01 9.48793E-01 9.87573E-01
 1.77828E+01 4.04679E-01 6.48217E-01 9.49055E-01 9.87821E-01
 1.79887E+01 4.04788E-01 6.48392E-01 9.49311E-01 9.88064E-01
 1.81970E+01 4.04895E-01 6.48563E-01 9.49561E-01 9.88303E-01
 1.84077E+01 4.04999E-01 6.48730E-01 9.49806E-01 9.88538E-01
 1.86209E+01 4.05101E-01 6.48894E-01 9.50045E-01 9.88768E-01
 1.88365E+01 4.05201E-01 6.49054E-01 9.50279E-01 9.88995E-01
 1.90546E+01 4.05299E-01 6.49210E-01 9.50508E-01 9.89217E-01
 1.92752E+01 4.05394E-01 6.49363E-01 9.50733E-01 9.89436E-01
 1.94984E+01 4.05488E-01 6.49513E-01 9.50952E-01 9.89650E-01
 1.97242E+01 4.05579E-01 6.49659E-01 9.51166E-01 9.89861E-01
 1.99526E+01 4.05668E-01 6.49802E-01 9.51376E-01 9.90068E-01
 2.01837E+01 4.05756E-01 6.49943E-01 9.51581E-01 9.90271E-01
 2.04174E+01 4.05841E-01 6.50079E-01 9.51781E-01 9.90471E-01
 2.06538E+01 4.05925E-01 6.50213E-01 9.51978E-01 9.90667E-01
 2.08930E+01 4.06007E-01 6.50345E-01 9.52169E-01 9.90859E-01
 2.11349E+01 4.06087E-01 6.50473E-01 9.52357E-01 9.91048E-01
 2.13796E+01 4.06165E-01 6.50598E-01 9.52541E-01 9.91234E-01
 2.16272E+01 4.06242E-01 6.50721E-01 9.52720E-01 9.91416E-01
 2.18776E+01 4.06316E-01 6.50840E-01 9.52895E-01 9.91595E-01
 2.21309E+01 4.06390E-01 6.50958E-01 9.53067E-01 9.91770E-01
 2.23872E+01 4.06461E-01 6.51072E-01 9.53235E-01 9.91943E-01
 2.26464E+01 4.06531E-01 6.51184E-01 9.53399E-01 9.92112E-01
 2.29087E+01 4.06600E-01 6.51294E-01 9.53560E-01 9.92278E-01
 2.31739E+01 4.06667E-01 6.51401E-01 9.53717E-01 9.92441E-01
 2.34423E+01 4.06732E-01 6.51506E-01 9.53870E-01 9.92601E-01
 2.37137E+01 4.06796E-01 6.51609E-01 9.54020E-01 9.92757E-01
 2.39883E+01 4.06859E-01 6.51709E-01 9.54167E-01 9.92910E-01
 2.42661E+01 4.06920E-01 6.51807E-01 9.54311E-01 9.93060E-01
 2.45471E+01 4.06980E-01 6.51903E-01 9.54451E-01 9.93206E-01
 2.48313E+01 4.07038E-01 6.51997E-01 9.54588E-01 9.93349E-01
 2.51189E+01 4.07096E-01 6.52088E-01 9.54723E-01 9.93488E-01
 2.54097E+01 4.07152E-01 6.52178E-01 9.54854E-01 9.93625E-01
 2.57040E+01 4.07206E-01 6.52266E-01 9.54982E-01 9.93758E-01
 2.60016E+01 4.07260E-01 6.52352E-01 9.55108E-01 9.93889E-01
 2.63027E+01 4.07312E-01 6.52435E-01 9.55231E-01 9.94017E-01
 2.66073E+01 4.07363E-01 6.52517E-01 9.55351E-01 9.94142E-01
 2.69153E+01 4.07413E-01 6.52598E-01 9.55468E-01 9.94264E-01
 2.72270E+01 4.07462E-01 6.52676E-01 9.55583E-01 9.94383E-01
 2.75423E+01 4.07510E-01 6.52753E-01 9.55695E-01 9.94500E-01
 2.78612E+01 4.07557E-01 6.52828E-01 9.55805E-01 9.94614E-01
 2.81838E+01 4.07603E-01 6.52901E-01 9.55912E-01 9.94726E-01
 2.85102E+01 4.07648E-01 6.52973E-01 9.56017E-01 9.94835E-01
 2.88403E+01 4.07691E-01 6.53043E-01 9.56120E-01 9.94942E-01
 2.91743E+01 4.07734E-01 6.53111E-01 9.56220E-01 9.95046E-01
 2.95121E+01 4.07776E-01 6.53178E-01 9.56318E-01 9.95148E-01
 2.98538E+01 4.07817E-01 6.53244E-01 9.56414E-01 9.95248E-01
 3.01995E+01 4.07857E-01 6.53308E-01 9.56508E-01 9.95346E-01
 3.05492E+01 4.07896E-01 6.53370E-01 9.56599E-01 9.95441E-01
 3.09030E+01 4.07934E-01 6.53431E-01 9.56689E-01 9.95534E-01
 3.12608E+01 4.07971E-01 6.53491E-01 9.56777E-01 9.95626E-01
 3.16228E+01 4.08008E-01 6.53550E-01 9.56862E-01 9.95715E-01
 3.19890E+01 4.08044E-01 6.53607E-01 9.56946E-01 9.95802E-01
 3.23594E+01 4.08079E-01 6.53663E-01 9.57028E-01 9.95887E-01
 3.27341E+01 4.08113E-01 6.53718E-01 9.57108E-01 9.95971E-01
 3.31131E+01 4.08146E-01 6.53771E-01 9.57186E-01 9.96052E-01
 3.34965E+01 4.08179E-01 6.53824E-01 9.57263E-01 9.96132E-01
 3.38844E+01 4.08211E-01 6.53875E-01 9.57338E-01 9.96210E-01
 3.42768E+01 4.08242E-01 6.53925E-01 9.57411E-01 9.96286E-01
 3.46737E+01 4.08272E-01 6.53974E-01 9.57483E-01 9.96360E-01
 3.50752E+01 4.08302E-01 6.54021E-01 9.57553E-01 9.96433E-01
 3.54813E+01 4.08331E-01 6.54068E-01 9.57621E-01 9.96504E-01
 3.58922E+01 4.08360E-01 6.54114E-01 9.57688E-01 9.96574E-01
 3.63078E+01 4.08388E-01 6.54158E-01 9.57753E-01 9.96642E-01
 3.67282E+01 4.08415E-01 6.54202E-01 9.57817E-01 9.96708E-01
 3.71535E+01 4.08442E-01 6.54245E-01 9.57880E-01 9.96773E-01
 3.75837E+01 4.08468E-01 6.54286E-01 9.57941E-01 9.96837E-01
 3.80189E+01 4.08493E-01 6.54327E-01 9.58000E-01 9.96899E-01
 3.84592E+01 4.08518E-01 6.54367E-01 9.58059E-01 9.96960E-01
 3.89045E+01 4.08542E-01 6.54406E-01 9.58116E-01 9.97019E-01
 3.93550E+01 4.08566E-01 6.54444E-01 9.58172E-01 9.97077E-01
 3.98107E+01 4.08590E-01 6.54481E-01 9.58226E-01 9.97134E-01
 4.02717E+01 4.08612E-01 6.54518E-01 9.58280E-01 9.97190E-01
 4.07380E+01 4.08635E-01 6.54553E-01 9.58332E-01 9.97244E-01
 4.12098E+01 4.08656E-01 6.54588E-01 9.58383E-01 9.97297E-01
 4.16869E+01 4.08678E-01 6.54622E-01 9.58433E-01 9.97349E-01
 4.21697E+01 4.08698E-01 6.54656E-01 9.58481E-01 9.97399E-01
 4.26580E+01 4.08719E-01 6.54688E-01 9.58529E-01 9.97449E-01
 4.31519E+01 4.08738E-01 6.54720E-01 9.58575E-01 9.97497E-01
 4.36516E+01 4.08758E-01 6.54751E-01 9.58621E-01 9.97545E-01
 4.41570E+01 4.08777E-01 6.54781E-01 9.58666E-01 9.97591E-01
 4.46684E+01 4.08795E-01 6.54811E-01 9.58709E-01 9.97636E-01
 4.51856E+01 4.08814E-01 6.54840E-01 9.58752E-01 9.97681E-01
 4.57088E+01 4.08831E-01 6.54869E-01 9.58793E-01 9.97724E-01
 4.62381E+01 4.08849E-01 6.54896E-01 9.58834E-01 9.97766E-01
 4.67735E+01 4.08866E-01 6.54923E-01 9.58873E-01 9.97808E-01
 4.73151E+01 4.08882E-01 6.54950E-01 9.58912E-01 9.97848E-01
 4.78630E+01 4.08898E-01 6.54976E-01 9.58950E-01 9.97887E-01
 4.84172E+01 4.08914E-01 6.55001E-01 9.58987E-01 9.97926E-01
 4.89779E+01 4.08930E-01 6.55026E-01 9.59024E-01 9.97964E-01
 4.95450E+01 4.08945E-01 6.55050E-01 9.59059E-01 9.98001E-01
 5.01187E+01 4.08959E-01 6.55074E-01 9.59094E-01 9.98037E-01
 5.06991E+01 4.08974E-01 6.55097E-01 9.59128E-01 9.98072E-01
 5.12861E+01 4.08988E-01 6.55120E-01 9.59161E-01 9.98107E-01
 5.18800E+01 4.09002E-01 6.55142E-01 9.59193E-01 9.98140E-01
 5.24807E+01 4.09015E-01 6.55163E-01 9.59225E-01 9.98173E-01
 5.30884E+01 4.09029E-01 6.55185E-01 9.59256E-01 9.98205E-01
 5.37032E+01 4.09041E-01 6.55205E-01 9.59286E-01 9.98237E-01
 5.43250E+01 4.09054E-01 6.55225E-01 9.59316E-01 9.98268E-01
 5.49541E+01 4.09066E-01 6.55245E-01 9.59345E-01 9.98298E-01
 5.55904E+01 4.09078E-01 6.55265E-01 9.59373E-01 9.98327E-01
 5.62341E+01 4.09090E-01 6.55283E-01 9.59400E-01 9.98356E-01
 5.68853E+01 4.09102E-01 6.55302E-01 9.59427E-01 9.98384E-01
 5.75440E+01 4.09113E-01 6.55320E-01 9.59454E-01 9.98411E-01
 5.82103E+01 4.09124E-01 6.55337E-01 9.59480E-01 9.98438E-01
 5.88844E+01 4.09135E-01 6.55355E-01 9.59505E-01 9.98465E-01
 5.95662E+01 4.09145E-01 6.55372E-01 9.59529E-01 9.98490E-01
 6.02560E+01 4.09156E-01 6.55388E-01 9.59554E-01 9.98515E-01
 6.09537E+01 4.09166E-01 6.55404E-01 9.59577E-01 9.98540E-01
 6.16595E+01 4.09175E-01 6.55420E-01 9.59600E-01 9.98564E-01
 6.23735E+01 4.09185E-01 6.55435E-01 9.59623E-01 9.98587E-01
 6.30957E+01 4.09194E-01 6.55450E-01 9.59645E-01 9.98610E-01
 6.38263E+01 4.09204E-01 6.55465E-01 9.59666E-01 9.98632E-01
 6.45654E+01 4.09212E-01 6.55479E-01 9.59687E-01 9.98654E-01
 6.53131E+01 4.09221E-01 6.55493E-01 9.59708E-01 9.98676E-01
 6.60693E+01 4.09230E-01 6.55507E-01 9.59728E-01 9.98697E-01
 6.68344E+01 4.09238E-01 6.55520E-01 9.59747E-01 9.98717E-01
 6.76083E+01 4.09246E-01 6.55534E-01 9.59767E-01 9.98737E-01
 6.83912E+01 4.09254E-01 6.55546E-01 9.59785E-01 9.98757E-01
 6.91831E+01 4.09262E-01 6.55559E-01 9.59804E-01 9.98776E-01
 6.99842E+01 4.09270E-01 6.55571E-01 9.59822E-01 9.98794E-01
 7.07946E+01 4.09277E-01 6.55583E-01 9.59839E-01 9.98812E-01
 7.16143E+01 4.09285E-01 6.55595E-01 9.59856E-01 9.98830E-01
 7.24436E+01 4.09292E-01 6.55606E-01 9.59873E-01 9.98848E-01
 7.32825E+01 4.09299E-01 6.55617E-01 9.59889E-01 9.98865E-01
 7.41310E+01 4.09305E-01 6.55628E-01 9.59905E-01 9.98881E-01
 7.49894E+01 4.09312E-01 6.55639E-01 9.59921E-01 9.98898E-01
 7.58578E+01 4.09319E-01 6.55649E-01 9.59936E-01 9.98914E-01
 7.67361E+01 4.09325E-01 6.55660E-01 9.59951E-01 9.98929E-01
 7.76247E+01 4.09331E-01 6.55670E-01 9.59966E-01 9.98944E-01
 7.85236E+01 4.09337E-01 6.55679E-01 9.59980E-01 9.98959E-01
 7.94328E+01 4.09343E-01 6.55689E-01 9.59994E-01 9.98974E-01
 8.03526E+01 4.09349E-01 6.55698E-01 9.60008E-01 9.98988E-01
 8.12831E+01 4.09355E-01 6.55707E-01 9.60021E-01 9.99002E-01
 8.22243E+01 4.09360E-01 6.55716E-01 9.60034E-01 9.99015E-01
 8.31764E+01 4.09366E-01 6.55725E-01 9.60047E-01 9.99028E-01
 8.41395E+01 4.09371E-01 6.55733E-01 9.60059E-01 9.99041E-01
 8.51138E+01 4.09376E-01 6.55742E-01 9.60071E-01 9.99054E-01
 8.60994E+01 4.09381E-01 6.55750E-01 9.60083E-01 9.99066E-01
 8.70964E+01 4.09386E-01 6.55758E-01 9.60095E-01 9.99078E-01
 8.81049E+01 4.09391E-01 6.55765E-01 9.60106E-01 9.99090E-01
 8.91251E+01 4.09396E-01 6.55773E-01 9.60117E-01 9.99102E-01
 9.01571E+01 4.09400E-01 6.55780E-01 9.60128E-01 9.99113E-01
 9.12011E+01 4.09405E-01 6.55788E-01 9.60139E-01 9.99124E-01
 9.22571E+01 4.09409E-01 6.55795E-01 9.60149E-01 9.99135E-01
 9.33254E+01 4.09414E-01 6.55802E-01 9.60159E-01 9.99145E-01
 9.44061E+01 4.09418E-01 6.55808E-01 9.60169E-01 9.99156E-01
 9.54993E+01 4.09422E-01 6.55815E-01 9.60179E-01 9.99166E-01
 9.66051E+01 4.09426E-01 6.55821E-01 9.60188E-01 9.99176E-01
 9.77237E+01 4.09430E-01 6.55828E-01 9.60197E-01 9.99185E-01
 9.88553E+01 4.09434E-01 6.55834E-01 9.60206E-01 9.99195E-01
 1.00000E+02 4.09438E-01 6.55840E-01 9.60215E-01 9.99204E-01
