 1.00000E-02 2.14067E-02 4.08418E-02 7.57170E-02 8.17111E-02
 2.00000E-02 2.40785E-02 4.64233E-02 8.88873E-02 9.70743E-02
 3.00000E-02 2.68096E-02 5.22182E-02 1.03366E-01 1.14696E-01
 4.00000E-02 2.95924E-02 5.81236E-02 1.18776E-01 1.34934E-01
 5.00000E-02 3.24016E-02 6.40701E-02 1.34611E-01 1.57801E-01
 6.00000E-02 3.52162E-02 7.00068E-02 1.50423E-01 1.81659E-01
 7.00000E-02 3.80225E-02 7.58886E-02 1.65931E-01 2.04689E-01
 8.00000E-02 4.08109E-02 8.16884E-02 1.80991E-01 2.26573E-01
 9.00000E-02 4.35735E-02 8.73909E-02 1.95535E-01 2.47320E-01
 1.00000E-01 4.63059E-02 9.29853E-02 2.09546E-01 2.67001E-01
 1.10000E-01 4.90068E-02 9.84676E-02 2.23029E-01 2.85689E-01
 1.20000E-01 5.16731E-02 1.03836E-01 2.36002E-01 3.03447E-01
 1.30000E-01 5.43049E-02 1.09094E-01 2.48489E-01 3.20354E-01
 1.40000E-01 5.69026E-02 1.14239E-01 2.60512E-01 3.36459E-01
 1.50000E-01 5.94666E-02 1.19279E-01 2.72093E-01 3.51831E-01
 1.60000E-01 6.19976E-02 1.24213E-01 2.83256E-01 3.66510E-01
 1.70000E-01 6.44965E-02 1.29048E-01 2.94025E-01 3.80554E-01
 1.80000E-01 6.69658E-02 1.33788E-01 3.04427E-01 3.93995E-01
 1.90000E-01 6.94054E-02 1.38436E-01 3.14476E-01 4.06884E-01
 2.00000E-01 7.18180E-02 1.42997E-01 3.24192E-01 4.19245E-01
 2.10000E-01 7.42044E-02 1.47474E-01 3.33600E-01 4.31124E-01
 2.20000E-01 7.65663E-02 1.51873E-01 3.42708E-01 4.42539E-01
 2.30000E-01 7.89053E-02 1.56196E-01 3.51541E-01 4.53529E-01
 2.40000E-01 8.12230E-02 1.60448E-01 3.60106E-01 4.64111E-01
 2.50000E-01 8.35210E-02 1.64633E-01 3.68424E-01 4.74314E-01
 2.60000E-01 8.58007E-02 1.68754E-01 3.76502E-01 4.84158E-01
 2.70000E-01 8.80636E-02 1.72814E-01 3.84358E-01 4.93661E-01
 2.80000E-01 9.03111E-02 1.76817E-01 3.91999E-01 5.02849E-01
 2.90000E-01 9.25445E-02 1.80765E-01 3.99437E-01 5.11732E-01
 3.00000E-01 9.47656E-02 1.84662E-01 4.06684E-01 5.20330E-01
 3.10000E-01 9.69753E-02 1.88511E-01 4.13747E-01 5.28657E-01
 3.20000E-01 9.91749E-02 1.92314E-01 4.20634E-01 5.36724E-01
 3.30000E-01 1.01366E-01 1.96073E-01 4.27354E-01 5.44550E-01
 3.40000E-01 1.03549E-01 1.99791E-01 4.33917E-01 5.52143E-01
 3.50000E-01 1.05727E-01 2.03471E-01 4.40328E-01 5.59513E-01
 3.60000E-01 1.07898E-01 2.07114E-01 4.46593E-01 5.66675E-01
 3.70000E-01 1.10066E-01 2.10723E-01 4.52719E-01 5.73636E-01
 3.80000E-01 1.12231E-01 2.14299E-01 4.58711E-01 5.80403E-01
 3.90000E-01 1.14394E-01 2.17844E-01 4.64577E-01 5.86989E-01
 4.00000E-01 1.16556E-01 2.21361E-01 4.70320E-01 5.93400E-01
 4.10000E-01 1.18718E-01 2.24850E-01 4.75945E-01 5.99642E-01
 4.20000E-01 1.20881E-01 2.28313E-01 4.81458E-01 6.05723E-01
 4.30000E-01 1.23046E-01 2.31753E-01 4.86862E-01 6.11653E-01
 4.40000E-01 1.25213E-01 2.35169E-01 4.92162E-01 6.17434E-01
 4.50000E-01 1.27385E-01 2.38565E-01 4.97361E-01 6.23072E-01
 4.60000E-01 1.29562E-01 2.41940E-01 5.02463E-01 6.28575E-01
 4.70000E-01 1.31744E-01 2.45297E-01 5.07471E-01 6.33947E-01
 4.80000E-01 1.33932E-01 2.48636E-01 5.12389E-01 6.39194E-01
 4.90000E-01 1.36128E-01 2.51959E-01 5.17219E-01 6.44318E-01
 5.00000E-01 1.38332E-01 2.55267E-01 5.21965E-01 6.49324E-01
 5.10000E-01 1.40545E-01 2.58560E-01 5.26629E-01 6.54220E-01
 5.20000E-01 1.42767E-01 2.61840E-01 5.31214E-01 6.59006E-01
 5.30000E-01 1.45001E-01 2.65108E-01 5.35722E-01 6.63687E-01
 5.40000E-01 1.47245E-01 2.68365E-01 5.40156E-01 6.68266E-01
 5.50000E-01 1.49502E-01 2.71612E-01 5.44518E-01 6.72746E-01
 5.60000E-01 1.51771E-01 2.74850E-01 5.48810E-01 6.77133E-01
 5.70000E-01 1.54054E-01 2.78079E-01 5.53034E-01 6.81428E-01
 5.80000E-01 1.56351E-01 2.81300E-01 5.57192E-01 6.85633E-01
 5.90000E-01 1.58663E-01 2.84515E-01 5.61285E-01 6.89752E-01
 6.00000E-01 1.60991E-01 2.87723E-01 5.65317E-01 6.93787E-01
 6.10000E-01 1.63335E-01 2.90926E-01 5.69287E-01 6.97742E-01
 6.20000E-01 1.65695E-01 2.94124E-01 5.73198E-01 7.01618E-01
 6.30000E-01 1.68072E-01 2.97319E-01 5.77052E-01 7.05418E-01
 6.40000E-01 1.70468E-01 3.00510E-01 5.80850E-01 7.09144E-01
 6.50000E-01 1.72881E-01 3.03698E-01 5.84592E-01 7.12797E-01
 6.60000E-01 1.75314E-01 3.06885E-01 5.88282E-01 7.16381E-01
 6.70000E-01 1.77765E-01 3.10070E-01 5.91919E-01 7.19896E-01
 6.80000E-01 1.80237E-01 3.13254E-01 5.95506E-01 7.23346E-01
 6.90000E-01 1.82728E-01 3.16438E-01 5.99043E-01 7.26731E-01
 7.00000E-01 1.85239E-01 3.19622E-01 6.02531E-01 7.30054E-01
 7.10000E-01 1.87770E-01 3.22807E-01 6.05972E-01 7.33316E-01
 7.20000E-01 1.90322E-01 3.25993E-01 6.09367E-01 7.36518E-01
 7.30000E-01 1.92895E-01 3.29181E-01 6.12717E-01 7.39663E-01
 7.40000E-01 1.95488E-01 3.32371E-01 6.16022E-01 7.42751E-01
 7.50000E-01 1.98103E-01 3.35563E-01 6.19284E-01 7.45784E-01
 7.60000E-01 2.00738E-01 3.38758E-01 6.22503E-01 7.48764E-01
 7.70000E-01 2.03394E-01 3.41956E-01 6.25682E-01 7.51691E-01
 7.80000E-01 2.06071E-01 3.45157E-01 6.28819E-01 7.54567E-01
 7.90000E-01 2.08768E-01 3.48362E-01 6.31918E-01 7.57394E-01
 8.00000E-01 2.11485E-01 3.51571E-01 6.34976E-01 7.60173E-01
 8.10000E-01 2.14222E-01 3.54784E-01 6.37998E-01 7.62904E-01
 8.20000E-01 2.16979E-01 3.58002E-01 6.40981E-01 7.65589E-01
 8.30000E-01 2.19726E-01 3.61223E-01 6.43928E-01 7.68228E-01
 8.40000E-01 2.22430E-01 3.64449E-01 6.46839E-01 7.70823E-01
 8.50000E-01 2.25090E-01 3.67680E-01 6.49715E-01 7.73376E-01
 8.60000E-01 2.27707E-01 3.70915E-01 6.52557E-01 7.75886E-01
 8.70000E-01 2.30282E-01 3.74155E-01 6.55364E-01 7.78354E-01
 8.80000E-01 2.32814E-01 3.77400E-01 6.58139E-01 7.80783E-01
 8.90000E-01 2.35305E-01 3.80649E-01 6.60881E-01 7.83172E-01
 9.00000E-01 2.37755E-01 3.83903E-01 6.63591E-01 7.85523E-01
 9.10000E-01 2.40165E-01 3.87161E-01 6.66270E-01 7.87836E-01
 9.20000E-01 2.42534E-01 3.90423E-01 6.68918E-01 7.90112E-01
 9.30000E-01 2.44863E-01 3.93689E-01 6.71536E-01 7.92352E-01
 9.40000E-01 2.47154E-01 3.96958E-01 6.74125E-01 7.94556E-01
 9.50000E-01 2.49406E-01 4.00232E-01 6.76684E-01 7.96726E-01
 9.60000E-01 2.51619E-01 4.03508E-01 6.79214E-01 7.98863E-01
 9.70000E-01 2.53796E-01 4.06788E-01 6.81717E-01 8.00966E-01
 9.80000E-01 2.55936E-01 4.10070E-01 6.84192E-01 8.03037E-01
 9.90000E-01 2.58039E-01 4.13354E-01 6.86640E-01 8.05076E-01
 1.00000E+00 2.60106E-01 4.16640E-01 6.89061E-01 8.07083E-01
 1.01158E+00 2.62457E-01 4.20405E-01 6.91832E-01 8.09370E-01
 1.02329E+00 2.64787E-01 4.24137E-01 6.94600E-01 8.11643E-01
 1.03514E+00 2.67097E-01 4.27838E-01 6.97366E-01 8.13902E-01
 1.04713E+00 2.69386E-01 4.31505E-01 7.00128E-01 8.16146E-01
 1.05925E+00 2.71655E-01 4.35138E-01 7.02887E-01 8.18375E-01
 1.07152E+00 2.73902E-01 4.38738E-01 7.05642E-01 8.20590E-01
 1.08393E+00 2.76127E-01 4.42302E-01 7.08394E-01 8.22791E-01
 1.09648E+00 2.78330E-01 4.45831E-01 7.11143E-01 8.24976E-01
 1.10917E+00 2.80511E-01 4.49325E-01 7.13887E-01 8.27146E-01
 1.12202E+00 2.82670E-01 4.52782E-01 7.16628E-01 8.29301E-01
 1.13501E+00 2.84805E-01 4.56203E-01 7.19364E-01 8.31441E-01
 1.14815E+00 2.86918E-01 4.59587E-01 7.22097E-01 8.33566E-01
 1.16145E+00 2.89007E-01 4.62933E-01 7.24825E-01 8.35675E-01
 1.17490E+00 2.91073E-01 4.66243E-01 7.27549E-01 8.37768E-01
 1.18850E+00 2.93115E-01 4.69514E-01 7.30268E-01 8.39847E-01
 1.20226E+00 2.95134E-01 4.72747E-01 7.32982E-01 8.41909E-01
 1.21619E+00 2.97128E-01 4.75942E-01 7.35692E-01 8.43955E-01
 1.23027E+00 2.99099E-01 4.79099E-01 7.38397E-01 8.45986E-01
 1.24451E+00 3.01046E-01 4.82217E-01 7.41097E-01 8.48000E-01
 1.25893E+00 3.02968E-01 4.85296E-01 7.43792E-01 8.49998E-01
 1.27350E+00 3.04866E-01 4.88336E-01 7.46481E-01 8.51981E-01
 1.28825E+00 3.06740E-01 4.91337E-01 7.49166E-01 8.53947E-01
 1.30317E+00 3.08589E-01 4.94300E-01 7.51844E-01 8.55896E-01
 1.31826E+00 3.10414E-01 4.97223E-01 7.54517E-01 8.57830E-01
 1.33352E+00 3.12214E-01 5.00107E-01 7.57184E-01 8.59747E-01
 1.34896E+00 3.13991E-01 5.02952E-01 7.59845E-01 8.61648E-01
 1.36458E+00 3.15742E-01 5.05758E-01 7.62501E-01 8.63532E-01
 1.38038E+00 3.17470E-01 5.08525E-01 7.65150E-01 8.65399E-01
 1.39637E+00 3.19173E-01 5.11253E-01 7.67793E-01 8.67250E-01
 1.41254E+00 3.20852E-01 5.13943E-01 7.70429E-01 8.69084E-01
 1.42889E+00 3.22507E-01 5.16593E-01 7.73059E-01 8.70902E-01
 1.44544E+00 3.24137E-01 5.19205E-01 7.75682E-01 8.72703E-01
 1.46218E+00 3.25744E-01 5.21779E-01 7.78299E-01 8.74487E-01
 1.47911E+00 3.27327E-01 5.24314E-01 7.80908E-01 8.76254E-01
 1.49624E+00 3.28885E-01 5.26811E-01 7.83510E-01 8.78005E-01
 1.51356E+00 3.30421E-01 5.29270E-01 7.86105E-01 8.79739E-01
 1.53109E+00 3.31932E-01 5.31692E-01 7.88693E-01 8.81456E-01
 1.54882E+00 3.33421E-01 5.34075E-01 7.91273E-01 8.83156E-01
 1.56675E+00 3.34886E-01 5.36422E-01 7.93845E-01 8.84840E-01
 1.58489E+00 3.36328E-01 5.38732E-01 7.96409E-01 8.86506E-01
 1.60325E+00 3.37747E-01 5.41005E-01 7.98965E-01 8.88156E-01
 1.62181E+00 3.39143E-01 5.43241E-01 8.01513E-01 8.89789E-01
 1.64059E+00 3.40517E-01 5.45442E-01 8.04052E-01 8.91405E-01
 1.65959E+00 3.41868E-01 5.47606E-01 8.06583E-01 8.93005E-01
 1.67880E+00 3.43197E-01 5.49735E-01 8.09105E-01 8.94588E-01
 1.69824E+00 3.44504E-01 5.51829E-01 8.11618E-01 8.96153E-01
 1.71791E+00 3.45789E-01 5.53887E-01 8.14121E-01 8.97703E-01
 1.73780E+00 3.47053E-01 5.55911E-01 8.16615E-01 8.99235E-01
 1.75792E+00 3.48295E-01 5.57901E-01 8.19099E-01 9.00751E-01
 1.77828E+00 3.49516E-01 5.59857E-01 8.21574E-01 9.02250E-01
 1.79887E+00 3.50716E-01 5.61779E-01 8.24038E-01 9.03733E-01
 1.81970E+00 3.51895E-01 5.63668E-01 8.26491E-01 9.05199E-01
 1.84077E+00 3.53054E-01 5.65524E-01 8.28934E-01 9.06649E-01
 1.86209E+00 3.54192E-01 5.67348E-01 8.31366E-01 9.08082E-01
 1.88365E+00 3.55311E-01 5.69139E-01 8.33787E-01 9.09499E-01
 1.90546E+00 3.56410E-01 5.70899E-01 8.36197E-01 9.10899E-01
 1.92752E+00 3.57489E-01 5.72628E-01 8.38594E-01 9.12283E-01
 1.94984E+00 3.58548E-01 5.74325E-01 8.40979E-01 9.13651E-01
 1.97242E+00 3.59589E-01 5.75992E-01 8.43352E-01 9.15003E-01
 1.99526E+00 3.60611E-01 5.77628E-01 8.45713E-01 9.16339E-01
 2.01837E+00 3.61614E-01 5.79235E-01 8.48058E-01 9.17658E-01
 2.04174E+00 3.62599E-01 5.80813E-01 8.50368E-01 9.18962E-01
 2.06538E+00 3.63565E-01 5.82361E-01 8.52635E-01 9.20250E-01
 2.08930E+00 3.64514E-01 5.83881E-01 8.54860E-01 9.21522E-01
 2.11349E+00 3.65445E-01 5.85372E-01 8.57044E-01 9.22778E-01
 2.13796E+00 3.66359E-01 5.86836E-01 8.59187E-01 9.24019E-01
 2.16272E+00 3.67255E-01 5.88272E-01 8.61289E-01 9.25244E-01
 2.18776E+00 3.68135E-01 5.89681E-01 8.63352E-01 9.26454E-01
 2.21309E+00 3.68998E-01 5.91064E-01 8.65377E-01 9.27648E-01
 2.23872E+00 3.69845E-01 5.92420E-01 8.67362E-01 9.28827E-01
 2.26464E+00 3.70675E-01 5.93750E-01 8.69310E-01 9.29991E-01
 2.29087E+00 3.71490E-01 5.95055E-01 8.71220E-01 9.31139E-01
 2.31739E+00 3.72289E-01 5.96335E-01 8.73094E-01 9.32273E-01
 2.34423E+00 3.73073E-01 5.97590E-01 8.74932E-01 9.33392E-01
 2.37137E+00 3.73841E-01 5.98821E-01 8.76734E-01 9.34496E-01
 2.39883E+00 3.74594E-01 6.00028E-01 8.78501E-01 9.35585E-01
 2.42661E+00 3.75333E-01 6.01211E-01 8.80233E-01 9.36660E-01
 2.45471E+00 3.76057E-01 6.02371E-01 8.81931E-01 9.37720E-01
 2.48313E+00 3.76767E-01 6.03508E-01 8.83597E-01 9.38765E-01
 2.51189E+00 3.77463E-01 6.04623E-01 8.85229E-01 9.39797E-01
 2.54097E+00 3.78146E-01 6.05716E-01 8.86829E-01 9.40814E-01
 2.57040E+00 3.78814E-01 6.06787E-01 8.88397E-01 9.41817E-01
 2.60016E+00 3.79470E-01 6.07837E-01 8.89934E-01 9.42806E-01
 2.63027E+00 3.80112E-01 6.08866E-01 8.91440E-01 9.43782E-01
 2.66073E+00 3.80741E-01 6.09874E-01 8.92917E-01 9.44743E-01
 2.69153E+00 3.81358E-01 6.10862E-01 8.94363E-01 9.45692E-01
 2.72270E+00 3.81963E-01 6.11830E-01 8.95781E-01 9.46626E-01
 2.75423E+00 3.82555E-01 6.12779E-01 8.97169E-01 9.47547E-01
 2.78612E+00 3.83135E-01 6.13708E-01 8.98530E-01 9.48455E-01
 2.81838E+00 3.83703E-01 6.14619E-01 8.99863E-01 9.49350E-01
 2.85102E+00 3.84260E-01 6.15511E-01 9.01169E-01 9.50232E-01
 2.88403E+00 3.84806E-01 6.16384E-01 9.02448E-01 9.51101E-01
 2.91743E+00 3.85340E-01 6.17240E-01 9.03702E-01 9.51957E-01
 2.95121E+00 3.85863E-01 6.18079E-01 9.04929E-01 9.52800E-01
 2.98538E+00 3.86376E-01 6.18900E-01 9.06131E-01 9.53631E-01
 3.01995E+00 3.86878E-01 6.19704E-01 9.07309E-01 9.54450E-01
 3.05492E+00 3.87370E-01 6.20492E-01 9.08462E-01 9.55256E-01
 3.09030E+00 3.87851E-01 6.21263E-01 9.09591E-01 9.56050E-01
 3.12608E+00 3.88323E-01 6.22018E-01 9.10697E-01 9.56832E-01
 3.16228E+00 3.88785E-01 6.22758E-01 9.11780E-01 9.57602E-01
 3.19890E+00 3.89237E-01 6.23482E-01 9.12841E-01 9.58361E-01
 3.23594E+00 3.89680E-01 6.24192E-01 9.13879E-01 9.59108E-01
 3.27341E+00 3.90113E-01 6.24886E-01 9.14896E-01 9.59843E-01
 3.31131E+00 3.90538E-01 6.25566E-01 9.15891E-01 9.60567E-01
 3.34965E+00 3.90953E-01 6.26232E-01 9.16866E-01 9.61279E-01
 3.38844E+00 3.91360E-01 6.26883E-01 9.17820E-01 9.61981E-01
 3.42768E+00 3.91758E-01 6.27521E-01 9.18754E-01 9.62671E-01
 3.46737E+00 3.92148E-01 6.28146E-01 9.19668E-01 9.63351E-01
 3.50752E+00 3.92530E-01 6.28757E-01 9.20563E-01 9.64019E-01
 3.54813E+00 3.92904E-01 6.29355E-01 9.21439E-01 9.64677E-01
 3.58922E+00 3.93269E-01 6.29941E-01 9.22297E-01 9.65325E-01
 3.63078E+00 3.93627E-01 6.30514E-01 9.23136E-01 9.65962E-01
 3.67282E+00 3.93977E-01 6.31076E-01 9.23958E-01 9.66589E-01
 3.71535E+00 3.94320E-01 6.31625E-01 9.24762E-01 9.67206E-01
 3.75837E+00 3.94656E-01 6.32162E-01 9.25549E-01 9.67813E-01
 3.80189E+00 3.94984E-01 6.32688E-01 9.26319E-01 9.68410E-01
 3.84592E+00 3.95306E-01 6.33203E-01 9.27073E-01 9.68997E-01
 3.89045E+00 3.95620E-01 6.33707E-01 9.27811E-01 9.69574E-01
 3.93550E+00 3.95928E-01 6.34200E-01 9.28532E-01 9.70142E-01
 3.98107E+00 3.96229E-01 6.34683E-01 9.29239E-01 9.70701E-01
 4.02717E+00 3.96524E-01 6.35155E-01 9.29930E-01 9.71250E-01
 4.07380E+00 3.96812E-01 6.35617E-01 9.30606E-01 9.71790E-01
 4.12098E+00 3.97095E-01 6.36069E-01 9.31268E-01 9.72322E-01
 4.16869E+00 3.97371E-01 6.36511E-01 9.31916E-01 9.72844E-01
 4.21697E+00 3.97641E-01 6.36944E-01 9.32549E-01 9.73357E-01
 4.26580E+00 3.97905E-01 6.37367E-01 9.33169E-01 9.73862E-01
 4.31519E+00 3.98164E-01 6.37782E-01 9.33776E-01 9.74358E-01
 4.36516E+00 3.98417E-01 6.38187E-01 9.34369E-01 9.74846E-01
 4.41570E+00 3.98664E-01 6.38583E-01 9.34950E-01 9.75326E-01
 4.46684E+00 3.98907E-01 6.38971E-01 9.35518E-01 9.75797E-01
 4.51856E+00 3.99144E-01 6.39351E-01 9.36074E-01 9.76260E-01
 4.57088E+00 3.99375E-01 6.39722E-01 9.36617E-01 9.76715E-01
 4.62381E+00 3.99602E-01 6.40085E-01 9.37149E-01 9.77163E-01
 4.67735E+00 3.99824E-01 6.40441E-01 9.37669E-01 9.77602E-01
 4.73151E+00 4.00041E-01 6.40788E-01 9.38178E-01 9.78034E-01
 4.78630E+00 4.00253E-01 6.41128E-01 9.38676E-01 9.78459E-01
 4.84172E+00 4.00461E-01 6.41461E-01 9.39163E-01 9.78876E-01
 4.89779E+00 4.00664E-01 6.41786E-01 9.39639E-01 9.79286E-01
 4.95450E+00 4.00863E-01 6.42105E-01 9.40105E-01 9.79688E-01
 5.01187E+00 4.01057E-01 6.42416E-01 9.40561E-01 9.80084E-01
 5.06991E+00 4.01247E-01 6.42720E-01 9.41007E-01 9.80472E-01
 5.12861E+00 4.01433E-01 6.43018E-01 9.41443E-01 9.80854E-01
 5.18800E+00 4.01615E-01 6.43310E-01 9.41869E-01 9.81229E-01
 5.24807E+00 4.01793E-01 6.43594E-01 9.42287E-01 9.81597E-01
 5.30884E+00 4.01967E-01 6.43873E-01 9.42695E-01 9.81958E-01
 5.37032E+00 4.02137E-01 6.44146E-01 9.43094E-01 9.82314E-01
 5.43250E+00 4.02303E-01 6.44412E-01 9.43484E-01 9.82662E-01
 5.49541E+00 4.02466E-01 6.44673E-01 9.43866E-01 9.83005E-01
 5.55904E+00 4.02625E-01 6.44928E-01 9.44239E-01 9.83341E-01
 5.62341E+00 4.02781E-01 6.45177E-01 9.44604E-01 9.83671E-01
 5.68853E+00 4.02933E-01 6.45421E-01 9.44961E-01 9.83996E-01
 5.75440E+00 4.03082E-01 6.45660E-01 9.45310E-01 9.84314E-01
 5.82103E+00 4.03228E-01 6.45893E-01 9.45652E-01 9.84627E-01
 5.88844E+00 4.03370E-01 6.46121E-01 9.45986E-01 9.84934E-01
 5.95662E+00 4.03509E-01 6.46344E-01 9.46312E-01 9.85235E-01
 6.02560E+00 4.03646E-01 6.46562E-01 9.46632E-01 9.85531E-01
 6.09537E+00 4.03779E-01 6.46776E-01 9.46944E-01 9.85821E-01
 6.16595E+00 4.03909E-01 6.46984E-01 9.47249E-01 9.86106E-01
 6.23735E+00 4.04036E-01 6.47188E-01 9.47548E-01 9.86386E-01
 6.30957E+00 4.04161E-01 6.47388E-01 9.47840E-01 9.86661E-01
 6.38263E+00 4.04283E-01 6.47583E-01 9.48126E-01 9.86930E-01
 6.45654E+00 4.04402E-01 6.47773E-01 9.48405E-01 9.87195E-01
 6.53131E+00 4.04518E-01 6.47960E-01 9.48678E-01 9.87455E-01
 6.60693E+00 4.04632E-01 6.48142E-01 9.48945E-01 9.87709E-01
 6.68344E+00 4.04743E-01 6.48321E-01 9.49206E-01 9.87960E-01
 6.76083E+00 4.04852E-01 6.48495E-01 9.49462E-01 9.88205E-01
 6.83912E+00 4.04959E-01 6.48666E-01 9.49711E-01 9.88446E-01
 6.91831E+00 4.05063E-01 6.48832E-01 9.49955E-01 9.88682E-01
 6.99842E+00 4.05165E-01 6.48995E-01 9.50194E-01 9.88914E-01
 7.07946E+00 4.05264E-01 6.49155E-01 9.50427E-01 9.89142E-01
 7.16143E+00 4.05361E-01 6.49311E-01 9.50656E-01 9.89365E-01
 7.24436E+00 4.05457E-01 6.49463E-01 9.50879E-01 9.89584E-01
 7.32825E+00 4.05550E-01 6.49612E-01 9.51097E-01 9.89799E-01
 7.41310E+00 4.05641E-01 6.49758E-01 9.51310E-01 9.90010E-01
 7.49894E+00 4.05729E-01 6.49900E-01 9.51519E-01 9.90217E-01
 7.58578E+00 4.05816E-01 6.50039E-01 9.51723E-01 9.90420E-01
 7.67361E+00 4.05901E-01 6.50176E-01 9.51922E-01 9.90619E-01
 7.76247E+00 4.05985E-01 6.50309E-01 9.52117E-01 9.90814E-01
 7.85236E+00 4.06066E-01 6.50439E-01 9.52308E-01 9.91006E-01
 7.94328E+00 4.06145E-01 6.50566E-01 9.52494E-01 9.91193E-01
 8.03526E+00 4.06223E-01 6.50691E-01 9.52676E-01 9.91378E-01
 8.12831E+00 4.06299E-01 6.50812E-01 9.52854E-01 9.91559E-01
 8.22243E+00 4.06373E-01 6.50931E-01 9.53028E-01 9.91736E-01
 8.31764E+00 4.06446E-01 6.51047E-01 9.53199E-01 9.91910E-01
 8.41395E+00 4.06517E-01 6.51161E-01 9.53365E-01 9.92080E-01
 8.51138E+00 4.06586E-01 6.51272E-01 9.53528E-01 9.92248E-01
 8.60994E+00 4.06654E-01 6.51381E-01 9.53687E-01 9.92412E-01
 8.70964E+00 4.06720E-01 6.51487E-01 9.53842E-01 9.92573E-01
 8.81049E+00 4.06785E-01 6.51591E-01 9.53994E-01 9.92730E-01
 8.91251E+00 4.06848E-01 6.51693E-01 9.54143E-01 9.92885E-01
 9.01571E+00 4.06910E-01 6.51792E-01 9.54288E-01 9.93036E-01
 9.12011E+00 4.06971E-01 6.51889E-01 9.54430E-01 9.93184E-01
 9.22571E+00 4.07030E-01 6.51984E-01 9.54569E-01 9.93329E-01
 9.33254E+00 4.07088E-01 6.52076E-01 9.54705E-01 9.93470E-01
 9.44061E+00 4.07145E-01 6.52167E-01 9.54838E-01 9.93608E-01
 9.54993E+00 4.07200E-01 6.52256E-01 9.54968E-01 9.93743E-01
 9.66051E+00 4.07254E-01 6.52342E-01 9.55095E-01 9.93875E-01
 9.77237E+00 4.07307E-01 6.52427E-01 9.55219E-01 9.94004E-01
 9.88553E+00 4.07359E-01 6.52510E-01 9.55340E-01 9.94130E-01
 1.00000E+01 4.07409E-01 6.52591E-01 9.55458E-01 9.94254E-01
 1.01158E+01 4.07459E-01 6.52670E-01 9.55574E-01 9.94374E-01
 1.02329E+01 4.07507E-01 6.52747E-01 9.55688E-01 9.94492E-01
 1.03514E+01 4.07554E-01 6.52823E-01 9.55798E-01 9.94607E-01
 1.04713E+01 4.07600E-01 6.52897E-01 9.55906E-01 9.94720E-01
 1.05925E+01 4.07645E-01 6.52969E-01 9.56012E-01 9.94830E-01
 1.07152E+01 4.07690E-01 6.53040E-01 9.56116E-01 9.94938E-01
 1.08393E+01 4.07733E-01 6.53109E-01 9.56217E-01 9.95043E-01
 1.09648E+01 4.07775E-01 6.53176E-01 9.56316E-01 9.95146E-01
 1.10917E+01 4.07816E-01 6.53242E-01 9.56412E-01 9.95247E-01
 1.12202E+01 4.07856E-01 6.53307E-01 9.56507E-01 9.95345E-01
 1.13501E+01 4.07896E-01 6.53370E-01 9.56599E-01 9.95441E-01
 1.14815E+01 4.07934E-01 6.53432E-01 9.56689E-01 9.95535E-01
 1.16145E+01 4.07972E-01 6.53492E-01 9.56778E-01 9.95627E-01
 1.17490E+01 4.08009E-01 6.53551E-01 9.56864E-01 9.95716E-01
 1.18850E+01 4.08045E-01 6.53608E-01 9.56948E-01 9.95804E-01
 1.20226E+01 4.08080E-01 6.53665E-01 9.57031E-01 9.95890E-01
 1.21619E+01 4.08114E-01 6.53720E-01 9.57111E-01 9.95974E-01
 1.23027E+01 4.08148E-01 6.53774E-01 9.57190E-01 9.96056E-01
 1.24451E+01 4.08180E-01 6.53826E-01 9.57267E-01 9.96136E-01
 1.25893E+01 4.08213E-01 6.53878E-01 9.57342E-01 9.96214E-01
 1.27350E+01 4.08244E-01 6.53928E-01 9.57416E-01 9.96291E-01
 1.28825E+01 4.08275E-01 6.53977E-01 9.57488E-01 9.96365E-01
 1.30317E+01 4.08305E-01 6.54025E-01 9.57558E-01 9.96439E-01
 1.31826E+01 4.08334E-01 6.54072E-01 9.57627E-01 9.96510E-01
 1.33352E+01 4.08362E-01 6.54118E-01 9.57694E-01 9.96580E-01
 1.34896E+01 4.08390E-01 6.54162E-01 9.57759E-01 9.96648E-01
 1.36458E+01 4.08418E-01 6.54206E-01 9.57823E-01 9.96715E-01
 1.38038E+01 4.08445E-01 6.54249E-01 9.57886E-01 9.96780E-01
 1.39637E+01 4.08471E-01 6.54291E-01 9.57947E-01 9.96844E-01
 1.41254E+01 4.08496E-01 6.54332E-01 9.58007E-01 9.96906E-01
 1.42889E+01 4.08521E-01 6.54372E-01 9.58066E-01 9.96967E-01
 1.44544E+01 4.08546E-01 6.54411E-01 9.58123E-01 9.97027E-01
 1.46218E+01 4.08569E-01 6.54449E-01 9.58179E-01 9.97085E-01
 1.47911E+01 4.08593E-01 6.54487E-01 9.58234E-01 9.97142E-01
 1.49624E+01 4.08616E-01 6.54523E-01 9.58287E-01 9.97198E-01
 1.51356E+01 4.08638E-01 6.54559E-01 9.58340E-01 9.97252E-01
 1.53109E+01 4.08660E-01 6.54594E-01 9.58391E-01 9.97305E-01
 1.54882E+01 4.08681E-01 6.54628E-01 9.58441E-01 9.97357E-01
 1.56675E+01 4.08702E-01 6.54661E-01 9.58489E-01 9.97408E-01
 1.58489E+01 4.08722E-01 6.54694E-01 9.58537E-01 9.97457E-01
 1.60325E+01 4.08742E-01 6.54726E-01 9.58584E-01 9.97506E-01
 1.62181E+01 4.08761E-01 6.54757E-01 9.58629E-01 9.97553E-01
 1.64059E+01 4.08780E-01 6.54787E-01 9.58674E-01 9.97600E-01
 1.65959E+01 4.08799E-01 6.54817E-01 9.58717E-01 9.97645E-01
 1.67880E+01 4.08817E-01 6.54846E-01 9.58760E-01 9.97689E-01
 1.69824E+01 4.08835E-01 6.54874E-01 9.58801E-01 9.97733E-01
 1.71791E+01 4.08852E-01 6.54902E-01 9.58842E-01 9.97775E-01
 1.73780E+01 4.08869E-01 6.54929E-01 9.58882E-01 9.97816E-01
 1.75792E+01 4.08886E-01 6.54956E-01 9.58921E-01 9.97857E-01
 1.77828E+01 4.08902E-01 6.54982E-01 9.58959E-01 9.97896E-01
 1.79887E+01 4.08918E-01 6.55007E-01 9.58996E-01 9.97935E-01
 1.81970E+01 4.08933E-01 6.55032E-01 9.59032E-01 9.97972E-01
 1.84077E+01 4.08948E-01 6.55056E-01 9.59067E-01 9.98009E-01
 1.86209E+01 4.08963E-01 6.55080E-01 9.59102E-01 9.98045E-01
 1.88365E+01 4.08977E-01 6.55103E-01 9.59136E-01 9.98081E-01
 1.90546E+01 4.08991E-01 6.55125E-01 9.59169E-01 9.98115E-01
 1.92752E+01 4.09005E-01 6.55147E-01 9.59201E-01 9.98149E-01
 1.94984E+01 4.09019E-01 6.55169E-01 9.59233E-01 9.98182E-01
 1.97242E+01 4.09032E-01 6.55190E-01 9.59264E-01 9.98214E-01
 1.99526E+01 4.09045E-01 6.55211E-01 9.59294E-01 9.98245E-01
 2.01837E+01 4.09057E-01 6.55231E-01 9.59324E-01 9.98276E-01
 2.04174E+01 4.09070E-01 6.55251E-01 9.59352E-01 9.98306E-01
 2.06538E+01 4.09082E-01 6.55270E-01 9.59381E-01 9.98335E-01
 2.08930E+01 4.09093E-01 6.55289E-01 9.59408E-01 9.98364E-01
 2.11349E+01 4.09105E-01 6.55307E-01 9.59435E-01 9.98392E-01
 2.13796E+01 4.09116E-01 6.55325E-01 9.59461E-01 9.98419E-01
 2.16272E+01 4.09127E-01 6.55343E-01 9.59487E-01 9.98446E-01
 2.18776E+01 4.09138E-01 6.55360E-01 9.59512E-01 9.98472E-01
 2.21309E+01 4.09148E-01 6.55377E-01 9.59537E-01 9.98498E-01
 2.23872E+01 4.09159E-01 6.55393E-01 9.59561E-01 9.98523E-01
 2.26464E+01 4.09169E-01 6.55409E-01 9.59584E-01 9.98547E-01
 2.29087E+01 4.09178E-01 6.55425E-01 9.59607E-01 9.98571E-01
 2.31739E+01 4.09188E-01 6.55440E-01 9.59630E-01 9.98594E-01
 2.34423E+01 4.09197E-01 6.55455E-01 9.59652E-01 9.98617E-01
 2.37137E+01 4.09206E-01 6.55470E-01 9.59673E-01 9.98640E-01
 2.39883E+01 4.09215E-01 6.55484E-01 9.59694E-01 9.98661E-01
 2.42661E+01 4.09224E-01 6.55498E-01 9.59714E-01 9.98683E-01
 2.45471E+01 4.09233E-01 6.55512E-01 9.59734E-01 9.98703E-01
 2.48313E+01 4.09241E-01 6.55525E-01 9.59754E-01 9.98724E-01
 2.51189E+01 4.09249E-01 6.55538E-01 9.59773E-01 9.98744E-01
 2.54097E+01 4.09257E-01 6.55551E-01 9.59792E-01 9.98763E-01
 2.57040E+01 4.09265E-01 6.55563E-01 9.59810E-01 9.98782E-01
 2.60016E+01 4.09272E-01 6.55575E-01 9.59828E-01 9.98801E-01
 2.63027E+01 4.09280E-01 6.55587E-01 9.59845E-01 9.98819E-01
 2.66073E+01 4.09287E-01 6.55599E-01 9.59862E-01 9.98837E-01
 2.69153E+01 4.09294E-01 6.55610E-01 9.59879E-01 9.98854E-01
 2.72270E+01 4.09301E-01 6.55621E-01 9.59895E-01 9.98871E-01
 2.75423E+01 4.09308E-01 6.55632E-01 9.59911E-01 9.98887E-01
 2.78612E+01 4.09315E-01 6.55643E-01 9.59927E-01 9.98904E-01
 2.81838E+01 4.09321E-01 6.55653E-01 9.59942E-01 9.98919E-01
 2.85102E+01 4.09327E-01 6.55663E-01 9.59957E-01 9.98935E-01
 2.88403E+01 4.09334E-01 6.55673E-01 9.59971E-01 9.98950E-01
 2.91743E+01 4.09340E-01 6.55683E-01 9.59985E-01 9.98965E-01
 2.95121E+01 4.09346E-01 6.55692E-01 9.59999E-01 9.98979E-01
 2.98538E+01 4.09351E-01 6.55702E-01 9.60013E-01 9.98993E-01
 3.01995E+01 4.09357E-01 6.55711E-01 9.60026E-01 9.99007E-01
 3.05492E+01 4.09362E-01 6.55720E-01 9.60039E-01 9.99020E-01
 3.09030E+01 4.09368E-01 6.55728E-01 9.60052E-01 9.99034E-01
 3.12608E+01 4.09373E-01 6.55737E-01 9.60064E-01 9.99046E-01
 3.16228E+01 4.09378E-01 6.55745E-01 9.60076E-01 9.99059E-01
 3.19890E+01 4.09383E-01 6.55753E-01 9.60088E-01 9.99071E-01
 3.23594E+01 4.09388E-01 6.55761E-01 9.60099E-01 9.99083E-01
 3.27341E+01 4.09393E-01 6.55769E-01 9.60111E-01 9.99095E-01
 3.31131E+01 4.09398E-01 6.55776E-01 9.60122E-01 9.99107E-01
 3.34965E+01 4.09402E-01 6.55783E-01 9.60132E-01 9.99118E-01
 3.38844E+01 4.09407E-01 6.55791E-01 9.60143E-01 9.99129E-01
 3.42768E+01 4.09411E-01 6.55798E-01 9.60153E-01 9.99139E-01
 3.46737E+01 4.09416E-01 6.55804E-01 9.60163E-01 9.99150E-01
 3.50752E+01 4.09420E-01 6.55811E-01 9.60173E-01 9.99160E-01
 3.54813E+01 4.09424E-01 6.55818E-01 9.60183E-01 9.99170E-01
 3.58922E+01 4.09428E-01 6.55824E-01 9.60192E-01 9.99180E-01
 3.63078E+01 4.09432E-01 6.55830E-01 9.60201E-01 9.99189E-01
 3.67282E+01 4.09436E-01 6.55837E-01 9.60210E-01 9.99199E-01
 3.71535E+01 4.09439E-01 6.55843E-01 9.60219E-01 9.99208E-01
 3.75837E+01 4.09443E-01 6.55848E-01 9.60228E-01 9.99217E-01
 3.80189E+01 4.09446E-01 6.55854E-01 9.60236E-01 9.99225E-01
 3.84592E+01 4.09450E-01 6.55860E-01 9.60244E-01 9.99234E-01
 3.89045E+01 4.09453E-01 6.55865E-01 9.60252E-01 9.99242E-01
 3.93550E+01 4.09457E-01 6.55870E-01 9.60260E-01 9.99250E-01
 3.98107E+01 4.09460E-01 6.55876E-01 9.60268E-01 9.99258E-01
 4.02717E+01 4.09463E-01 6.55881E-01 9.60275E-01 9.99266E-01
 4.07380E+01 4.09466E-01 6.55886E-01 9.60282E-01 9.99274E-01
 4.12098E+01 4.09469E-01 6.55891E-01 9.60289E-01 9.99281E-01
 4.16869E+01 4.09472E-01 6.55895E-01 9.60296E-01 9.99288E-01
 4.21697E+01 4.09475E-01 6.55900E-01 9.60303E-01 9.99295E-01
 4.26580E+01 4.09478E-01 6.55905E-01 9.60310E-01 9.99302E-01
 4.31519E+01 4.09481E-01 6.55909E-01 9.60316E-01 9.99309E-01
 4.36516E+01 4.09483E-01 6.55913E-01 9.60323E-01 9.99316E-01
 4.41570E+01 4.09486E-01 6.55918E-01 9.60329E-01 9.99322E-01
 4.46684E+01 4.09489E-01 6.55922E-01 9.60335E-01 9.99328E-01
 4.51856E+01 4.09491E-01 6.55926E-01 9.60341E-01 9.99335E-01
 4.57088E+01 4.09494E-01 6.55930E-01 9.60347E-01 9.99341E-01
 4.62381E+01 4.09496E-01 6.55934E-01 9.60352E-01 9.99347E-01
 4.67735E+01 4.09498E-01 6.55937E-01 9.60358E-01 9.99352E-01
 4.73151E+01 4.09501E-01 6.55941E-01 9.60363E-01 9.99358E-01
 4.78630E+01 4.09503E-01 6.55945E-01 9.60369E-01 9.99363E-01
 4.84172E+01 4.09505E-01 6.55948E-01 9.60374E-01 9.99369E-01
 4.89779E+01 4.09507E-01 6.55952E-01 9.60379E-01 9.99374E-01
 4.95450E+01 4.09510E-01 6.55955E-01 9.60384E-01 9.99379E-01
 5.01187E+01 4.09512E-01 6.55958E-01 9.60389E-01 9.99384E-01
 5.06991E+01 4.09514E-01 6.55962E-01 9.60393E-01 9.99389E-01
 5.12861E+01 4.09516E-01 6.55965E-01 9.60398E-01 9.99394E-01
 5.18800E+01 4.09517E-01 6.55968E-01 9.60402E-01 9.99399E-01
 5.24807E+01 4.09519E-01 6.55971E-01 9.60407E-01 9.99403E-01
 5.30884E+01 4.09521E-01 6.55974E-01 9.60411E-01 9.99408E-01
 5.37032E+01 4.09523E-01 6.55977E-01 9.60415E-01 9.99412E-01
 5.43250E+01 4.09525E-01 6.55979E-01 9.60419E-01 9.99416E-01
 5.49541E+01 4.09526E-01 6.55982E-01 9.60423E-01 9.99421E-01
 5.55904E+01 4.09528E-01 6.55985E-01 9.60427E-01 9.99425E-01
 5.62341E+01 4.09530E-01 6.55987E-01 9.60431E-01 9.99429E-01
 5.68853E+01 4.09531E-01 6.55990E-01 9.60435E-01 9.99432E-01
 5.75440E+01 4.09533E-01 6.55993E-01 9.60439E-01 9.99436E-01
 5.82103E+01 4.09534E-01 6.55995E-01 9.60442E-01 9.99440E-01
 5.88844E+01 4.09536E-01 6.55997E-01 9.60446E-01 9.99444E-01
 5.95662E+01 4.09537E-01 6.56000E-01 9.60449E-01 9.99447E-01
 6.02560E+01 4.09539E-01 6.56002E-01 9.60452E-01 9.99451E-01
 6.09537E+01 4.09540E-01 6.56004E-01 9.60456E-01 9.99454E-01
 6.16595E+01 4.09542E-01 6.56006E-01 9.60459E-01 9.99457E-01
 6.23735E+01 4.09543E-01 6.56008E-01 9.60462E-01 9.99461E-01
 6.30957E+01 4.09544E-01 6.56011E-01 9.60465E-01 9.99464E-01
 6.38263E+01 4.09545E-01 6.56013E-01 9.60468E-01 9.99467E-01
 6.45654E+01 4.09547E-01 6.56015E-01 9.60471E-01 9.99470E-01
 6.53131E+01 4.09548E-01 6.56017E-01 9.60474E-01 9.99473E-01
 6.60693E+01 4.09549E-01 6.56018E-01 9.60477E-01 9.99476E-01
 6.68344E+01 4.09550E-01 6.56020E-01 9.60479E-01 9.99479E-01
 6.76083E+01 4.09551E-01 6.56022E-01 9.60482E-01 9.99481E-01
 6.83912E+01 4.09552E-01 6.56024E-01 9.60485E-01 9.99484E-01
 6.91831E+01 4.09554E-01 6.56026E-01 9.60487E-01 9.99487E-01
 6.99842E+01 4.09555E-01 6.56027E-01 9.60490E-01 9.99489E-01
 7.07946E+01 4.09556E-01 6.56029E-01 9.60492E-01 9.99492E-01
 7.16143E+01 4.09557E-01 6.56031E-01 9.60494E-01 9.99494E-01
 7.24436E+01 4.09558E-01 6.56032E-01 9.60497E-01 9.99497E-01
 7.32825E+01 4.09559E-01 6.56034E-01 9.60499E-01 9.99499E-01
 7.41310E+01 4.09560E-01 6.56035E-01 9.60501E-01 9.99501E-01
 7.49894E+01 4.09560E-01 6.56037E-01 9.60503E-01 9.99504E-01
 7.58578E+01 4.09561E-01 6.56038E-01 9.60505E-01 9.99506E-01
 7.67361E+01 4.09562E-01 6.56040E-01 9.60507E-01 9.99508E-01
 7.76247E+01 4.09563E-01 6.56041E-01 9.60509E-01 9.99510E-01
 7.85236E+01 4.09564E-01 6.56042E-01 9.60511E-01 9.99512E-01
 7.94328E+01 4.09565E-01 6.56044E-01 9.60513E-01 9.99514E-01
 8.03526E+01 4.09566E-01 6.56045E-01 9.60515E-01 9.99516E-01
 8.12831E+01 4.09566E-01 6.56046E-01 9.60517E-01 9.99518E-01
 8.22243E+01 4.09567E-01 6.56047E-01 9.60519E-01 9.99520E-01
 8.31764E+01 4.09568E-01 6.56049E-01 9.60521E-01 9.99522E-01
 8.41395E+01 4.09569E-01 6.56050E-01 9.60522E-01 9.99523E-01
 8.51138E+01 4.09569E-01 6.56051E-01 9.60524E-01 9.99525E-01
 8.60994E+01 4.09570E-01 6.56052E-01 9.60526E-01 9.99527E-01
 8.70964E+01 4.09571E-01 6.56053E-01 9.60527E-01 9.99529E-01
 8.81049E+01 4.09571E-01 6.56054E-01 9.60529E-01 9.99530E-01
 8.91251E+01 4.09572E-01 6.56055E-01 9.60530E-01 9.99532E-01
 9.01571E+01 4.09573E-01 6.56056E-01 9.60532E-01 9.99533E-01
 9.12011E+01 4.09573E-01 6.56057E-01 9.60533E-01 9.99535E-01
 9.22571E+01 4.09574E-01 6.56058E-01 9.60535E-01 9.99536E-01
 9.33254E+01 4.09574E-01 6.56059E-01 9.60536E-01 9.99538E-01
 9.44061E+01 4.09575E-01 6.56060E-01 9.60537E-01 9.99539E-01
 9.54993E+01 4.09576E-01 6.56061E-01 9.60539E-01 9.99541E-01
 9.66051E+01 4.09576E-01 6.56062E-01 9.60540E-01 9.99542E-01
 9.77237E+01 4.09577E-01 6.56063E-01 9.60541E-01 9.99543E-01
 9.88553E+01 4.09577E-01 6.56064E-01 9.60543E-01 9.99545E-01
 1.00000E+02 4.09578E-01 6.56064E-01 9.60544E-01 9.99546E-01
