 1.00000E-02 7.15718E-02 9.88177E-02 1.32468E-01 1.37078E-01
 2.00000E-02 7.54568E-02 1.04617E-01 1.41432E-01 1.46526E-01
 3.00000E-02 7.93984E-02 1.10531E-01 1.50715E-01 1.56423E-01
 4.00000E-02 8.33904E-02 1.16549E-01 1.60373E-01 1.66797E-01
 5.00000E-02 8.74445E-02 1.22681E-01 1.70418E-01 1.77697E-01
 6.00000E-02 9.15641E-02 1.28917E-01 1.80859E-01 1.89178E-01
 7.00000E-02 9.57475E-02 1.35252E-01 1.91685E-01 2.01277E-01
 8.00000E-02 9.99979E-02 1.41677E-01 2.02867E-01 2.14039E-01
 9.00000E-02 1.04309E-01 1.48182E-01 2.14346E-01 2.27495E-01
 1.00000E-01 1.08677E-01 1.54749E-01 2.26045E-01 2.41670E-01
 1.10000E-01 1.13097E-01 1.61363E-01 2.37874E-01 2.56562E-01
 1.20000E-01 1.17560E-01 1.68008E-01 2.49744E-01 2.72075E-01
 1.30000E-01 1.22058E-01 1.74666E-01 2.61575E-01 2.87853E-01
 1.40000E-01 1.26586E-01 1.81327E-01 2.73301E-01 3.03446E-01
 1.50000E-01 1.31134E-01 1.87973E-01 2.84875E-01 3.18645E-01
 1.60000E-01 1.35698E-01 1.94596E-01 2.96263E-01 3.33389E-01
 1.70000E-01 1.40270E-01 2.01186E-01 3.07440E-01 3.47670E-01
 1.80000E-01 1.44846E-01 2.07736E-01 3.18394E-01 3.61495E-01
 1.90000E-01 1.49420E-01 2.14237E-01 3.29117E-01 3.74875E-01
 2.00000E-01 1.53990E-01 2.20686E-01 3.39604E-01 3.87828E-01
 2.10000E-01 1.58550E-01 2.27077E-01 3.49856E-01 4.00370E-01
 2.20000E-01 1.63100E-01 2.33410E-01 3.59874E-01 4.12518E-01
 2.30000E-01 1.67636E-01 2.39680E-01 3.69663E-01 4.24289E-01
 2.40000E-01 1.72156E-01 2.45887E-01 3.79226E-01 4.35699E-01
 2.50000E-01 1.76660E-01 2.52029E-01 3.88568E-01 4.46762E-01
 2.60000E-01 1.81146E-01 2.58106E-01 3.97694E-01 4.57494E-01
 2.70000E-01 1.85613E-01 2.64118E-01 4.06611E-01 4.67910E-01
 2.80000E-01 1.90061E-01 2.70065E-01 4.15324E-01 4.78022E-01
 2.90000E-01 1.94489E-01 2.75947E-01 4.23840E-01 4.87842E-01
 3.00000E-01 1.98897E-01 2.81764E-01 4.32163E-01 4.97383E-01
 3.10000E-01 2.03284E-01 2.87518E-01 4.40300E-01 5.06655E-01
 3.20000E-01 2.07652E-01 2.93209E-01 4.48257E-01 5.15670E-01
 3.30000E-01 2.11999E-01 2.98837E-01 4.56038E-01 5.24439E-01
 3.40000E-01 2.16326E-01 3.04405E-01 4.63650E-01 5.32969E-01
 3.50000E-01 2.20633E-01 3.09913E-01 4.71097E-01 5.41270E-01
 3.60000E-01 2.24920E-01 3.15361E-01 4.78385E-01 5.49350E-01
 3.70000E-01 2.29189E-01 3.20751E-01 4.85517E-01 5.57220E-01
 3.80000E-01 2.33438E-01 3.26085E-01 4.92498E-01 5.64885E-01
 3.90000E-01 2.37669E-01 3.31362E-01 4.99334E-01 5.72353E-01
 4.00000E-01 2.41883E-01 3.36585E-01 5.06029E-01 5.79632E-01
 4.10000E-01 2.46078E-01 3.41754E-01 5.12586E-01 5.86726E-01
 4.20000E-01 2.50256E-01 3.46871E-01 5.19010E-01 5.93645E-01
 4.30000E-01 2.54418E-01 3.51936E-01 5.25303E-01 6.00393E-01
 4.40000E-01 2.58564E-01 3.56951E-01 5.31472E-01 6.06976E-01
 4.50000E-01 2.62694E-01 3.61916E-01 5.37517E-01 6.13399E-01
 4.60000E-01 2.66808E-01 3.66833E-01 5.43443E-01 6.19668E-01
 4.70000E-01 2.70908E-01 3.71703E-01 5.49254E-01 6.25788E-01
 4.80000E-01 2.74994E-01 3.76527E-01 5.54953E-01 6.31764E-01
 4.90000E-01 2.79066E-01 3.81305E-01 5.60541E-01 6.37601E-01
 5.00000E-01 2.83124E-01 3.86039E-01 5.66024E-01 6.43302E-01
 5.10000E-01 2.87170E-01 3.90730E-01 5.71402E-01 6.48872E-01
 5.20000E-01 2.91203E-01 3.95379E-01 5.76680E-01 6.54316E-01
 5.30000E-01 2.95224E-01 3.99986E-01 5.81860E-01 6.59636E-01
 5.40000E-01 2.99234E-01 4.04553E-01 5.86943E-01 6.64836E-01
 5.50000E-01 3.03232E-01 4.09081E-01 5.91934E-01 6.69921E-01
 5.60000E-01 3.07219E-01 4.13569E-01 5.96834E-01 6.74894E-01
 5.70000E-01 3.11195E-01 4.18020E-01 6.01646E-01 6.79759E-01
 5.80000E-01 3.15161E-01 4.22434E-01 6.06371E-01 6.84517E-01
 5.90000E-01 3.19117E-01 4.26811E-01 6.11012E-01 6.89173E-01
 6.00000E-01 3.23063E-01 4.31153E-01 6.15571E-01 6.93729E-01
 6.10000E-01 3.27000E-01 4.35461E-01 6.20050E-01 6.98188E-01
 6.20000E-01 3.30927E-01 4.39734E-01 6.24451E-01 7.02553E-01
 6.30000E-01 3.34845E-01 4.43974E-01 6.28776E-01 7.06826E-01
 6.40000E-01 3.38754E-01 4.48182E-01 6.33026E-01 7.11011E-01
 6.50000E-01 3.42654E-01 4.52357E-01 6.37204E-01 7.15108E-01
 6.60000E-01 3.46545E-01 4.56501E-01 6.41312E-01 7.19122E-01
 6.70000E-01 3.50428E-01 4.60614E-01 6.45350E-01 7.23054E-01
 6.80000E-01 3.54302E-01 4.64698E-01 6.49320E-01 7.26906E-01
 6.90000E-01 3.58167E-01 4.68752E-01 6.53225E-01 7.30681E-01
 7.00000E-01 3.62023E-01 4.72776E-01 6.57066E-01 7.34381E-01
 7.10000E-01 3.65871E-01 4.76773E-01 6.60843E-01 7.38006E-01
 7.20000E-01 3.69710E-01 4.80741E-01 6.64559E-01 7.41561E-01
 7.30000E-01 3.73541E-01 4.84682E-01 6.68215E-01 7.45045E-01
 7.40000E-01 3.77362E-01 4.88595E-01 6.71812E-01 7.48462E-01
 7.50000E-01 3.81175E-01 4.92483E-01 6.75351E-01 7.51812E-01
 7.60000E-01 3.84978E-01 4.96344E-01 6.78835E-01 7.55098E-01
 7.70000E-01 3.88759E-01 5.00179E-01 6.82264E-01 7.58321E-01
 7.80000E-01 3.92478E-01 5.03989E-01 6.85638E-01 7.61483E-01
 7.90000E-01 3.96131E-01 5.07774E-01 6.88961E-01 7.64585E-01
 8.00000E-01 3.99720E-01 5.11534E-01 6.92231E-01 7.67629E-01
 8.10000E-01 4.03247E-01 5.15269E-01 6.95452E-01 7.70615E-01
 8.20000E-01 4.06711E-01 5.18981E-01 6.98623E-01 7.73547E-01
 8.30000E-01 4.10113E-01 5.22669E-01 7.01746E-01 7.76424E-01
 8.40000E-01 4.13456E-01 5.26333E-01 7.04822E-01 7.79248E-01
 8.50000E-01 4.16739E-01 5.29974E-01 7.07852E-01 7.82021E-01
 8.60000E-01 4.19964E-01 5.33592E-01 7.10836E-01 7.84744E-01
 8.70000E-01 4.23132E-01 5.37187E-01 7.13776E-01 7.87417E-01
 8.80000E-01 4.26243E-01 5.40760E-01 7.16673E-01 7.90042E-01
 8.90000E-01 4.29299E-01 5.44310E-01 7.19527E-01 7.92621E-01
 9.00000E-01 4.32301E-01 5.47838E-01 7.22340E-01 7.95153E-01
 9.10000E-01 4.35249E-01 5.51343E-01 7.25112E-01 7.97641E-01
 9.20000E-01 4.38144E-01 5.54827E-01 7.27843E-01 8.00085E-01
 9.30000E-01 4.40988E-01 5.58289E-01 7.30536E-01 8.02487E-01
 9.40000E-01 4.43781E-01 5.61729E-01 7.33191E-01 8.04847E-01
 9.50000E-01 4.46525E-01 5.65147E-01 7.35807E-01 8.07166E-01
 9.60000E-01 4.49220E-01 5.68544E-01 7.38387E-01 8.09445E-01
 9.70000E-01 4.51866E-01 5.71893E-01 7.40931E-01 8.11685E-01
 9.80000E-01 4.54466E-01 5.75183E-01 7.43439E-01 8.13887E-01
 9.90000E-01 4.57019E-01 5.78415E-01 7.45912E-01 8.16052E-01
 1.00000E+00 4.59528E-01 5.81589E-01 7.48352E-01 8.18180E-01
 1.01158E+00 4.62376E-01 5.85195E-01 7.51134E-01 8.20600E-01
 1.02329E+00 4.65199E-01 5.88767E-01 7.53905E-01 8.23001E-01
 1.03514E+00 4.67995E-01 5.92306E-01 7.56662E-01 8.25382E-01
 1.04713E+00 4.70764E-01 5.95810E-01 7.59408E-01 8.27743E-01
 1.05925E+00 4.73506E-01 5.99280E-01 7.62140E-01 8.30085E-01
 1.07152E+00 4.76220E-01 6.02716E-01 7.64859E-01 8.32407E-01
 1.08393E+00 4.78906E-01 6.06116E-01 7.67565E-01 8.34709E-01
 1.09648E+00 4.81565E-01 6.09480E-01 7.70257E-01 8.36991E-01
 1.10917E+00 4.84195E-01 6.12809E-01 7.72936E-01 8.39254E-01
 1.12202E+00 4.86797E-01 6.16102E-01 7.75601E-01 8.41496E-01
 1.13501E+00 4.89370E-01 6.19359E-01 7.78253E-01 8.43718E-01
 1.14815E+00 4.91914E-01 6.22579E-01 7.80890E-01 8.45919E-01
 1.16145E+00 4.94430E-01 6.25763E-01 7.83514E-01 8.48101E-01
 1.17490E+00 4.96916E-01 6.28909E-01 7.86123E-01 8.50262E-01
 1.18850E+00 4.99373E-01 6.32019E-01 7.88717E-01 8.52403E-01
 1.20226E+00 5.01801E-01 6.35092E-01 7.91297E-01 8.54523E-01
 1.21619E+00 5.04200E-01 6.38128E-01 7.93863E-01 8.56623E-01
 1.23027E+00 5.06569E-01 6.41126E-01 7.96413E-01 8.58703E-01
 1.24451E+00 5.08908E-01 6.44087E-01 7.98949E-01 8.60762E-01
 1.25893E+00 5.11218E-01 6.47011E-01 8.01470E-01 8.62800E-01
 1.27350E+00 5.13499E-01 6.49897E-01 8.03976E-01 8.64818E-01
 1.28825E+00 5.15750E-01 6.52746E-01 8.06466E-01 8.66816E-01
 1.30317E+00 5.17971E-01 6.55557E-01 8.08941E-01 8.68793E-01
 1.31826E+00 5.20163E-01 6.58331E-01 8.11401E-01 8.70749E-01
 1.33352E+00 5.22325E-01 6.61068E-01 8.13845E-01 8.72685E-01
 1.34896E+00 5.24458E-01 6.63767E-01 8.16273E-01 8.74601E-01
 1.36458E+00 5.26562E-01 6.66429E-01 8.18686E-01 8.76495E-01
 1.38038E+00 5.28636E-01 6.69055E-01 8.21082E-01 8.78370E-01
 1.39637E+00 5.30681E-01 6.71643E-01 8.23463E-01 8.80224E-01
 1.41254E+00 5.32696E-01 6.74194E-01 8.25828E-01 8.82058E-01
 1.42889E+00 5.34683E-01 6.76708E-01 8.28177E-01 8.83871E-01
 1.44544E+00 5.36641E-01 6.79186E-01 8.30510E-01 8.85664E-01
 1.46218E+00 5.38570E-01 6.81628E-01 8.32826E-01 8.87436E-01
 1.47911E+00 5.40471E-01 6.84033E-01 8.35126E-01 8.89189E-01
 1.49624E+00 5.42343E-01 6.86403E-01 8.37410E-01 8.90921E-01
 1.51356E+00 5.44186E-01 6.88736E-01 8.39677E-01 8.92633E-01
 1.53109E+00 5.46002E-01 6.91034E-01 8.41927E-01 8.94325E-01
 1.54882E+00 5.47790E-01 6.93296E-01 8.44161E-01 8.95997E-01
 1.56675E+00 5.49550E-01 6.95524E-01 8.46378E-01 8.97649E-01
 1.58489E+00 5.51282E-01 6.97716E-01 8.48579E-01 8.99281E-01
 1.60325E+00 5.52987E-01 6.99874E-01 8.50763E-01 9.00893E-01
 1.62181E+00 5.54665E-01 7.01997E-01 8.52930E-01 9.02486E-01
 1.64059E+00 5.56315E-01 7.04087E-01 8.55080E-01 9.04059E-01
 1.65959E+00 5.57939E-01 7.06142E-01 8.57212E-01 9.05612E-01
 1.67880E+00 5.59537E-01 7.08164E-01 8.59328E-01 9.07146E-01
 1.69824E+00 5.61108E-01 7.10153E-01 8.61427E-01 9.08661E-01
 1.71791E+00 5.62654E-01 7.12109E-01 8.63509E-01 9.10156E-01
 1.73780E+00 5.64174E-01 7.14032E-01 8.65574E-01 9.11632E-01
 1.75792E+00 5.65668E-01 7.15923E-01 8.67621E-01 9.13090E-01
 1.77828E+00 5.67137E-01 7.17782E-01 8.69651E-01 9.14528E-01
 1.79887E+00 5.68581E-01 7.19610E-01 8.71664E-01 9.15947E-01
 1.81970E+00 5.70000E-01 7.21406E-01 8.73659E-01 9.17348E-01
 1.84077E+00 5.71395E-01 7.23171E-01 8.75637E-01 9.18730E-01
 1.86209E+00 5.72765E-01 7.24906E-01 8.77597E-01 9.20093E-01
 1.88365E+00 5.74112E-01 7.26610E-01 8.79541E-01 9.21438E-01
 1.90546E+00 5.75435E-01 7.28285E-01 8.81466E-01 9.22765E-01
 1.92752E+00 5.76735E-01 7.29930E-01 8.83374E-01 9.24074E-01
 1.94984E+00 5.78011E-01 7.31546E-01 8.85264E-01 9.25364E-01
 1.97242E+00 5.79265E-01 7.33133E-01 8.87137E-01 9.26637E-01
 1.99526E+00 5.80497E-01 7.34691E-01 8.88992E-01 9.27892E-01
 2.01837E+00 5.81706E-01 7.36222E-01 8.90829E-01 9.29130E-01
 2.04174E+00 5.82893E-01 7.37724E-01 8.92646E-01 9.30350E-01
 2.06538E+00 5.84059E-01 7.39200E-01 8.94432E-01 9.31553E-01
 2.08930E+00 5.85203E-01 7.40648E-01 8.96184E-01 9.32738E-01
 2.11349E+00 5.86327E-01 7.42070E-01 8.97904E-01 9.33907E-01
 2.13796E+00 5.87429E-01 7.43465E-01 8.99593E-01 9.35058E-01
 2.16272E+00 5.88511E-01 7.44835E-01 9.01250E-01 9.36193E-01
 2.18776E+00 5.89573E-01 7.46179E-01 9.02876E-01 9.37311E-01
 2.21309E+00 5.90615E-01 7.47497E-01 9.04472E-01 9.38413E-01
 2.23872E+00 5.91638E-01 7.48791E-01 9.06038E-01 9.39499E-01
 2.26464E+00 5.92641E-01 7.50061E-01 9.07574E-01 9.40568E-01
 2.29087E+00 5.93625E-01 7.51307E-01 9.09081E-01 9.41622E-01
 2.31739E+00 5.94590E-01 7.52528E-01 9.10559E-01 9.42659E-01
 2.34423E+00 5.95537E-01 7.53727E-01 9.12010E-01 9.43681E-01
 2.37137E+00 5.96466E-01 7.54902E-01 9.13432E-01 9.44687E-01
 2.39883E+00 5.97377E-01 7.56055E-01 9.14827E-01 9.45678E-01
 2.42661E+00 5.98270E-01 7.57186E-01 9.16195E-01 9.46654E-01
 2.45471E+00 5.99146E-01 7.58294E-01 9.17536E-01 9.47615E-01
 2.48313E+00 6.00005E-01 7.59381E-01 9.18851E-01 9.48561E-01
 2.51189E+00 6.00847E-01 7.60447E-01 9.20141E-01 9.49492E-01
 2.54097E+00 6.01673E-01 7.61492E-01 9.21406E-01 9.50408E-01
 2.57040E+00 6.02482E-01 7.62517E-01 9.22645E-01 9.51310E-01
 2.60016E+00 6.03276E-01 7.63521E-01 9.23860E-01 9.52198E-01
 2.63027E+00 6.04053E-01 7.64505E-01 9.25051E-01 9.53072E-01
 2.66073E+00 6.04816E-01 7.65470E-01 9.26219E-01 9.53932E-01
 2.69153E+00 6.05563E-01 7.66416E-01 9.27363E-01 9.54778E-01
 2.72270E+00 6.06295E-01 7.67342E-01 9.28484E-01 9.55610E-01
 2.75423E+00 6.07013E-01 7.68251E-01 9.29583E-01 9.56429E-01
 2.78612E+00 6.07716E-01 7.69140E-01 9.30660E-01 9.57235E-01
 2.81838E+00 6.08405E-01 7.70013E-01 9.31715E-01 9.58027E-01
 2.85102E+00 6.09080E-01 7.70867E-01 9.32749E-01 9.58807E-01
 2.88403E+00 6.09742E-01 7.71704E-01 9.33762E-01 9.59573E-01
 2.91743E+00 6.10390E-01 7.72525E-01 9.34755E-01 9.60327E-01
 2.95121E+00 6.11025E-01 7.73328E-01 9.35727E-01 9.61069E-01
 2.98538E+00 6.11647E-01 7.74115E-01 9.36679E-01 9.61798E-01
 3.01995E+00 6.12256E-01 7.74886E-01 9.37613E-01 9.62515E-01
 3.05492E+00 6.12853E-01 7.75642E-01 9.38527E-01 9.63220E-01
 3.09030E+00 6.13437E-01 7.76382E-01 9.39422E-01 9.63913E-01
 3.12608E+00 6.14010E-01 7.77106E-01 9.40299E-01 9.64595E-01
 3.16228E+00 6.14571E-01 7.77816E-01 9.41157E-01 9.65265E-01
 3.19890E+00 6.15120E-01 7.78511E-01 9.41998E-01 9.65923E-01
 3.23594E+00 6.15658E-01 7.79192E-01 9.42822E-01 9.66571E-01
 3.27341E+00 6.16184E-01 7.79858E-01 9.43629E-01 9.67207E-01
 3.31131E+00 6.16700E-01 7.80511E-01 9.44418E-01 9.67832E-01
 3.34965E+00 6.17205E-01 7.81150E-01 9.45192E-01 9.68446E-01
 3.38844E+00 6.17700E-01 7.81776E-01 9.45949E-01 9.69050E-01
 3.42768E+00 6.18184E-01 7.82389E-01 9.46691E-01 9.69644E-01
 3.46737E+00 6.18658E-01 7.82989E-01 9.47417E-01 9.70227E-01
 3.50752E+00 6.19122E-01 7.83576E-01 9.48127E-01 9.70800E-01
 3.54813E+00 6.19576E-01 7.84151E-01 9.48823E-01 9.71362E-01
 3.58922E+00 6.20021E-01 7.84714E-01 9.49504E-01 9.71915E-01
 3.63078E+00 6.20457E-01 7.85266E-01 9.50171E-01 9.72458E-01
 3.67282E+00 6.20883E-01 7.85805E-01 9.50824E-01 9.72992E-01
 3.71535E+00 6.21300E-01 7.86333E-01 9.51463E-01 9.73516E-01
 3.75837E+00 6.21709E-01 7.86850E-01 9.52089E-01 9.74031E-01
 3.80189E+00 6.22109E-01 7.87356E-01 9.52701E-01 9.74537E-01
 3.84592E+00 6.22500E-01 7.87852E-01 9.53300E-01 9.75033E-01
 3.89045E+00 6.22883E-01 7.88336E-01 9.53887E-01 9.75521E-01
 3.93550E+00 6.23258E-01 7.88811E-01 9.54461E-01 9.76000E-01
 3.98107E+00 6.23625E-01 7.89275E-01 9.55023E-01 9.76470E-01
 4.02717E+00 6.23984E-01 7.89730E-01 9.55573E-01 9.76932E-01
 4.07380E+00 6.24335E-01 7.90174E-01 9.56111E-01 9.77385E-01
 4.12098E+00 6.24679E-01 7.90610E-01 9.56638E-01 9.77830E-01
 4.16869E+00 6.25016E-01 7.91036E-01 9.57153E-01 9.78267E-01
 4.21697E+00 6.25345E-01 7.91453E-01 9.57658E-01 9.78696E-01
 4.26580E+00 6.25668E-01 7.91860E-01 9.58151E-01 9.79118E-01
 4.31519E+00 6.25983E-01 7.92260E-01 9.58634E-01 9.79531E-01
 4.36516E+00 6.26291E-01 7.92650E-01 9.59107E-01 9.79937E-01
 4.41570E+00 6.26593E-01 7.93032E-01 9.59569E-01 9.80335E-01
 4.46684E+00 6.26889E-01 7.93406E-01 9.60022E-01 9.80726E-01
 4.51856E+00 6.27178E-01 7.93772E-01 9.60464E-01 9.81110E-01
 4.57088E+00 6.27461E-01 7.94130E-01 9.60897E-01 9.81487E-01
 4.62381E+00 6.27738E-01 7.94480E-01 9.61321E-01 9.81857E-01
 4.67735E+00 6.28008E-01 7.94823E-01 9.61736E-01 9.82219E-01
 4.73151E+00 6.28273E-01 7.95158E-01 9.62142E-01 9.82576E-01
 4.78630E+00 6.28532E-01 7.95486E-01 9.62538E-01 9.82925E-01
 4.84172E+00 6.28786E-01 7.95807E-01 9.62927E-01 9.83268E-01
 4.89779E+00 6.29034E-01 7.96121E-01 9.63307E-01 9.83604E-01
 4.95450E+00 6.29277E-01 7.96428E-01 9.63678E-01 9.83934E-01
 5.01187E+00 6.29514E-01 7.96729E-01 9.64042E-01 9.84258E-01
 5.06991E+00 6.29746E-01 7.97023E-01 9.64397E-01 9.84576E-01
 5.12861E+00 6.29974E-01 7.97310E-01 9.64745E-01 9.84888E-01
 5.18800E+00 6.30196E-01 7.97591E-01 9.65086E-01 9.85193E-01
 5.24807E+00 6.30413E-01 7.97867E-01 9.65419E-01 9.85493E-01
 5.30884E+00 6.30626E-01 7.98136E-01 9.65744E-01 9.85788E-01
 5.37032E+00 6.30834E-01 7.98399E-01 9.66063E-01 9.86077E-01
 5.43250E+00 6.31037E-01 7.98657E-01 9.66374E-01 9.86360E-01
 5.49541E+00 6.31236E-01 7.98908E-01 9.66679E-01 9.86638E-01
 5.55904E+00 6.31431E-01 7.99155E-01 9.66977E-01 9.86910E-01
 5.62341E+00 6.31621E-01 7.99396E-01 9.67269E-01 9.87177E-01
 5.68853E+00 6.31808E-01 7.99632E-01 9.67554E-01 9.87439E-01
 5.75440E+00 6.31990E-01 7.99862E-01 9.67833E-01 9.87697E-01
 5.82103E+00 6.32168E-01 8.00088E-01 9.68106E-01 9.87949E-01
 5.88844E+00 6.32342E-01 8.00308E-01 9.68373E-01 9.88196E-01
 5.95662E+00 6.32513E-01 8.00524E-01 9.68634E-01 9.88438E-01
 6.02560E+00 6.32679E-01 8.00735E-01 9.68889E-01 9.88676E-01
 6.09537E+00 6.32842E-01 8.00941E-01 9.69139E-01 9.88909E-01
 6.16595E+00 6.33002E-01 8.01143E-01 9.69383E-01 9.89138E-01
 6.23735E+00 6.33158E-01 8.01340E-01 9.69622E-01 9.89362E-01
 6.30957E+00 6.33310E-01 8.01533E-01 9.69855E-01 9.89582E-01
 6.38263E+00 6.33459E-01 8.01722E-01 9.70084E-01 9.89798E-01
 6.45654E+00 6.33605E-01 8.01907E-01 9.70307E-01 9.90009E-01
 6.53131E+00 6.33748E-01 8.02087E-01 9.70526E-01 9.90216E-01
 6.60693E+00 6.33887E-01 8.02264E-01 9.70739E-01 9.90420E-01
 6.68344E+00 6.34024E-01 8.02436E-01 9.70948E-01 9.90619E-01
 6.76083E+00 6.34157E-01 8.02605E-01 9.71152E-01 9.90814E-01
 6.83912E+00 6.34288E-01 8.02770E-01 9.71352E-01 9.91006E-01
 6.91831E+00 6.34415E-01 8.02932E-01 9.71548E-01 9.91193E-01
 6.99842E+00 6.34540E-01 8.03090E-01 9.71739E-01 9.91377E-01
 7.07946E+00 6.34662E-01 8.03244E-01 9.71926E-01 9.91558E-01
 7.16143E+00 6.34781E-01 8.03395E-01 9.72108E-01 9.91735E-01
 7.24436E+00 6.34898E-01 8.03543E-01 9.72287E-01 9.91908E-01
 7.32825E+00 6.35012E-01 8.03687E-01 9.72462E-01 9.92078E-01
 7.41310E+00 6.35124E-01 8.03829E-01 9.72633E-01 9.92245E-01
 7.49894E+00 6.35233E-01 8.03967E-01 9.72800E-01 9.92408E-01
 7.58578E+00 6.35340E-01 8.04102E-01 9.72963E-01 9.92568E-01
 7.67361E+00 6.35444E-01 8.04234E-01 9.73123E-01 9.92725E-01
 7.76247E+00 6.35546E-01 8.04363E-01 9.73279E-01 9.92879E-01
 7.85236E+00 6.35646E-01 8.04489E-01 9.73432E-01 9.93029E-01
 7.94328E+00 6.35743E-01 8.04612E-01 9.73581E-01 9.93177E-01
 8.03526E+00 6.35839E-01 8.04733E-01 9.73727E-01 9.93322E-01
 8.12831E+00 6.35932E-01 8.04851E-01 9.73870E-01 9.93463E-01
 8.22243E+00 6.36023E-01 8.04967E-01 9.74010E-01 9.93603E-01
 8.31764E+00 6.36112E-01 8.05079E-01 9.74146E-01 9.93739E-01
 8.41395E+00 6.36199E-01 8.05190E-01 9.74280E-01 9.93872E-01
 8.51138E+00 6.36285E-01 8.05298E-01 9.74410E-01 9.94003E-01
 8.60994E+00 6.36368E-01 8.05403E-01 9.74538E-01 9.94131E-01
 8.70964E+00 6.36449E-01 8.05506E-01 9.74662E-01 9.94257E-01
 8.81049E+00 6.36529E-01 8.05607E-01 9.74784E-01 9.94380E-01
 8.91251E+00 6.36607E-01 8.05706E-01 9.74904E-01 9.94501E-01
 9.01571E+00 6.36683E-01 8.05802E-01 9.75020E-01 9.94619E-01
 9.12011E+00 6.36758E-01 8.05896E-01 9.75134E-01 9.94735E-01
 9.22571E+00 6.36830E-01 8.05988E-01 9.75246E-01 9.94848E-01
 9.33254E+00 6.36901E-01 8.06078E-01 9.75355E-01 9.94960E-01
 9.44061E+00 6.36971E-01 8.06167E-01 9.75462E-01 9.95068E-01
 9.54993E+00 6.37039E-01 8.06253E-01 9.75566E-01 9.95175E-01
 9.66051E+00 6.37106E-01 8.06337E-01 9.75668E-01 9.95278E-01
 9.77237E+00 6.37171E-01 8.06419E-01 9.75767E-01 9.95380E-01
 9.88553E+00 6.37234E-01 8.06500E-01 9.75865E-01 9.95479E-01
 1.00000E+01 6.37296E-01 8.06578E-01 9.75960E-01 9.95577E-01
 1.01158E+01 6.37357E-01 8.06655E-01 9.76053E-01 9.95672E-01
 1.02329E+01 6.37417E-01 8.06730E-01 9.76144E-01 9.95764E-01
 1.03514E+01 6.37475E-01 8.06804E-01 9.76233E-01 9.95855E-01
 1.04713E+01 6.37532E-01 8.06876E-01 9.76320E-01 9.95944E-01
 1.05925E+01 6.37587E-01 8.06946E-01 9.76405E-01 9.96031E-01
 1.07152E+01 6.37641E-01 8.07015E-01 9.76488E-01 9.96115E-01
 1.08393E+01 6.37694E-01 8.07082E-01 9.76569E-01 9.96198E-01
 1.09648E+01 6.37746E-01 8.07148E-01 9.76649E-01 9.96279E-01
 1.10917E+01 6.37797E-01 8.07212E-01 9.76726E-01 9.96359E-01
 1.12202E+01 6.37847E-01 8.07275E-01 9.76802E-01 9.96436E-01
 1.13501E+01 6.37895E-01 8.07336E-01 9.76877E-01 9.96512E-01
 1.14815E+01 6.37943E-01 8.07396E-01 9.76949E-01 9.96586E-01
 1.16145E+01 6.37989E-01 8.07455E-01 9.77020E-01 9.96658E-01
 1.17490E+01 6.38034E-01 8.07512E-01 9.77090E-01 9.96729E-01
 1.18850E+01 6.38078E-01 8.07568E-01 9.77157E-01 9.96798E-01
 1.20226E+01 6.38122E-01 8.07623E-01 9.77224E-01 9.96866E-01
 1.21619E+01 6.38164E-01 8.07676E-01 9.77288E-01 9.96932E-01
 1.23027E+01 6.38205E-01 8.07729E-01 9.77352E-01 9.96997E-01
 1.24451E+01 6.38246E-01 8.07780E-01 9.77414E-01 9.97060E-01
 1.25893E+01 6.38285E-01 8.07830E-01 9.77474E-01 9.97122E-01
 1.27350E+01 6.38324E-01 8.07879E-01 9.77533E-01 9.97182E-01
 1.28825E+01 6.38362E-01 8.07927E-01 9.77591E-01 9.97241E-01
 1.30317E+01 6.38399E-01 8.07973E-01 9.77648E-01 9.97299E-01
 1.31826E+01 6.38435E-01 8.08019E-01 9.77703E-01 9.97355E-01
 1.33352E+01 6.38470E-01 8.08064E-01 9.77757E-01 9.97410E-01
 1.34896E+01 6.38505E-01 8.08108E-01 9.77810E-01 9.97464E-01
 1.36458E+01 6.38538E-01 8.08150E-01 9.77862E-01 9.97517E-01
 1.38038E+01 6.38571E-01 8.08192E-01 9.77912E-01 9.97568E-01
 1.39637E+01 6.38604E-01 8.08233E-01 9.77962E-01 9.97619E-01
 1.41254E+01 6.38635E-01 8.08273E-01 9.78010E-01 9.97668E-01
 1.42889E+01 6.38666E-01 8.08312E-01 9.78057E-01 9.97716E-01
 1.44544E+01 6.38696E-01 8.08350E-01 9.78103E-01 9.97763E-01
 1.46218E+01 6.38725E-01 8.08387E-01 9.78148E-01 9.97809E-01
 1.47911E+01 6.38754E-01 8.08423E-01 9.78192E-01 9.97854E-01
 1.49624E+01 6.38782E-01 8.08459E-01 9.78235E-01 9.97898E-01
 1.51356E+01 6.38810E-01 8.08494E-01 9.78277E-01 9.97941E-01
 1.53109E+01 6.38837E-01 8.08528E-01 9.78319E-01 9.97983E-01
 1.54882E+01 6.38863E-01 8.08561E-01 9.78359E-01 9.98024E-01
 1.56675E+01 6.38889E-01 8.08594E-01 9.78398E-01 9.98064E-01
 1.58489E+01 6.38914E-01 8.08625E-01 9.78437E-01 9.98103E-01
 1.60325E+01 6.38938E-01 8.08656E-01 9.78474E-01 9.98142E-01
 1.62181E+01 6.38962E-01 8.08687E-01 9.78511E-01 9.98179E-01
 1.64059E+01 6.38986E-01 8.08716E-01 9.78547E-01 9.98216E-01
 1.65959E+01 6.39009E-01 8.08745E-01 9.78582E-01 9.98251E-01
 1.67880E+01 6.39031E-01 8.08774E-01 9.78616E-01 9.98286E-01
 1.69824E+01 6.39053E-01 8.08801E-01 9.78650E-01 9.98321E-01
 1.71791E+01 6.39074E-01 8.08829E-01 9.78683E-01 9.98354E-01
 1.73780E+01 6.39095E-01 8.08855E-01 9.78715E-01 9.98387E-01
 1.75792E+01 6.39116E-01 8.08881E-01 9.78746E-01 9.98419E-01
 1.77828E+01 6.39136E-01 8.08906E-01 9.78777E-01 9.98450E-01
 1.79887E+01 6.39155E-01 8.08931E-01 9.78806E-01 9.98480E-01
 1.81970E+01 6.39174E-01 8.08955E-01 9.78836E-01 9.98510E-01
 1.84077E+01 6.39193E-01 8.08979E-01 9.78864E-01 9.98539E-01
 1.86209E+01 6.39211E-01 8.09002E-01 9.78892E-01 9.98568E-01
 1.88365E+01 6.39229E-01 8.09024E-01 9.78920E-01 9.98596E-01
 1.90546E+01 6.39247E-01 8.09046E-01 9.78946E-01 9.98623E-01
 1.92752E+01 6.39264E-01 8.09068E-01 9.78972E-01 9.98650E-01
 1.94984E+01 6.39280E-01 8.09089E-01 9.78998E-01 9.98676E-01
 1.97242E+01 6.39297E-01 8.09110E-01 9.79023E-01 9.98701E-01
 1.99526E+01 6.39312E-01 8.09130E-01 9.79047E-01 9.98726E-01
 2.01837E+01 6.39328E-01 8.09150E-01 9.79071E-01 9.98750E-01
 2.04174E+01 6.39343E-01 8.09169E-01 9.79094E-01 9.98774E-01
 2.06538E+01 6.39358E-01 8.09188E-01 9.79117E-01 9.98797E-01
 2.08930E+01 6.39373E-01 8.09206E-01 9.79139E-01 9.98820E-01
 2.11349E+01 6.39387E-01 8.09224E-01 9.79161E-01 9.98842E-01
 2.13796E+01 6.39401E-01 8.09242E-01 9.79182E-01 9.98864E-01
 2.16272E+01 6.39414E-01 8.09259E-01 9.79203E-01 9.98885E-01
 2.18776E+01 6.39428E-01 8.09275E-01 9.79223E-01 9.98906E-01
 2.21309E+01 6.39441E-01 8.09292E-01 9.79243E-01 9.98926E-01
 2.23872E+01 6.39453E-01 8.09308E-01 9.79263E-01 9.98946E-01
 2.26464E+01 6.39466E-01 8.09324E-01 9.79282E-01 9.98965E-01
 2.29087E+01 6.39478E-01 8.09339E-01 9.79300E-01 9.98984E-01
 2.31739E+01 6.39489E-01 8.09354E-01 9.79318E-01 9.99002E-01
 2.34423E+01 6.39501E-01 8.09369E-01 9.79336E-01 9.99021E-01
 2.37137E+01 6.39512E-01 8.09383E-01 9.79353E-01 9.99038E-01
 2.39883E+01 6.39523E-01 8.09397E-01 9.79370E-01 9.99055E-01
 2.42661E+01 6.39534E-01 8.09410E-01 9.79387E-01 9.99072E-01
 2.45471E+01 6.39545E-01 8.09424E-01 9.79403E-01 9.99089E-01
 2.48313E+01 6.39555E-01 8.09437E-01 9.79419E-01 9.99105E-01
 2.51189E+01 6.39565E-01 8.09450E-01 9.79434E-01 9.99121E-01
 2.54097E+01 6.39575E-01 8.09462E-01 9.79449E-01 9.99136E-01
 2.57040E+01 6.39585E-01 8.09474E-01 9.79464E-01 9.99151E-01
 2.60016E+01 6.39594E-01 8.09486E-01 9.79478E-01 9.99166E-01
 2.63027E+01 6.39603E-01 8.09498E-01 9.79492E-01 9.99180E-01
 2.66073E+01 6.39612E-01 8.09509E-01 9.79506E-01 9.99194E-01
 2.69153E+01 6.39621E-01 8.09520E-01 9.79520E-01 9.99208E-01
 2.72270E+01 6.39630E-01 8.09531E-01 9.79533E-01 9.99221E-01
 2.75423E+01 6.39638E-01 8.09542E-01 9.79546E-01 9.99234E-01
 2.78612E+01 6.39646E-01 8.09552E-01 9.79558E-01 9.99247E-01
 2.81838E+01 6.39654E-01 8.09562E-01 9.79570E-01 9.99260E-01
 2.85102E+01 6.39662E-01 8.09572E-01 9.79582E-01 9.99272E-01
 2.88403E+01 6.39670E-01 8.09582E-01 9.79594E-01 9.99284E-01
 2.91743E+01 6.39677E-01 8.09591E-01 9.79606E-01 9.99296E-01
 2.95121E+01 6.39685E-01 8.09601E-01 9.79617E-01 9.99307E-01
 2.98538E+01 6.39692E-01 8.09610E-01 9.79628E-01 9.99318E-01
 3.01995E+01 6.39699E-01 8.09619E-01 9.79639E-01 9.99329E-01
 3.05492E+01 6.39705E-01 8.09627E-01 9.79649E-01 9.99340E-01
 3.09030E+01 6.39712E-01 8.09636E-01 9.79659E-01 9.99350E-01
 3.12608E+01 6.39719E-01 8.09644E-01 9.79669E-01 9.99361E-01
 3.16228E+01 6.39725E-01 8.09652E-01 9.79679E-01 9.99371E-01
 3.19890E+01 6.39731E-01 8.09660E-01 9.79689E-01 9.99380E-01
 3.23594E+01 6.39737E-01 8.09668E-01 9.79698E-01 9.99390E-01
 3.27341E+01 6.39743E-01 8.09675E-01 9.79707E-01 9.99399E-01
 3.31131E+01 6.39749E-01 8.09683E-01 9.79716E-01 9.99408E-01
 3.34965E+01 6.39755E-01 8.09690E-01 9.79725E-01 9.99417E-01
 3.38844E+01 6.39760E-01 8.09697E-01 9.79733E-01 9.99426E-01
 3.42768E+01 6.39766E-01 8.09704E-01 9.79741E-01 9.99434E-01
 3.46737E+01 6.39771E-01 8.09710E-01 9.79750E-01 9.99443E-01
 3.50752E+01 6.39776E-01 8.09717E-01 9.79758E-01 9.99451E-01
 3.54813E+01 6.39781E-01 8.09723E-01 9.79765E-01 9.99459E-01
 3.58922E+01 6.39786E-01 8.09730E-01 9.79773E-01 9.99466E-01
 3.63078E+01 6.39791E-01 8.09736E-01 9.79780E-01 9.99474E-01
 3.67282E+01 6.39796E-01 8.09742E-01 9.79788E-01 9.99481E-01
 3.71535E+01 6.39801E-01 8.09748E-01 9.79795E-01 9.99489E-01
 3.75837E+01 6.39805E-01 8.09753E-01 9.79802E-01 9.99496E-01
 3.80189E+01 6.39810E-01 8.09759E-01 9.79808E-01 9.99503E-01
 3.84592E+01 6.39814E-01 8.09764E-01 9.79815E-01 9.99509E-01
 3.89045E+01 6.39818E-01 8.09770E-01 9.79821E-01 9.99516E-01
 3.93550E+01 6.39822E-01 8.09775E-01 9.79828E-01 9.99522E-01
 3.98107E+01 6.39826E-01 8.09780E-01 9.79834E-01 9.99529E-01
 4.02717E+01 6.39830E-01 8.09785E-01 9.79840E-01 9.99535E-01
 4.07380E+01 6.39834E-01 8.09790E-01 9.79846E-01 9.99541E-01
 4.12098E+01 6.39838E-01 8.09795E-01 9.79852E-01 9.99547E-01
 4.16869E+01 6.39842E-01 8.09799E-01 9.79857E-01 9.99552E-01
 4.21697E+01 6.39845E-01 8.09804E-01 9.79863E-01 9.99558E-01
 4.26580E+01 6.39849E-01 8.09808E-01 9.79868E-01 9.99564E-01
 4.31519E+01 6.39852E-01 8.09813E-01 9.79873E-01 9.99569E-01
 4.36516E+01 6.39855E-01 8.09817E-01 9.79879E-01 9.99574E-01
 4.41570E+01 6.39859E-01 8.09821E-01 9.79884E-01 9.99579E-01
 4.46684E+01 6.39862E-01 8.09825E-01 9.79889E-01 9.99584E-01
 4.51856E+01 6.39865E-01 8.09829E-01 9.79893E-01 9.99589E-01
 4.57088E+01 6.39868E-01 8.09833E-01 9.79898E-01 9.99594E-01
 4.62381E+01 6.39871E-01 8.09837E-01 9.79903E-01 9.99599E-01
 4.67735E+01 6.39874E-01 8.09841E-01 9.79907E-01 9.99603E-01
 4.73151E+01 6.39877E-01 8.09844E-01 9.79911E-01 9.99608E-01
 4.78630E+01 6.39880E-01 8.09848E-01 9.79916E-01 9.99612E-01
 4.84172E+01 6.39882E-01 8.09851E-01 9.79920E-01 9.99616E-01
 4.89779E+01 6.39885E-01 8.09855E-01 9.79924E-01 9.99620E-01
 4.95450E+01 6.39888E-01 8.09858E-01 9.79928E-01 9.99625E-01
 5.01187E+01 6.39890E-01 8.09861E-01 9.79932E-01 9.99629E-01
 5.06991E+01 6.39893E-01 8.09864E-01 9.79936E-01 9.99632E-01
 5.12861E+01 6.39895E-01 8.09867E-01 9.79939E-01 9.99636E-01
 5.18800E+01 6.39898E-01 8.09870E-01 9.79943E-01 9.99640E-01
 5.24807E+01 6.39900E-01 8.09873E-01 9.79947E-01 9.99644E-01
 5.30884E+01 6.39902E-01 8.09876E-01 9.79950E-01 9.99647E-01
 5.37032E+01 6.39904E-01 8.09879E-01 9.79954E-01 9.99651E-01
 5.43250E+01 6.39907E-01 8.09882E-01 9.79957E-01 9.99654E-01
 5.49541E+01 6.39909E-01 8.09884E-01 9.79960E-01 9.99657E-01
 5.55904E+01 6.39911E-01 8.09887E-01 9.79963E-01 9.99661E-01
 5.62341E+01 6.39913E-01 8.09890E-01 9.79966E-01 9.99664E-01
 5.68853E+01 6.39915E-01 8.09892E-01 9.79969E-01 9.99667E-01
 5.75440E+01 6.39917E-01 8.09895E-01 9.79972E-01 9.99670E-01
 5.82103E+01 6.39919E-01 8.09897E-01 9.79975E-01 9.99673E-01
 5.88844E+01 6.39920E-01 8.09899E-01 9.79978E-01 9.99676E-01
 5.95662E+01 6.39922E-01 8.09902E-01 9.79981E-01 9.99679E-01
 6.02560E+01 6.39924E-01 8.09904E-01 9.79984E-01 9.99681E-01
 6.09537E+01 6.39926E-01 8.09906E-01 9.79986E-01 9.99684E-01
 6.16595E+01 6.39927E-01 8.09908E-01 9.79989E-01 9.99687E-01
 6.23735E+01 6.39929E-01 8.09910E-01 9.79991E-01 9.99689E-01
 6.30957E+01 6.39931E-01 8.09912E-01 9.79994E-01 9.99692E-01
 6.38263E+01 6.39932E-01 8.09914E-01 9.79996E-01 9.99694E-01
 6.45654E+01 6.39934E-01 8.09916E-01 9.79999E-01 9.99697E-01
 6.53131E+01 6.39935E-01 8.09918E-01 9.80001E-01 9.99699E-01
 6.60693E+01 6.39937E-01 8.09920E-01 9.80003E-01 9.99701E-01
 6.68344E+01 6.39938E-01 8.09922E-01 9.80005E-01 9.99703E-01
 6.76083E+01 6.39940E-01 8.09924E-01 9.80008E-01 9.99706E-01
 6.83912E+01 6.39941E-01 8.09925E-01 9.80010E-01 9.99708E-01
 6.91831E+01 6.39942E-01 8.09927E-01 9.80012E-01 9.99710E-01
 6.99842E+01 6.39944E-01 8.09929E-01 9.80014E-01 9.99712E-01
 7.07946E+01 6.39945E-01 8.09930E-01 9.80016E-01 9.99714E-01
 7.16143E+01 6.39946E-01 8.09932E-01 9.80018E-01 9.99716E-01
 7.24436E+01 6.39947E-01 8.09933E-01 9.80019E-01 9.99718E-01
 7.32825E+01 6.39949E-01 8.09935E-01 9.80021E-01 9.99720E-01
 7.41310E+01 6.39950E-01 8.09936E-01 9.80023E-01 9.99722E-01
 7.49894E+01 6.39951E-01 8.09938E-01 9.80025E-01 9.99723E-01
 7.58578E+01 6.39952E-01 8.09939E-01 9.80027E-01 9.99725E-01
 7.67361E+01 6.39953E-01 8.09941E-01 9.80028E-01 9.99727E-01
 7.76247E+01 6.39954E-01 8.09942E-01 9.80030E-01 9.99728E-01
 7.85236E+01 6.39955E-01 8.09943E-01 9.80031E-01 9.99730E-01
 7.94328E+01 6.39956E-01 8.09945E-01 9.80033E-01 9.99732E-01
 8.03526E+01 6.39957E-01 8.09946E-01 9.80034E-01 9.99733E-01
 8.12831E+01 6.39958E-01 8.09947E-01 9.80036E-01 9.99735E-01
 8.22243E+01 6.39959E-01 8.09948E-01 9.80037E-01 9.99736E-01
 8.31764E+01 6.39960E-01 8.09949E-01 9.80039E-01 9.99738E-01
 8.41395E+01 6.39961E-01 8.09951E-01 9.80040E-01 9.99739E-01
 8.51138E+01 6.39962E-01 8.09952E-01 9.80042E-01 9.99740E-01
 8.60994E+01 6.39963E-01 8.09953E-01 9.80043E-01 9.99742E-01
 8.70964E+01 6.39964E-01 8.09954E-01 9.80044E-01 9.99743E-01
 8.81049E+01 6.39964E-01 8.09955E-01 9.80046E-01 9.99744E-01
 8.91251E+01 6.39965E-01 8.09956E-01 9.80047E-01 9.99746E-01
 9.01571E+01 6.39966E-01 8.09957E-01 9.80048E-01 9.99747E-01
 9.12011E+01 6.39967E-01 8.09958E-01 9.80049E-01 9.99748E-01
 9.22571E+01 6.39968E-01 8.09959E-01 9.80050E-01 9.99749E-01
 9.33254E+01 6.39968E-01 8.09960E-01 9.80051E-01 9.99750E-01
 9.44061E+01 6.39969E-01 8.09961E-01 9.80053E-01 9.99752E-01
 9.54993E+01 6.39970E-01 8.09962E-01 9.80054E-01 9.99753E-01
 9.66051E+01 6.39970E-01 8.09963E-01 9.80055E-01 9.99754E-01
 9.77237E+01 6.39971E-01 8.09963E-01 9.80056E-01 9.99755E-01
 9.88553E+01 6.39972E-01 8.09964E-01 9.80057E-01 9.99756E-01
 1.00000E+02 6.39972E-01 8.09965E-01 9.80058E-01 9.99757E-01
