 1.00000E-02 2.03646E-02 3.86047E-02 7.08312E-02 7.61158E-02
 2.00000E-02 2.19484E-02 4.19423E-02 7.81907E-02 8.46553E-02
 3.00000E-02 2.35388E-02 4.52862E-02 8.61469E-02 9.38322E-02
 4.00000E-02 2.51639E-02 4.87231E-02 9.45487E-02 1.03821E-01
 5.00000E-02 2.68096E-02 5.22182E-02 1.03366E-01 1.14696E-01
 6.00000E-02 2.84761E-02 5.57519E-02 1.12534E-01 1.26512E-01
 7.00000E-02 3.01537E-02 5.93130E-02 1.21924E-01 1.39310E-01
 8.00000E-02 3.18378E-02 6.28808E-02 1.31432E-01 1.53057E-01
 9.00000E-02 3.35279E-02 6.64495E-02 1.40957E-01 1.67378E-01
 1.00000E-01 3.52166E-02 7.00066E-02 1.50421E-01 1.81659E-01
 1.10000E-01 3.69022E-02 7.35430E-02 1.59772E-01 1.95611E-01
 1.20000E-01 3.85825E-02 7.70554E-02 1.68980E-01 2.09158E-01
 1.30000E-01 4.02550E-02 8.05352E-02 1.78016E-01 2.22287E-01
 1.40000E-01 4.19190E-02 8.39790E-02 1.86868E-01 2.34998E-01
 1.50000E-01 4.35731E-02 8.73880E-02 1.95529E-01 2.47318E-01
 1.60000E-01 4.52160E-02 9.07560E-02 2.03997E-01 2.59251E-01
 1.70000E-01 4.68469E-02 9.40844E-02 2.12273E-01 2.70812E-01
 1.80000E-01 4.84665E-02 9.73724E-02 2.20360E-01 2.82019E-01
 1.90000E-01 5.00733E-02 1.00618E-01 2.28261E-01 2.92887E-01
 2.00000E-01 5.16674E-02 1.03822E-01 2.35980E-01 3.03431E-01
 2.10000E-01 5.32488E-02 1.06987E-01 2.43523E-01 3.13666E-01
 2.20000E-01 5.48174E-02 1.10110E-01 2.50896E-01 3.23609E-01
 2.30000E-01 5.63735E-02 1.13194E-01 2.58103E-01 3.33269E-01
 2.40000E-01 5.79171E-02 1.16237E-01 2.65148E-01 3.42658E-01
 2.50000E-01 5.94484E-02 1.19242E-01 2.72037E-01 3.51787E-01
 2.60000E-01 6.09674E-02 1.22209E-01 2.78775E-01 3.60668E-01
 2.70000E-01 6.24744E-02 1.25139E-01 2.85367E-01 3.69311E-01
 2.80000E-01 6.39695E-02 1.28033E-01 2.91817E-01 3.77726E-01
 2.90000E-01 6.54535E-02 1.30891E-01 2.98135E-01 3.85922E-01
 3.00000E-01 6.69265E-02 1.33715E-01 3.04321E-01 3.93908E-01
 3.10000E-01 6.83884E-02 1.36505E-01 3.10379E-01 4.01692E-01
 3.20000E-01 6.98398E-02 1.39263E-01 3.16314E-01 4.09286E-01
 3.30000E-01 7.12812E-02 1.41989E-01 3.22129E-01 4.16694E-01
 3.40000E-01 7.27124E-02 1.44685E-01 3.27833E-01 4.23922E-01
 3.50000E-01 7.41345E-02 1.47350E-01 3.33425E-01 4.30978E-01
 3.60000E-01 7.55470E-02 1.49986E-01 3.38909E-01 4.37868E-01
 3.70000E-01 7.69509E-02 1.52594E-01 3.44289E-01 4.44598E-01
 3.80000E-01 7.83460E-02 1.55175E-01 3.49572E-01 4.51175E-01
 3.90000E-01 7.97332E-02 1.57728E-01 3.54757E-01 4.57603E-01
 4.00000E-01 8.11121E-02 1.60257E-01 3.59846E-01 4.63892E-01
 4.10000E-01 8.24839E-02 1.62760E-01 3.64847E-01 4.70042E-01
 4.20000E-01 8.38483E-02 1.65239E-01 3.69759E-01 4.76059E-01
 4.30000E-01 8.52056E-02 1.67695E-01 3.74585E-01 4.81948E-01
 4.40000E-01 8.65567E-02 1.70128E-01 3.79330E-01 4.87712E-01
 4.50000E-01 8.79013E-02 1.72539E-01 3.83995E-01 4.93356E-01
 4.60000E-01 8.92399E-02 1.74929E-01 3.88581E-01 4.98887E-01
 4.70000E-01 9.05730E-02 1.77299E-01 3.93094E-01 5.04306E-01
 4.80000E-01 9.19008E-02 1.79648E-01 3.97533E-01 5.09617E-01
 4.90000E-01 9.32235E-02 1.81978E-01 4.01902E-01 5.14822E-01
 5.00000E-01 9.45413E-02 1.84289E-01 4.06202E-01 5.19926E-01
 5.10000E-01 9.58548E-02 1.86583E-01 4.10435E-01 5.24931E-01
 5.20000E-01 9.71642E-02 1.88859E-01 4.14604E-01 5.29844E-01
 5.30000E-01 9.84697E-02 1.91118E-01 4.18709E-01 5.34664E-01
 5.40000E-01 9.97716E-02 1.93361E-01 4.22755E-01 5.39394E-01
 5.50000E-01 1.01070E-01 1.95588E-01 4.26740E-01 5.44038E-01
 5.60000E-01 1.02365E-01 1.97800E-01 4.30669E-01 5.48597E-01
 5.70000E-01 1.03658E-01 1.99997E-01 4.34540E-01 5.53075E-01
 5.80000E-01 1.04948E-01 2.02180E-01 4.38358E-01 5.57476E-01
 5.90000E-01 1.06236E-01 2.04349E-01 4.42121E-01 5.61798E-01
 6.00000E-01 1.07522E-01 2.06504E-01 4.45834E-01 5.66046E-01
 6.10000E-01 1.08806E-01 2.08647E-01 4.49495E-01 5.70220E-01
 6.20000E-01 1.10088E-01 2.10778E-01 4.53109E-01 5.74326E-01
 6.30000E-01 1.11369E-01 2.12896E-01 4.56674E-01 5.78364E-01
 6.40000E-01 1.12650E-01 2.15003E-01 4.60193E-01 5.82333E-01
 6.50000E-01 1.13929E-01 2.17099E-01 4.63666E-01 5.86238E-01
 6.60000E-01 1.15207E-01 2.19185E-01 4.67096E-01 5.90079E-01
 6.70000E-01 1.16486E-01 2.21259E-01 4.70481E-01 5.93861E-01
 6.80000E-01 1.17764E-01 2.23324E-01 4.73825E-01 5.97582E-01
 6.90000E-01 1.19042E-01 2.25379E-01 4.77128E-01 6.01244E-01
 7.00000E-01 1.20320E-01 2.27425E-01 4.80390E-01 6.04848E-01
 7.10000E-01 1.21599E-01 2.29462E-01 4.83614E-01 6.08399E-01
 7.20000E-01 1.22879E-01 2.31490E-01 4.86798E-01 6.11896E-01
 7.30000E-01 1.24160E-01 2.33510E-01 4.89946E-01 6.15339E-01
 7.40000E-01 1.25442E-01 2.35522E-01 4.93057E-01 6.18730E-01
 7.50000E-01 1.26725E-01 2.37527E-01 4.96132E-01 6.22072E-01
 7.60000E-01 1.28009E-01 2.39524E-01 4.99172E-01 6.25366E-01
 7.70000E-01 1.29296E-01 2.41513E-01 5.02179E-01 6.28611E-01
 7.80000E-01 1.30584E-01 2.43496E-01 5.05151E-01 6.31808E-01
 7.90000E-01 1.31874E-01 2.45473E-01 5.08091E-01 6.34962E-01
 8.00000E-01 1.33167E-01 2.47443E-01 5.10999E-01 6.38070E-01
 8.10000E-01 1.34463E-01 2.49407E-01 5.13875E-01 6.41135E-01
 8.20000E-01 1.35761E-01 2.51366E-01 5.16720E-01 6.44156E-01
 8.30000E-01 1.37062E-01 2.53319E-01 5.19536E-01 6.47138E-01
 8.40000E-01 1.38366E-01 2.55267E-01 5.22322E-01 6.50078E-01
 8.50000E-01 1.39673E-01 2.57210E-01 5.25079E-01 6.52977E-01
 8.60000E-01 1.40984E-01 2.59148E-01 5.27808E-01 6.55838E-01
 8.70000E-01 1.42299E-01 2.61081E-01 5.30509E-01 6.58661E-01
 8.80000E-01 1.43617E-01 2.63010E-01 5.33182E-01 6.61447E-01
 8.90000E-01 1.44939E-01 2.64935E-01 5.35829E-01 6.64195E-01
 9.00000E-01 1.46266E-01 2.66857E-01 5.38450E-01 6.66908E-01
 9.10000E-01 1.47597E-01 2.68774E-01 5.41045E-01 6.69587E-01
 9.20000E-01 1.48932E-01 2.70688E-01 5.43614E-01 6.72230E-01
 9.30000E-01 1.50272E-01 2.72599E-01 5.46159E-01 6.74840E-01
 9.40000E-01 1.51617E-01 2.74506E-01 5.48679E-01 6.77417E-01
 9.50000E-01 1.52967E-01 2.76411E-01 5.51176E-01 6.79962E-01
 9.60000E-01 1.54322E-01 2.78313E-01 5.53648E-01 6.82474E-01
 9.70000E-01 1.55683E-01 2.80213E-01 5.56098E-01 6.84956E-01
 9.80000E-01 1.57049E-01 2.82110E-01 5.58525E-01 6.87407E-01
 9.90000E-01 1.58421E-01 2.84005E-01 5.60930E-01 6.89828E-01
 1.00000E+00 1.59798E-01 2.85898E-01 5.63312E-01 6.92220E-01
 1.01158E+00 1.61401E-01 2.88087E-01 5.66044E-01 6.94954E-01
 1.02329E+00 1.63030E-01 2.90300E-01 5.68778E-01 6.97680E-01
 1.03514E+00 1.64687E-01 2.92537E-01 5.71516E-01 7.00400E-01
 1.04713E+00 1.66372E-01 2.94797E-01 5.74256E-01 7.03112E-01
 1.05925E+00 1.68087E-01 2.97083E-01 5.76998E-01 7.05817E-01
 1.07152E+00 1.69831E-01 2.99393E-01 5.79743E-01 7.08515E-01
 1.08393E+00 1.71607E-01 3.01729E-01 5.82490E-01 7.11205E-01
 1.09648E+00 1.73413E-01 3.04091E-01 5.85239E-01 7.13888E-01
 1.10917E+00 1.75252E-01 3.06480E-01 5.87990E-01 7.16562E-01
 1.12202E+00 1.77125E-01 3.08896E-01 5.90744E-01 7.19229E-01
 1.13501E+00 1.79031E-01 3.11341E-01 5.93499E-01 7.21887E-01
 1.14815E+00 1.80973E-01 3.13813E-01 5.96255E-01 7.24536E-01
 1.16145E+00 1.82950E-01 3.16315E-01 5.99014E-01 7.27178E-01
 1.17490E+00 1.84965E-01 3.18847E-01 6.01775E-01 7.29811E-01
 1.18850E+00 1.87017E-01 3.21409E-01 6.04537E-01 7.32435E-01
 1.20226E+00 1.89107E-01 3.24003E-01 6.07300E-01 7.35051E-01
 1.21619E+00 1.91237E-01 3.26628E-01 6.10064E-01 7.37657E-01
 1.23027E+00 1.93408E-01 3.29285E-01 6.12830E-01 7.40254E-01
 1.24451E+00 1.95620E-01 3.31976E-01 6.15597E-01 7.42841E-01
 1.25893E+00 1.97875E-01 3.34701E-01 6.18364E-01 7.45419E-01
 1.27350E+00 2.00172E-01 3.37460E-01 6.21133E-01 7.47987E-01
 1.28825E+00 2.02514E-01 3.40254E-01 6.23902E-01 7.50546E-01
 1.30317E+00 2.04901E-01 3.43085E-01 6.26671E-01 7.53094E-01
 1.31826E+00 2.07334E-01 3.45952E-01 6.29442E-01 7.55633E-01
 1.33352E+00 2.09814E-01 3.48856E-01 6.32212E-01 7.58161E-01
 1.34896E+00 2.12341E-01 3.51799E-01 6.34983E-01 7.60678E-01
 1.36458E+00 2.14916E-01 3.54781E-01 6.37754E-01 7.63185E-01
 1.38038E+00 2.17507E-01 3.57802E-01 6.40525E-01 7.65681E-01
 1.39637E+00 2.20088E-01 3.60864E-01 6.43296E-01 7.68166E-01
 1.41254E+00 2.22660E-01 3.63967E-01 6.46066E-01 7.70640E-01
 1.42889E+00 2.25221E-01 3.67112E-01 6.48836E-01 7.73103E-01
 1.44544E+00 2.27770E-01 3.70300E-01 6.51606E-01 7.75554E-01
 1.46218E+00 2.30308E-01 3.73530E-01 6.54375E-01 7.77994E-01
 1.47911E+00 2.32834E-01 3.76805E-01 6.57143E-01 7.80422E-01
 1.49624E+00 2.35346E-01 3.80124E-01 6.59910E-01 7.82839E-01
 1.51356E+00 2.37844E-01 3.83488E-01 6.62676E-01 7.85243E-01
 1.53109E+00 2.40328E-01 3.86899E-01 6.65441E-01 7.87635E-01
 1.54882E+00 2.42798E-01 3.90355E-01 6.68205E-01 7.90014E-01
 1.56675E+00 2.45251E-01 3.93859E-01 6.70967E-01 7.92381E-01
 1.58489E+00 2.47689E-01 3.97409E-01 6.73727E-01 7.94736E-01
 1.60325E+00 2.50110E-01 4.01008E-01 6.76486E-01 7.97078E-01
 1.62181E+00 2.52513E-01 4.04655E-01 6.79243E-01 7.99407E-01
 1.64059E+00 2.54900E-01 4.08350E-01 6.81998E-01 8.01723E-01
 1.65959E+00 2.57268E-01 4.12094E-01 6.84751E-01 8.04025E-01
 1.67880E+00 2.59617E-01 4.15857E-01 6.87501E-01 8.06314E-01
 1.69824E+00 2.61948E-01 4.19590E-01 6.90250E-01 8.08590E-01
 1.71791E+00 2.64259E-01 4.23292E-01 6.92995E-01 8.10852E-01
 1.73780E+00 2.66551E-01 4.26963E-01 6.95738E-01 8.13100E-01
 1.75792E+00 2.68822E-01 4.30601E-01 6.98479E-01 8.15335E-01
 1.77828E+00 2.71073E-01 4.34206E-01 7.01216E-01 8.17555E-01
 1.79887E+00 2.73303E-01 4.37778E-01 7.03951E-01 8.19761E-01
 1.81970E+00 2.75511E-01 4.41316E-01 7.06682E-01 8.21953E-01
 1.84077E+00 2.77699E-01 4.44819E-01 7.09410E-01 8.24130E-01
 1.86209E+00 2.79864E-01 4.48288E-01 7.12134E-01 8.26293E-01
 1.88365E+00 2.82008E-01 4.51722E-01 7.14856E-01 8.28441E-01
 1.90546E+00 2.84129E-01 4.55119E-01 7.17573E-01 8.30575E-01
 1.92752E+00 2.86227E-01 4.58481E-01 7.20287E-01 8.32693E-01
 1.94984E+00 2.88303E-01 4.61806E-01 7.22997E-01 8.34797E-01
 1.97242E+00 2.90357E-01 4.65095E-01 7.25702E-01 8.36885E-01
 1.99526E+00 2.92387E-01 4.68347E-01 7.28404E-01 8.38958E-01
 2.01837E+00 2.94394E-01 4.71562E-01 7.31102E-01 8.41016E-01
 2.04174E+00 2.96377E-01 4.74739E-01 7.33795E-01 8.43058E-01
 2.06538E+00 2.98337E-01 4.77878E-01 7.36484E-01 8.45085E-01
 2.08930E+00 3.00274E-01 4.80980E-01 7.39168E-01 8.47096E-01
 2.11349E+00 3.02186E-01 4.84044E-01 7.41847E-01 8.49092E-01
 2.13796E+00 3.04075E-01 4.87070E-01 7.44522E-01 8.51072E-01
 2.16272E+00 3.05941E-01 4.90058E-01 7.47192E-01 8.53035E-01
 2.18776E+00 3.07782E-01 4.93007E-01 7.49857E-01 8.54983E-01
 2.21309E+00 3.09600E-01 4.95919E-01 7.52517E-01 8.56915E-01
 2.23872E+00 3.11393E-01 4.98792E-01 7.55171E-01 8.58831E-01
 2.26464E+00 3.13163E-01 5.01627E-01 7.57820E-01 8.60731E-01
 2.29087E+00 3.14909E-01 5.04423E-01 7.60464E-01 8.62614E-01
 2.31739E+00 3.16631E-01 5.07181E-01 7.63103E-01 8.64481E-01
 2.34423E+00 3.18329E-01 5.09902E-01 7.65735E-01 8.66332E-01
 2.37137E+00 3.20003E-01 5.12584E-01 7.68362E-01 8.68166E-01
 2.39883E+00 3.21654E-01 5.15228E-01 7.70983E-01 8.69985E-01
 2.42661E+00 3.23281E-01 5.17834E-01 7.73598E-01 8.71786E-01
 2.45471E+00 3.24885E-01 5.20403E-01 7.76207E-01 8.73571E-01
 2.48313E+00 3.26465E-01 5.22933E-01 7.78809E-01 8.75340E-01
 2.51189E+00 3.28021E-01 5.25427E-01 7.81406E-01 8.77092E-01
 2.54097E+00 3.29555E-01 5.27883E-01 7.83995E-01 8.78827E-01
 2.57040E+00 3.31065E-01 5.30302E-01 7.86579E-01 8.80546E-01
 2.60016E+00 3.32552E-01 5.32685E-01 7.89155E-01 8.82248E-01
 2.63027E+00 3.34017E-01 5.35030E-01 7.91725E-01 8.83933E-01
 2.66073E+00 3.35459E-01 5.37340E-01 7.94287E-01 8.85602E-01
 2.69153E+00 3.36878E-01 5.39613E-01 7.96843E-01 8.87254E-01
 2.72270E+00 3.38275E-01 5.41850E-01 7.99391E-01 8.88890E-01
 2.75423E+00 3.39649E-01 5.44052E-01 8.01932E-01 8.90508E-01
 2.78612E+00 3.41002E-01 5.46218E-01 8.04465E-01 8.92110E-01
 2.81838E+00 3.42332E-01 5.48350E-01 8.06991E-01 8.93696E-01
 2.85102E+00 3.43641E-01 5.50446E-01 8.09508E-01 8.95265E-01
 2.88403E+00 3.44928E-01 5.52509E-01 8.12018E-01 8.96817E-01
 2.91743E+00 3.46194E-01 5.54537E-01 8.14519E-01 8.98353E-01
 2.95121E+00 3.47439E-01 5.56531E-01 8.17012E-01 8.99872E-01
 2.98538E+00 3.48664E-01 5.58492E-01 8.19496E-01 9.01374E-01
 3.01995E+00 3.49867E-01 5.60419E-01 8.21971E-01 9.02860E-01
 3.05492E+00 3.51050E-01 5.62314E-01 8.24437E-01 9.04330E-01
 3.09030E+00 3.52213E-01 5.64176E-01 8.26894E-01 9.05783E-01
 3.12608E+00 3.53355E-01 5.66007E-01 8.29341E-01 9.07220E-01
 3.16228E+00 3.54478E-01 5.67805E-01 8.31779E-01 9.08640E-01
 3.19890E+00 3.55581E-01 5.69572E-01 8.34207E-01 9.10044E-01
 3.23594E+00 3.56665E-01 5.71309E-01 8.36624E-01 9.11432E-01
 3.27341E+00 3.57730E-01 5.73014E-01 8.39031E-01 9.12804E-01
 3.31131E+00 3.58776E-01 5.74689E-01 8.41427E-01 9.14159E-01
 3.34965E+00 3.59803E-01 5.76335E-01 8.43813E-01 9.15499E-01
 3.38844E+00 3.60812E-01 5.77951E-01 8.46177E-01 9.16822E-01
 3.42768E+00 3.61802E-01 5.79537E-01 8.48501E-01 9.18130E-01
 3.46737E+00 3.62775E-01 5.81095E-01 8.50781E-01 9.19421E-01
 3.50752E+00 3.63730E-01 5.82625E-01 8.53021E-01 9.20697E-01
 3.54813E+00 3.64667E-01 5.84126E-01 8.55219E-01 9.21957E-01
 3.58922E+00 3.65587E-01 5.85600E-01 8.57377E-01 9.23202E-01
 3.63078E+00 3.66490E-01 5.87047E-01 8.59495E-01 9.24431E-01
 3.67282E+00 3.67377E-01 5.88467E-01 8.61574E-01 9.25645E-01
 3.71535E+00 3.68247E-01 5.89860E-01 8.63614E-01 9.26843E-01
 3.75837E+00 3.69100E-01 5.91227E-01 8.65616E-01 9.28026E-01
 3.80189E+00 3.69938E-01 5.92569E-01 8.67580E-01 9.29193E-01
 3.84592E+00 3.70760E-01 5.93885E-01 8.69507E-01 9.30346E-01
 3.89045E+00 3.71566E-01 5.95176E-01 8.71398E-01 9.31483E-01
 3.93550E+00 3.72357E-01 5.96443E-01 8.73252E-01 9.32606E-01
 3.98107E+00 3.73132E-01 5.97686E-01 8.75072E-01 9.33714E-01
 4.02717E+00 3.73893E-01 5.98904E-01 8.76856E-01 9.34807E-01
 4.07380E+00 3.74639E-01 6.00100E-01 8.78606E-01 9.35885E-01
 4.12098E+00 3.75371E-01 6.01272E-01 8.80322E-01 9.36949E-01
 4.16869E+00 3.76089E-01 6.02421E-01 8.82005E-01 9.37999E-01
 4.21697E+00 3.76792E-01 6.03548E-01 8.83655E-01 9.39034E-01
 4.26580E+00 3.77482E-01 6.04653E-01 8.85273E-01 9.40055E-01
 4.31519E+00 3.78159E-01 6.05737E-01 8.86859E-01 9.41062E-01
 4.36516E+00 3.78822E-01 6.06799E-01 8.88414E-01 9.42056E-01
 4.41570E+00 3.79472E-01 6.07840E-01 8.89939E-01 9.43035E-01
 4.46684E+00 3.80109E-01 6.08861E-01 8.91433E-01 9.44000E-01
 4.51856E+00 3.80734E-01 6.09862E-01 8.92898E-01 9.44952E-01
 4.57088E+00 3.81346E-01 6.10842E-01 8.94334E-01 9.45891E-01
 4.62381E+00 3.81946E-01 6.11803E-01 8.95741E-01 9.46816E-01
 4.67735E+00 3.82534E-01 6.12745E-01 8.97120E-01 9.47728E-01
 4.73151E+00 3.83110E-01 6.13668E-01 8.98471E-01 9.48627E-01
 4.78630E+00 3.83675E-01 6.14573E-01 8.99796E-01 9.49512E-01
 4.84172E+00 3.84228E-01 6.15459E-01 9.01093E-01 9.50385E-01
 4.89779E+00 3.84770E-01 6.16327E-01 9.02365E-01 9.51245E-01
 4.95450E+00 3.85301E-01 6.17178E-01 9.03610E-01 9.52093E-01
 5.01187E+00 3.85822E-01 6.18011E-01 9.04831E-01 9.52928E-01
 5.06991E+00 3.86331E-01 6.18828E-01 9.06026E-01 9.53751E-01
 5.12861E+00 3.86831E-01 6.19628E-01 9.07197E-01 9.54561E-01
 5.18800E+00 3.87320E-01 6.20412E-01 9.08345E-01 9.55359E-01
 5.24807E+00 3.87799E-01 6.21179E-01 9.09468E-01 9.56145E-01
 5.30884E+00 3.88268E-01 6.21931E-01 9.10569E-01 9.56920E-01
 5.37032E+00 3.88728E-01 6.22667E-01 9.11647E-01 9.57682E-01
 5.43250E+00 3.89178E-01 6.23389E-01 9.12703E-01 9.58433E-01
 5.49541E+00 3.89619E-01 6.24095E-01 9.13737E-01 9.59172E-01
 5.55904E+00 3.90051E-01 6.24787E-01 9.14750E-01 9.59901E-01
 5.62341E+00 3.90474E-01 6.25464E-01 9.15742E-01 9.60617E-01
 5.68853E+00 3.90888E-01 6.26127E-01 9.16713E-01 9.61323E-01
 5.75440E+00 3.91294E-01 6.26777E-01 9.17664E-01 9.62018E-01
 5.82103E+00 3.91691E-01 6.27413E-01 9.18595E-01 9.62702E-01
 5.88844E+00 3.92080E-01 6.28036E-01 9.19507E-01 9.63375E-01
 5.95662E+00 3.92460E-01 6.28645E-01 9.20400E-01 9.64037E-01
 6.02560E+00 3.92833E-01 6.29242E-01 9.21274E-01 9.64689E-01
 6.09537E+00 3.93198E-01 6.29827E-01 9.22129E-01 9.65331E-01
 6.16595E+00 3.93555E-01 6.30399E-01 9.22967E-01 9.65962E-01
 6.23735E+00 3.93905E-01 6.30959E-01 9.23787E-01 9.66584E-01
 6.30957E+00 3.94247E-01 6.31507E-01 9.24590E-01 9.67195E-01
 6.38263E+00 3.94582E-01 6.32044E-01 9.25376E-01 9.67797E-01
 6.45654E+00 3.94910E-01 6.32569E-01 9.26145E-01 9.68388E-01
 6.53131E+00 3.95231E-01 6.33084E-01 9.26898E-01 9.68970E-01
 6.60693E+00 3.95545E-01 6.33587E-01 9.27635E-01 9.69543E-01
 6.68344E+00 3.95853E-01 6.34080E-01 9.28356E-01 9.70106E-01
 6.76083E+00 3.96154E-01 6.34562E-01 9.29062E-01 9.70660E-01
 6.83912E+00 3.96449E-01 6.35034E-01 9.29753E-01 9.71205E-01
 6.91831E+00 3.96737E-01 6.35496E-01 9.30430E-01 9.71741E-01
 6.99842E+00 3.97019E-01 6.35948E-01 9.31092E-01 9.72268E-01
 7.07946E+00 3.97296E-01 6.36391E-01 9.31739E-01 9.72787E-01
 7.16143E+00 3.97566E-01 6.36824E-01 9.32373E-01 9.73296E-01
 7.24436E+00 3.97830E-01 6.37247E-01 9.32994E-01 9.73797E-01
 7.32825E+00 3.98089E-01 6.37662E-01 9.33601E-01 9.74290E-01
 7.41310E+00 3.98343E-01 6.38068E-01 9.34195E-01 9.74775E-01
 7.49894E+00 3.98590E-01 6.38465E-01 9.34776E-01 9.75251E-01
 7.58578E+00 3.98833E-01 6.38853E-01 9.35345E-01 9.75719E-01
 7.67361E+00 3.99070E-01 6.39233E-01 9.35902E-01 9.76179E-01
 7.76247E+00 3.99302E-01 6.39605E-01 9.36446E-01 9.76632E-01
 7.85236E+00 3.99530E-01 6.39969E-01 9.36979E-01 9.77076E-01
 7.94328E+00 3.99752E-01 6.40325E-01 9.37500E-01 9.77514E-01
 8.03526E+00 3.99969E-01 6.40674E-01 9.38010E-01 9.77943E-01
 8.12831E+00 4.00182E-01 6.41015E-01 9.38510E-01 9.78365E-01
 8.22243E+00 4.00390E-01 6.41348E-01 9.38998E-01 9.78780E-01
 8.31764E+00 4.00594E-01 6.41674E-01 9.39475E-01 9.79188E-01
 8.41395E+00 4.00793E-01 6.41994E-01 9.39943E-01 9.79589E-01
 8.51138E+00 4.00988E-01 6.42306E-01 9.40400E-01 9.79982E-01
 8.60994E+00 4.01179E-01 6.42611E-01 9.40847E-01 9.80369E-01
 8.70964E+00 4.01366E-01 6.42910E-01 9.41285E-01 9.80749E-01
 8.81049E+00 4.01548E-01 6.43203E-01 9.41713E-01 9.81123E-01
 8.91251E+00 4.01727E-01 6.43488E-01 9.42132E-01 9.81489E-01
 9.01571E+00 4.01901E-01 6.43768E-01 9.42541E-01 9.81850E-01
 9.12011E+00 4.02072E-01 6.44042E-01 9.42942E-01 9.82204E-01
 9.22571E+00 4.02239E-01 6.44310E-01 9.43334E-01 9.82552E-01
 9.33254E+00 4.02403E-01 6.44571E-01 9.43717E-01 9.82893E-01
 9.44061E+00 4.02563E-01 6.44828E-01 9.44092E-01 9.83229E-01
 9.54993E+00 4.02719E-01 6.45078E-01 9.44459E-01 9.83558E-01
 9.66051E+00 4.02872E-01 6.45323E-01 9.44818E-01 9.83882E-01
 9.77237E+00 4.03022E-01 6.45563E-01 9.45168E-01 9.84200E-01
 9.88553E+00 4.03168E-01 6.45797E-01 9.45512E-01 9.84512E-01
 1.00000E+01 4.03311E-01 6.46027E-01 9.45847E-01 9.84819E-01
 1.01158E+01 4.03451E-01 6.46251E-01 9.46176E-01 9.85120E-01
 1.02329E+01 4.03588E-01 6.46470E-01 9.46497E-01 9.85416E-01
 1.03514E+01 4.03722E-01 6.46685E-01 9.46811E-01 9.85706E-01
 1.04713E+01 4.03853E-01 6.46894E-01 9.47118E-01 9.85991E-01
 1.05925E+01 4.03981E-01 6.47100E-01 9.47419E-01 9.86271E-01
 1.07152E+01 4.04106E-01 6.47300E-01 9.47712E-01 9.86546E-01
 1.08393E+01 4.04229E-01 6.47497E-01 9.48000E-01 9.86816E-01
 1.09648E+01 4.04349E-01 6.47689E-01 9.48281E-01 9.87081E-01
 1.10917E+01 4.04466E-01 6.47876E-01 9.48556E-01 9.87341E-01
 1.12202E+01 4.04581E-01 6.48060E-01 9.48824E-01 9.87596E-01
 1.13501E+01 4.04693E-01 6.48239E-01 9.49087E-01 9.87847E-01
 1.14815E+01 4.04802E-01 6.48415E-01 9.49344E-01 9.88093E-01
 1.16145E+01 4.04909E-01 6.48587E-01 9.49596E-01 9.88334E-01
 1.17490E+01 4.05014E-01 6.48755E-01 9.49842E-01 9.88572E-01
 1.18850E+01 4.05117E-01 6.48919E-01 9.50082E-01 9.88804E-01
 1.20226E+01 4.05217E-01 6.49079E-01 9.50317E-01 9.89033E-01
 1.21619E+01 4.05315E-01 6.49236E-01 9.50547E-01 9.89257E-01
 1.23027E+01 4.05411E-01 6.49390E-01 9.50772E-01 9.89477E-01
 1.24451E+01 4.05505E-01 6.49540E-01 9.50991E-01 9.89693E-01
 1.25893E+01 4.05596E-01 6.49687E-01 9.51206E-01 9.89905E-01
 1.27350E+01 4.05686E-01 6.49830E-01 9.51417E-01 9.90113E-01
 1.28825E+01 4.05774E-01 6.49971E-01 9.51622E-01 9.90317E-01
 1.30317E+01 4.05859E-01 6.50108E-01 9.51823E-01 9.90517E-01
 1.31826E+01 4.05943E-01 6.50242E-01 9.52020E-01 9.90714E-01
 1.33352E+01 4.06025E-01 6.50373E-01 9.52212E-01 9.90907E-01
 1.34896E+01 4.06105E-01 6.50502E-01 9.52400E-01 9.91096E-01
 1.36458E+01 4.06183E-01 6.50627E-01 9.52583E-01 9.91282E-01
 1.38038E+01 4.06260E-01 6.50750E-01 9.52763E-01 9.91464E-01
 1.39637E+01 4.06335E-01 6.50870E-01 9.52939E-01 9.91642E-01
 1.41254E+01 4.06408E-01 6.50987E-01 9.53110E-01 9.91818E-01
 1.42889E+01 4.06480E-01 6.51102E-01 9.53278E-01 9.91990E-01
 1.44544E+01 4.06550E-01 6.51214E-01 9.53443E-01 9.92159E-01
 1.46218E+01 4.06618E-01 6.51324E-01 9.53603E-01 9.92324E-01
 1.47911E+01 4.06685E-01 6.51431E-01 9.53760E-01 9.92487E-01
 1.49624E+01 4.06751E-01 6.51536E-01 9.53913E-01 9.92646E-01
 1.51356E+01 4.06815E-01 6.51638E-01 9.54064E-01 9.92802E-01
 1.53109E+01 4.06877E-01 6.51738E-01 9.54210E-01 9.92955E-01
 1.54882E+01 4.06938E-01 6.51836E-01 9.54354E-01 9.93104E-01
 1.56675E+01 4.06998E-01 6.51932E-01 9.54494E-01 9.93250E-01
 1.58489E+01 4.07057E-01 6.52026E-01 9.54631E-01 9.93393E-01
 1.60325E+01 4.07114E-01 6.52117E-01 9.54765E-01 9.93532E-01
 1.62181E+01 4.07170E-01 6.52207E-01 9.54896E-01 9.93669E-01
 1.64059E+01 4.07224E-01 6.52294E-01 9.55024E-01 9.93802E-01
 1.65959E+01 4.07278E-01 6.52380E-01 9.55150E-01 9.93932E-01
 1.67880E+01 4.07330E-01 6.52464E-01 9.55272E-01 9.94060E-01
 1.69824E+01 4.07381E-01 6.52545E-01 9.55392E-01 9.94184E-01
 1.71791E+01 4.07431E-01 6.52625E-01 9.55509E-01 9.94306E-01
 1.73780E+01 4.07480E-01 6.52704E-01 9.55623E-01 9.94425E-01
 1.75792E+01 4.07527E-01 6.52780E-01 9.55735E-01 9.94542E-01
 1.77828E+01 4.07574E-01 6.52855E-01 9.55845E-01 9.94656E-01
 1.79887E+01 4.07620E-01 6.52928E-01 9.55951E-01 9.94767E-01
 1.81970E+01 4.07664E-01 6.52999E-01 9.56056E-01 9.94876E-01
 1.84077E+01 4.07708E-01 6.53069E-01 9.56158E-01 9.94982E-01
 1.86209E+01 4.07750E-01 6.53137E-01 9.56258E-01 9.95086E-01
 1.88365E+01 4.07792E-01 6.53204E-01 9.56356E-01 9.95188E-01
 1.90546E+01 4.07833E-01 6.53269E-01 9.56451E-01 9.95287E-01
 1.92752E+01 4.07873E-01 6.53333E-01 9.56545E-01 9.95384E-01
 1.94984E+01 4.07911E-01 6.53395E-01 9.56636E-01 9.95479E-01
 1.97242E+01 4.07949E-01 6.53456E-01 9.56725E-01 9.95572E-01
 1.99526E+01 4.07987E-01 6.53516E-01 9.56812E-01 9.95663E-01
 2.01837E+01 4.08023E-01 6.53574E-01 9.56898E-01 9.95752E-01
 2.04174E+01 4.08059E-01 6.53631E-01 9.56981E-01 9.95838E-01
 2.06538E+01 4.08093E-01 6.53687E-01 9.57063E-01 9.95923E-01
 2.08930E+01 4.08127E-01 6.53741E-01 9.57142E-01 9.96006E-01
 2.11349E+01 4.08160E-01 6.53794E-01 9.57220E-01 9.96087E-01
 2.13796E+01 4.08193E-01 6.53846E-01 9.57296E-01 9.96166E-01
 2.16272E+01 4.08225E-01 6.53897E-01 9.57371E-01 9.96244E-01
 2.18776E+01 4.08256E-01 6.53947E-01 9.57443E-01 9.96319E-01
 2.21309E+01 4.08286E-01 6.53995E-01 9.57514E-01 9.96393E-01
 2.23872E+01 4.08316E-01 6.54043E-01 9.57584E-01 9.96466E-01
 2.26464E+01 4.08345E-01 6.54089E-01 9.57652E-01 9.96536E-01
 2.29087E+01 4.08373E-01 6.54135E-01 9.57718E-01 9.96606E-01
 2.31739E+01 4.08401E-01 6.54179E-01 9.57783E-01 9.96673E-01
 2.34423E+01 4.08428E-01 6.54222E-01 9.57847E-01 9.96739E-01
 2.37137E+01 4.08454E-01 6.54265E-01 9.57909E-01 9.96804E-01
 2.39883E+01 4.08480E-01 6.54306E-01 9.57970E-01 9.96867E-01
 2.42661E+01 4.08505E-01 6.54347E-01 9.58029E-01 9.96929E-01
 2.45471E+01 4.08530E-01 6.54386E-01 9.58087E-01 9.96989E-01
 2.48313E+01 4.08554E-01 6.54425E-01 9.58143E-01 9.97048E-01
 2.51189E+01 4.08578E-01 6.54463E-01 9.58199E-01 9.97106E-01
 2.54097E+01 4.08601E-01 6.54500E-01 9.58253E-01 9.97162E-01
 2.57040E+01 4.08623E-01 6.54536E-01 9.58306E-01 9.97217E-01
 2.60016E+01 4.08646E-01 6.54571E-01 9.58358E-01 9.97271E-01
 2.63027E+01 4.08667E-01 6.54606E-01 9.58408E-01 9.97323E-01
 2.66073E+01 4.08688E-01 6.54639E-01 9.58458E-01 9.97375E-01
 2.69153E+01 4.08709E-01 6.54672E-01 9.58506E-01 9.97425E-01
 2.72270E+01 4.08729E-01 6.54705E-01 9.58553E-01 9.97474E-01
 2.75423E+01 4.08749E-01 6.54736E-01 9.58599E-01 9.97522E-01
 2.78612E+01 4.08768E-01 6.54767E-01 9.58644E-01 9.97569E-01
 2.81838E+01 4.08787E-01 6.54797E-01 9.58689E-01 9.97615E-01
 2.85102E+01 4.08805E-01 6.54827E-01 9.58732E-01 9.97660E-01
 2.88403E+01 4.08823E-01 6.54855E-01 9.58774E-01 9.97704E-01
 2.91743E+01 4.08841E-01 6.54884E-01 9.58815E-01 9.97747E-01
 2.95121E+01 4.08858E-01 6.54911E-01 9.58855E-01 9.97789E-01
 2.98538E+01 4.08875E-01 6.54938E-01 9.58895E-01 9.97830E-01
 3.01995E+01 4.08891E-01 6.54964E-01 9.58933E-01 9.97870E-01
 3.05492E+01 4.08907E-01 6.54990E-01 9.58971E-01 9.97909E-01
 3.09030E+01 4.08923E-01 6.55015E-01 9.59007E-01 9.97947E-01
 3.12608E+01 4.08938E-01 6.55040E-01 9.59043E-01 9.97984E-01
 3.16228E+01 4.08953E-01 6.55064E-01 9.59079E-01 9.98021E-01
 3.19890E+01 4.08968E-01 6.55087E-01 9.59113E-01 9.98057E-01
 3.23594E+01 4.08982E-01 6.55110E-01 9.59146E-01 9.98092E-01
 3.27341E+01 4.08996E-01 6.55132E-01 9.59179E-01 9.98126E-01
 3.31131E+01 4.09010E-01 6.55154E-01 9.59211E-01 9.98159E-01
 3.34965E+01 4.09023E-01 6.55176E-01 9.59243E-01 9.98192E-01
 3.38844E+01 4.09036E-01 6.55197E-01 9.59273E-01 9.98224E-01
 3.42768E+01 4.09049E-01 6.55217E-01 9.59303E-01 9.98255E-01
 3.46737E+01 4.09061E-01 6.55237E-01 9.59332E-01 9.98285E-01
 3.50752E+01 4.09073E-01 6.55256E-01 9.59361E-01 9.98315E-01
 3.54813E+01 4.09085E-01 6.55276E-01 9.59389E-01 9.98344E-01
 3.58922E+01 4.09097E-01 6.55294E-01 9.59416E-01 9.98372E-01
 3.63078E+01 4.09108E-01 6.55312E-01 9.59443E-01 9.98400E-01
 3.67282E+01 4.09119E-01 6.55330E-01 9.59469E-01 9.98427E-01
 3.71535E+01 4.09130E-01 6.55348E-01 9.59495E-01 9.98454E-01
 3.75837E+01 4.09141E-01 6.55365E-01 9.59520E-01 9.98480E-01
 3.80189E+01 4.09151E-01 6.55381E-01 9.59544E-01 9.98505E-01
 3.84592E+01 4.09162E-01 6.55398E-01 9.59568E-01 9.98530E-01
 3.89045E+01 4.09171E-01 6.55414E-01 9.59591E-01 9.98554E-01
 3.93550E+01 4.09181E-01 6.55429E-01 9.59614E-01 9.98578E-01
 3.98107E+01 4.09191E-01 6.55444E-01 9.59636E-01 9.98601E-01
 4.02717E+01 4.09200E-01 6.55459E-01 9.59658E-01 9.98624E-01
 4.07380E+01 4.09209E-01 6.55474E-01 9.59679E-01 9.98646E-01
 4.12098E+01 4.09218E-01 6.55488E-01 9.59700E-01 9.98667E-01
 4.16869E+01 4.09227E-01 6.55502E-01 9.59720E-01 9.98689E-01
 4.21697E+01 4.09235E-01 6.55515E-01 9.59740E-01 9.98709E-01
 4.26580E+01 4.09243E-01 6.55529E-01 9.59759E-01 9.98729E-01
 4.31519E+01 4.09251E-01 6.55542E-01 9.59778E-01 9.98749E-01
 4.36516E+01 4.09259E-01 6.55554E-01 9.59797E-01 9.98768E-01
 4.41570E+01 4.09267E-01 6.55567E-01 9.59815E-01 9.98787E-01
 4.46684E+01 4.09275E-01 6.55579E-01 9.59833E-01 9.98806E-01
 4.51856E+01 4.09282E-01 6.55590E-01 9.59850E-01 9.98824E-01
 4.57088E+01 4.09289E-01 6.55602E-01 9.59867E-01 9.98841E-01
 4.62381E+01 4.09296E-01 6.55613E-01 9.59883E-01 9.98859E-01
 4.67735E+01 4.09303E-01 6.55624E-01 9.59900E-01 9.98875E-01
 4.73151E+01 4.09310E-01 6.55635E-01 9.59915E-01 9.98892E-01
 4.78630E+01 4.09316E-01 6.55646E-01 9.59931E-01 9.98908E-01
 4.84172E+01 4.09323E-01 6.55656E-01 9.59946E-01 9.98924E-01
 4.89779E+01 4.09329E-01 6.55666E-01 9.59961E-01 9.98939E-01
 4.95450E+01 4.09335E-01 6.55676E-01 9.59975E-01 9.98954E-01
 5.01187E+01 4.09341E-01 6.55685E-01 9.59989E-01 9.98968E-01
 5.06991E+01 4.09347E-01 6.55695E-01 9.60003E-01 9.98983E-01
 5.12861E+01 4.09353E-01 6.55704E-01 9.60016E-01 9.98997E-01
 5.18800E+01 4.09358E-01 6.55713E-01 9.60029E-01 9.99010E-01
 5.24807E+01 4.09364E-01 6.55722E-01 9.60042E-01 9.99024E-01
 5.30884E+01 4.09369E-01 6.55730E-01 9.60055E-01 9.99037E-01
 5.37032E+01 4.09374E-01 6.55739E-01 9.60067E-01 9.99050E-01
 5.43250E+01 4.09380E-01 6.55747E-01 9.60079E-01 9.99062E-01
 5.49541E+01 4.09385E-01 6.55755E-01 9.60091E-01 9.99074E-01
 5.55904E+01 4.09389E-01 6.55763E-01 9.60102E-01 9.99086E-01
 5.62341E+01 4.09394E-01 6.55770E-01 9.60113E-01 9.99098E-01
 5.68853E+01 4.09399E-01 6.55778E-01 9.60124E-01 9.99109E-01
 5.75440E+01 4.09403E-01 6.55785E-01 9.60135E-01 9.99120E-01
 5.82103E+01 4.09408E-01 6.55792E-01 9.60146E-01 9.99131E-01
 5.88844E+01 4.09412E-01 6.55799E-01 9.60156E-01 9.99142E-01
 5.95662E+01 4.09417E-01 6.55806E-01 9.60166E-01 9.99152E-01
 6.02560E+01 4.09421E-01 6.55813E-01 9.60176E-01 9.99163E-01
 6.09537E+01 4.09425E-01 6.55819E-01 9.60185E-01 9.99172E-01
 6.16595E+01 4.09429E-01 6.55826E-01 9.60194E-01 9.99182E-01
 6.23735E+01 4.09433E-01 6.55832E-01 9.60204E-01 9.99192E-01
 6.30957E+01 4.09436E-01 6.55838E-01 9.60212E-01 9.99201E-01
 6.38263E+01 4.09440E-01 6.55844E-01 9.60221E-01 9.99210E-01
 6.45654E+01 4.09444E-01 6.55850E-01 9.60230E-01 9.99219E-01
 6.53131E+01 4.09447E-01 6.55855E-01 9.60238E-01 9.99227E-01
 6.60693E+01 4.09451E-01 6.55861E-01 9.60246E-01 9.99236E-01
 6.68344E+01 4.09454E-01 6.55866E-01 9.60254E-01 9.99244E-01
 6.76083E+01 4.09457E-01 6.55872E-01 9.60262E-01 9.99252E-01
 6.83912E+01 4.09461E-01 6.55877E-01 9.60269E-01 9.99260E-01
 6.91831E+01 4.09464E-01 6.55882E-01 9.60277E-01 9.99268E-01
 6.99842E+01 4.09467E-01 6.55887E-01 9.60284E-01 9.99275E-01
 7.07946E+01 4.09470E-01 6.55892E-01 9.60291E-01 9.99283E-01
 7.16143E+01 4.09473E-01 6.55896E-01 9.60298E-01 9.99290E-01
 7.24436E+01 4.09476E-01 6.55901E-01 9.60305E-01 9.99297E-01
 7.32825E+01 4.09479E-01 6.55906E-01 9.60311E-01 9.99304E-01
 7.41310E+01 4.09481E-01 6.55910E-01 9.60318E-01 9.99311E-01
 7.49894E+01 4.09484E-01 6.55914E-01 9.60324E-01 9.99317E-01
 7.58578E+01 4.09487E-01 6.55919E-01 9.60330E-01 9.99324E-01
 7.67361E+01 4.09489E-01 6.55923E-01 9.60336E-01 9.99330E-01
 7.76247E+01 4.09492E-01 6.55927E-01 9.60342E-01 9.99336E-01
 7.85236E+01 4.09494E-01 6.55931E-01 9.60348E-01 9.99342E-01
 7.94328E+01 4.09497E-01 6.55934E-01 9.60354E-01 9.99348E-01
 8.03526E+01 4.09499E-01 6.55938E-01 9.60359E-01 9.99354E-01
 8.12831E+01 4.09501E-01 6.55942E-01 9.60365E-01 9.99359E-01
 8.22243E+01 4.09504E-01 6.55945E-01 9.60370E-01 9.99365E-01
 8.31764E+01 4.09506E-01 6.55949E-01 9.60375E-01 9.99370E-01
 8.41395E+01 4.09508E-01 6.55952E-01 9.60380E-01 9.99375E-01
 8.51138E+01 4.09510E-01 6.55956E-01 9.60385E-01 9.99380E-01
 8.60994E+01 4.09512E-01 6.55959E-01 9.60390E-01 9.99385E-01
 8.70964E+01 4.09514E-01 6.55962E-01 9.60394E-01 9.99390E-01
 8.81049E+01 4.09516E-01 6.55965E-01 9.60399E-01 9.99395E-01
 8.91251E+01 4.09518E-01 6.55968E-01 9.60403E-01 9.99400E-01
 9.01571E+01 4.09520E-01 6.55971E-01 9.60408E-01 9.99404E-01
 9.12011E+01 4.09522E-01 6.55974E-01 9.60412E-01 9.99409E-01
 9.22571E+01 4.09523E-01 6.55977E-01 9.60416E-01 9.99413E-01
 9.33254E+01 4.09525E-01 6.55980E-01 9.60420E-01 9.99417E-01
 9.44061E+01 4.09527E-01 6.55983E-01 9.60424E-01 9.99421E-01
 9.54993E+01 4.09528E-01 6.55985E-01 9.60428E-01 9.99425E-01
 9.66051E+01 4.09530E-01 6.55988E-01 9.60432E-01 9.99429E-01
 9.77237E+01 4.09532E-01 6.55991E-01 9.60436E-01 9.99433E-01
 9.88553E+01 4.09533E-01 6.55993E-01 9.60439E-01 9.99437E-01
 1.00000E+02 4.09535E-01 6.55995E-01 9.60443E-01 9.99441E-01
