 1.00000E-02 3.59989E-02 5.84220E-02 9.15896E-02 9.65328E-02
 2.00000E-02 3.81574E-02 6.22149E-02 9.87255E-02 1.04377E-01
 3.00000E-02 4.02980E-02 6.60736E-02 1.06138E-01 1.12621E-01
 4.00000E-02 4.24675E-02 6.99766E-02 1.13899E-01 1.21319E-01
 5.00000E-02 4.46553E-02 7.39323E-02 1.21987E-01 1.30546E-01
 6.00000E-02 4.68541E-02 7.79253E-02 1.30376E-01 1.40326E-01
 7.00000E-02 4.90603E-02 8.19415E-02 1.39027E-01 1.50697E-01
 8.00000E-02 5.12715E-02 8.59674E-02 1.47881E-01 1.61689E-01
 9.00000E-02 5.34830E-02 8.99978E-02 1.56883E-01 1.73330E-01
 1.00000E-01 5.56904E-02 9.40174E-02 1.65959E-01 1.85626E-01
 1.10000E-01 5.78916E-02 9.80219E-02 1.75044E-01 1.98470E-01
 1.20000E-01 6.00844E-02 1.02001E-01 1.84078E-01 2.11530E-01
 1.30000E-01 6.22657E-02 1.05953E-01 1.93025E-01 2.24446E-01
 1.40000E-01 6.44361E-02 1.09870E-01 2.01853E-01 2.37060E-01
 1.50000E-01 6.65925E-02 1.13750E-01 2.10537E-01 2.49332E-01
 1.60000E-01 6.87347E-02 1.17590E-01 2.19066E-01 2.61250E-01
 1.70000E-01 7.08624E-02 1.21389E-01 2.27430E-01 2.72822E-01
 1.80000E-01 7.29751E-02 1.25146E-01 2.35630E-01 2.84053E-01
 1.90000E-01 7.50722E-02 1.28860E-01 2.43661E-01 2.94961E-01
 2.00000E-01 7.71535E-02 1.32530E-01 2.51523E-01 3.05558E-01
 2.10000E-01 7.92202E-02 1.36158E-01 2.59220E-01 3.15853E-01
 2.20000E-01 8.12707E-02 1.39742E-01 2.66754E-01 3.25860E-01
 2.30000E-01 8.33067E-02 1.43284E-01 2.74129E-01 3.35591E-01
 2.40000E-01 8.53271E-02 1.46783E-01 2.81348E-01 3.45059E-01
 2.50000E-01 8.73329E-02 1.50241E-01 2.88416E-01 3.54273E-01
 2.60000E-01 8.93244E-02 1.53658E-01 2.95337E-01 3.63248E-01
 2.70000E-01 9.13015E-02 1.57035E-01 3.02116E-01 3.71990E-01
 2.80000E-01 9.32645E-02 1.60373E-01 3.08757E-01 3.80510E-01
 2.90000E-01 9.52139E-02 1.63672E-01 3.15265E-01 3.88815E-01
 3.00000E-01 9.71500E-02 1.66934E-01 3.21643E-01 3.96914E-01
 3.10000E-01 9.90731E-02 1.70159E-01 3.27896E-01 4.04816E-01
 3.20000E-01 1.00984E-01 1.73349E-01 3.34027E-01 4.12528E-01
 3.30000E-01 1.02882E-01 1.76503E-01 3.40040E-01 4.20056E-01
 3.40000E-01 1.04768E-01 1.79623E-01 3.45938E-01 4.27409E-01
 3.50000E-01 1.06643E-01 1.82711E-01 3.51725E-01 4.34593E-01
 3.60000E-01 1.08506E-01 1.85766E-01 3.57406E-01 4.41615E-01
 3.70000E-01 1.10359E-01 1.88790E-01 3.62984E-01 4.48479E-01
 3.80000E-01 1.12202E-01 1.91783E-01 3.68460E-01 4.55192E-01
 3.90000E-01 1.14035E-01 1.94747E-01 3.73838E-01 4.61757E-01
 4.00000E-01 1.15858E-01 1.97681E-01 3.79122E-01 4.68182E-01
 4.10000E-01 1.17672E-01 2.00588E-01 3.84315E-01 4.74469E-01
 4.20000E-01 1.19477E-01 2.03468E-01 3.89419E-01 4.80624E-01
 4.30000E-01 1.21275E-01 2.06321E-01 3.94435E-01 4.86651E-01
 4.40000E-01 1.23064E-01 2.09148E-01 3.99368E-01 4.92557E-01
 4.50000E-01 1.24846E-01 2.11951E-01 4.04221E-01 4.98343E-01
 4.60000E-01 1.26620E-01 2.14730E-01 4.08994E-01 5.04014E-01
 4.70000E-01 1.28388E-01 2.17485E-01 4.13689E-01 5.09572E-01
 4.80000E-01 1.30150E-01 2.20219E-01 4.18312E-01 5.15022E-01
 4.90000E-01 1.31905E-01 2.22930E-01 4.22862E-01 5.20367E-01
 5.00000E-01 1.33656E-01 2.25620E-01 4.27341E-01 5.25609E-01
 5.10000E-01 1.35400E-01 2.28290E-01 4.31752E-01 5.30755E-01
 5.20000E-01 1.37141E-01 2.30939E-01 4.36096E-01 5.35805E-01
 5.30000E-01 1.38876E-01 2.33570E-01 4.40377E-01 5.40762E-01
 5.40000E-01 1.40608E-01 2.36182E-01 4.44594E-01 5.45629E-01
 5.50000E-01 1.42336E-01 2.38776E-01 4.48749E-01 5.50408E-01
 5.60000E-01 1.44060E-01 2.41352E-01 4.52846E-01 5.55101E-01
 5.70000E-01 1.45781E-01 2.43911E-01 4.56884E-01 5.59714E-01
 5.80000E-01 1.47500E-01 2.46455E-01 4.60866E-01 5.64247E-01
 5.90000E-01 1.49216E-01 2.48982E-01 4.64793E-01 5.68701E-01
 6.00000E-01 1.50930E-01 2.51494E-01 4.68666E-01 5.73079E-01
 6.10000E-01 1.52642E-01 2.53992E-01 4.72487E-01 5.77383E-01
 6.20000E-01 1.54352E-01 2.56474E-01 4.76257E-01 5.81616E-01
 6.30000E-01 1.56061E-01 2.58943E-01 4.79978E-01 5.85780E-01
 6.40000E-01 1.57769E-01 2.61399E-01 4.83649E-01 5.89876E-01
 6.50000E-01 1.59477E-01 2.63841E-01 4.87274E-01 5.93905E-01
 6.60000E-01 1.61184E-01 2.66271E-01 4.90852E-01 5.97869E-01
 6.70000E-01 1.62891E-01 2.68689E-01 4.94385E-01 6.01771E-01
 6.80000E-01 1.64598E-01 2.71094E-01 4.97874E-01 6.05612E-01
 6.90000E-01 1.66306E-01 2.73489E-01 5.01319E-01 6.09394E-01
 7.00000E-01 1.68014E-01 2.75872E-01 5.04723E-01 6.13116E-01
 7.10000E-01 1.69723E-01 2.78245E-01 5.08085E-01 6.16782E-01
 7.20000E-01 1.71433E-01 2.80607E-01 5.11408E-01 6.20393E-01
 7.30000E-01 1.73145E-01 2.82959E-01 5.14690E-01 6.23950E-01
 7.40000E-01 1.74858E-01 2.85302E-01 5.17934E-01 6.27454E-01
 7.50000E-01 1.76573E-01 2.87635E-01 5.21141E-01 6.30906E-01
 7.60000E-01 1.78290E-01 2.89959E-01 5.24310E-01 6.34308E-01
 7.70000E-01 1.80010E-01 2.92274E-01 5.27443E-01 6.37661E-01
 7.80000E-01 1.81732E-01 2.94581E-01 5.30541E-01 6.40965E-01
 7.90000E-01 1.83457E-01 2.96879E-01 5.33604E-01 6.44223E-01
 8.00000E-01 1.85185E-01 2.99170E-01 5.36633E-01 6.47434E-01
 8.10000E-01 1.86916E-01 3.01453E-01 5.39628E-01 6.50601E-01
 8.20000E-01 1.88650E-01 3.03728E-01 5.42591E-01 6.53724E-01
 8.30000E-01 1.90389E-01 3.05996E-01 5.45522E-01 6.56803E-01
 8.40000E-01 1.92131E-01 3.08258E-01 5.48421E-01 6.59840E-01
 8.50000E-01 1.93878E-01 3.10513E-01 5.51289E-01 6.62836E-01
 8.60000E-01 1.95628E-01 3.12761E-01 5.54127E-01 6.65792E-01
 8.70000E-01 1.97384E-01 3.15003E-01 5.56935E-01 6.68708E-01
 8.80000E-01 1.99144E-01 3.17240E-01 5.59713E-01 6.71585E-01
 8.90000E-01 2.00909E-01 3.19470E-01 5.62464E-01 6.74425E-01
 9.00000E-01 2.02680E-01 3.21695E-01 5.65185E-01 6.77227E-01
 9.10000E-01 2.04456E-01 3.23915E-01 5.67879E-01 6.79992E-01
 9.20000E-01 2.06237E-01 3.26130E-01 5.70546E-01 6.82722E-01
 9.30000E-01 2.08024E-01 3.28339E-01 5.73186E-01 6.85417E-01
 9.40000E-01 2.09818E-01 3.30544E-01 5.75799E-01 6.88077E-01
 9.50000E-01 2.11617E-01 3.32745E-01 5.78387E-01 6.90703E-01
 9.60000E-01 2.13423E-01 3.34941E-01 5.80949E-01 6.93297E-01
 9.70000E-01 2.15236E-01 3.37133E-01 5.83486E-01 6.95858E-01
 9.80000E-01 2.17055E-01 3.39322E-01 5.85998E-01 6.98386E-01
 9.90000E-01 2.18882E-01 3.41506E-01 5.88486E-01 7.00884E-01
 1.00000E+00 2.20716E-01 3.43688E-01 5.90950E-01 7.03351E-01
 1.01158E+00 2.22848E-01 3.46209E-01 5.93774E-01 7.06170E-01
 1.02329E+00 2.25016E-01 3.48756E-01 5.96599E-01 7.08981E-01
 1.03514E+00 2.27220E-01 3.51327E-01 5.99425E-01 7.11784E-01
 1.04713E+00 2.29462E-01 3.53925E-01 6.02252E-01 7.14579E-01
 1.05925E+00 2.31741E-01 3.56549E-01 6.05080E-01 7.17366E-01
 1.07152E+00 2.34060E-01 3.59200E-01 6.07908E-01 7.20145E-01
 1.08393E+00 2.36419E-01 3.61879E-01 6.10736E-01 7.22914E-01
 1.09648E+00 2.38819E-01 3.64586E-01 6.13565E-01 7.25675E-01
 1.10917E+00 2.41263E-01 3.67321E-01 6.16394E-01 7.28427E-01
 1.12202E+00 2.43750E-01 3.70085E-01 6.19223E-01 7.31170E-01
 1.13501E+00 2.46282E-01 3.72880E-01 6.22051E-01 7.33904E-01
 1.14815E+00 2.48862E-01 3.75704E-01 6.24880E-01 7.36628E-01
 1.16145E+00 2.51489E-01 3.78560E-01 6.27707E-01 7.39342E-01
 1.17490E+00 2.54166E-01 3.81448E-01 6.30534E-01 7.42047E-01
 1.18850E+00 2.56894E-01 3.84368E-01 6.33360E-01 7.44741E-01
 1.20226E+00 2.59674E-01 3.87321E-01 6.36184E-01 7.47425E-01
 1.21619E+00 2.62508E-01 3.90309E-01 6.39008E-01 7.50098E-01
 1.23027E+00 2.65398E-01 3.93331E-01 6.41830E-01 7.52761E-01
 1.24451E+00 2.68345E-01 3.96388E-01 6.44650E-01 7.55413E-01
 1.25893E+00 2.71350E-01 3.99482E-01 6.47469E-01 7.58053E-01
 1.27350E+00 2.74410E-01 4.02613E-01 6.50285E-01 7.60683E-01
 1.28825E+00 2.77480E-01 4.05783E-01 6.53099E-01 7.63301E-01
 1.30317E+00 2.80541E-01 4.08991E-01 6.55911E-01 7.65907E-01
 1.31826E+00 2.83592E-01 4.12239E-01 6.58721E-01 7.68502E-01
 1.33352E+00 2.86633E-01 4.15529E-01 6.61528E-01 7.71085E-01
 1.34896E+00 2.89662E-01 4.18860E-01 6.64331E-01 7.73655E-01
 1.36458E+00 2.92679E-01 4.22235E-01 6.67132E-01 7.76213E-01
 1.38038E+00 2.95684E-01 4.25653E-01 6.69929E-01 7.78758E-01
 1.39637E+00 2.98674E-01 4.29117E-01 6.72723E-01 7.81291E-01
 1.41254E+00 3.01651E-01 4.32628E-01 6.75514E-01 7.83810E-01
 1.42889E+00 3.04612E-01 4.36187E-01 6.78300E-01 7.86317E-01
 1.44544E+00 3.07558E-01 4.39795E-01 6.81082E-01 7.88809E-01
 1.46218E+00 3.10487E-01 4.43454E-01 6.83861E-01 7.91289E-01
 1.47911E+00 3.13399E-01 4.47166E-01 6.86634E-01 7.93755E-01
 1.49624E+00 3.16293E-01 4.50932E-01 6.89404E-01 7.96206E-01
 1.51356E+00 3.19169E-01 4.54754E-01 6.92168E-01 7.98644E-01
 1.53109E+00 3.22026E-01 4.58633E-01 6.94928E-01 8.01068E-01
 1.54882E+00 3.24864E-01 4.62572E-01 6.97683E-01 8.03477E-01
 1.56675E+00 3.27682E-01 4.66562E-01 7.00432E-01 8.05871E-01
 1.58489E+00 3.30479E-01 4.70545E-01 7.03176E-01 8.08250E-01
 1.60325E+00 3.33254E-01 4.74497E-01 7.05914E-01 8.10615E-01
 1.62181E+00 3.36008E-01 4.78418E-01 7.08647E-01 8.12964E-01
 1.64059E+00 3.38740E-01 4.82308E-01 7.11374E-01 8.15298E-01
 1.65959E+00 3.41450E-01 4.86166E-01 7.14095E-01 8.17616E-01
 1.67880E+00 3.44136E-01 4.89991E-01 7.16810E-01 8.19919E-01
 1.69824E+00 3.46799E-01 4.93782E-01 7.19518E-01 8.22206E-01
 1.71791E+00 3.49438E-01 4.97540E-01 7.22220E-01 8.24477E-01
 1.73780E+00 3.52053E-01 5.01263E-01 7.24915E-01 8.26732E-01
 1.75792E+00 3.54643E-01 5.04951E-01 7.27604E-01 8.28971E-01
 1.77828E+00 3.57208E-01 5.08603E-01 7.30286E-01 8.31194E-01
 1.79887E+00 3.59748E-01 5.12220E-01 7.32961E-01 8.33399E-01
 1.81970E+00 3.62263E-01 5.15800E-01 7.35629E-01 8.35588E-01
 1.84077E+00 3.64751E-01 5.19343E-01 7.38289E-01 8.37761E-01
 1.86209E+00 3.67214E-01 5.22849E-01 7.40943E-01 8.39916E-01
 1.88365E+00 3.69650E-01 5.26318E-01 7.43589E-01 8.42054E-01
 1.90546E+00 3.72059E-01 5.29748E-01 7.46227E-01 8.44175E-01
 1.92752E+00 3.74442E-01 5.33141E-01 7.48859E-01 8.46279E-01
 1.94984E+00 3.76798E-01 5.36495E-01 7.51482E-01 8.48365E-01
 1.97242E+00 3.79126E-01 5.39811E-01 7.54098E-01 8.50434E-01
 1.99526E+00 3.81428E-01 5.43087E-01 7.56706E-01 8.52486E-01
 2.01837E+00 3.83702E-01 5.46325E-01 7.59306E-01 8.54519E-01
 2.04174E+00 3.85948E-01 5.49524E-01 7.61898E-01 8.56535E-01
 2.06538E+00 3.88167E-01 5.52683E-01 7.64482E-01 8.58533E-01
 2.08930E+00 3.90358E-01 5.55803E-01 7.67058E-01 8.60513E-01
 2.11349E+00 3.92521E-01 5.58883E-01 7.69627E-01 8.62474E-01
 2.13796E+00 3.94657E-01 5.61924E-01 7.72187E-01 8.64418E-01
 2.16272E+00 3.96765E-01 5.64925E-01 7.74740E-01 8.66344E-01
 2.18776E+00 3.98845E-01 5.67886E-01 7.77284E-01 8.68251E-01
 2.21309E+00 4.00897E-01 5.70808E-01 7.79820E-01 8.70140E-01
 2.23872E+00 4.02921E-01 5.73690E-01 7.82348E-01 8.72011E-01
 2.26464E+00 4.04918E-01 5.76533E-01 7.84868E-01 8.73863E-01
 2.29087E+00 4.06886E-01 5.79336E-01 7.87380E-01 8.75697E-01
 2.31739E+00 4.08828E-01 5.82100E-01 7.89885E-01 8.77512E-01
 2.34423E+00 4.10741E-01 5.84825E-01 7.92381E-01 8.79309E-01
 2.37137E+00 4.12627E-01 5.87510E-01 7.94869E-01 8.81087E-01
 2.39883E+00 4.14486E-01 5.90157E-01 7.97350E-01 8.82847E-01
 2.42661E+00 4.16317E-01 5.92764E-01 7.99823E-01 8.84589E-01
 2.45471E+00 4.18121E-01 5.95333E-01 8.02288E-01 8.86311E-01
 2.48313E+00 4.19899E-01 5.97863E-01 8.04746E-01 8.88016E-01
 2.51189E+00 4.21649E-01 6.00355E-01 8.07196E-01 8.89701E-01
 2.54097E+00 4.23372E-01 6.02809E-01 8.09639E-01 8.91369E-01
 2.57040E+00 4.25069E-01 6.05225E-01 8.12075E-01 8.93017E-01
 2.60016E+00 4.26740E-01 6.07604E-01 8.14503E-01 8.94648E-01
 2.63027E+00 4.28384E-01 6.09945E-01 8.16925E-01 8.96259E-01
 2.66073E+00 4.30002E-01 6.12249E-01 8.19341E-01 8.97853E-01
 2.69153E+00 4.31594E-01 6.14516E-01 8.21750E-01 8.99428E-01
 2.72270E+00 4.33161E-01 6.16746E-01 8.24154E-01 9.00984E-01
 2.75423E+00 4.34702E-01 6.18941E-01 8.26552E-01 9.02522E-01
 2.78612E+00 4.36218E-01 6.21099E-01 8.28944E-01 9.04042E-01
 2.81838E+00 4.37709E-01 6.23222E-01 8.31332E-01 9.05544E-01
 2.85102E+00 4.39175E-01 6.25309E-01 8.33717E-01 9.07028E-01
 2.88403E+00 4.40616E-01 6.27362E-01 8.36098E-01 9.08493E-01
 2.91743E+00 4.42034E-01 6.29380E-01 8.38477E-01 9.09941E-01
 2.95121E+00 4.43427E-01 6.31363E-01 8.40856E-01 9.11370E-01
 2.98538E+00 4.44796E-01 6.33313E-01 8.43236E-01 9.12782E-01
 3.01995E+00 4.46142E-01 6.35229E-01 8.45622E-01 9.14176E-01
 3.05492E+00 4.47464E-01 6.37112E-01 8.48020E-01 9.15552E-01
 3.09030E+00 4.48764E-01 6.38962E-01 8.50459E-01 9.16911E-01
 3.12608E+00 4.50040E-01 6.40780E-01 8.52878E-01 9.18252E-01
 3.16228E+00 4.51294E-01 6.42565E-01 8.55254E-01 9.19576E-01
 3.19890E+00 4.52526E-01 6.44319E-01 8.57589E-01 9.20882E-01
 3.23594E+00 4.53736E-01 6.46042E-01 8.59881E-01 9.22171E-01
 3.27341E+00 4.54924E-01 6.47733E-01 8.62133E-01 9.23443E-01
 3.31131E+00 4.56090E-01 6.49394E-01 8.64344E-01 9.24699E-01
 3.34965E+00 4.57236E-01 6.51025E-01 8.66514E-01 9.25937E-01
 3.38844E+00 4.58360E-01 6.52626E-01 8.68645E-01 9.27158E-01
 3.42768E+00 4.59464E-01 6.54198E-01 8.70737E-01 9.28363E-01
 3.46737E+00 4.60548E-01 6.55741E-01 8.72791E-01 9.29551E-01
 3.50752E+00 4.61611E-01 6.57255E-01 8.74806E-01 9.30723E-01
 3.54813E+00 4.62655E-01 6.58741E-01 8.76784E-01 9.31879E-01
 3.58922E+00 4.63679E-01 6.60199E-01 8.78725E-01 9.33018E-01
 3.63078E+00 4.64684E-01 6.61630E-01 8.80630E-01 9.34142E-01
 3.67282E+00 4.65670E-01 6.63034E-01 8.82498E-01 9.35249E-01
 3.71535E+00 4.66637E-01 6.64411E-01 8.84331E-01 9.36341E-01
 3.75837E+00 4.67586E-01 6.65762E-01 8.86129E-01 9.37417E-01
 3.80189E+00 4.68517E-01 6.67087E-01 8.87893E-01 9.38478E-01
 3.84592E+00 4.69430E-01 6.68387E-01 8.89623E-01 9.39523E-01
 3.89045E+00 4.70325E-01 6.69662E-01 8.91320E-01 9.40554E-01
 3.93550E+00 4.71203E-01 6.70912E-01 8.92984E-01 9.41569E-01
 3.98107E+00 4.72064E-01 6.72138E-01 8.94616E-01 9.42569E-01
 4.02717E+00 4.72908E-01 6.73340E-01 8.96216E-01 9.43555E-01
 4.07380E+00 4.73736E-01 6.74519E-01 8.97784E-01 9.44526E-01
 4.12098E+00 4.74547E-01 6.75674E-01 8.99322E-01 9.45482E-01
 4.16869E+00 4.75343E-01 6.76807E-01 9.00830E-01 9.46424E-01
 4.21697E+00 4.76123E-01 6.77917E-01 9.02307E-01 9.47352E-01
 4.26580E+00 4.76887E-01 6.79005E-01 9.03756E-01 9.48266E-01
 4.31519E+00 4.77636E-01 6.80072E-01 9.05176E-01 9.49166E-01
 4.36516E+00 4.78370E-01 6.81117E-01 9.06567E-01 9.50053E-01
 4.41570E+00 4.79090E-01 6.82142E-01 9.07931E-01 9.50926E-01
 4.46684E+00 4.79795E-01 6.83146E-01 9.09267E-01 9.51785E-01
 4.51856E+00 4.80486E-01 6.84129E-01 9.10576E-01 9.52631E-01
 4.57088E+00 4.81163E-01 6.85093E-01 9.11859E-01 9.53465E-01
 4.62381E+00 4.81826E-01 6.86038E-01 9.13116E-01 9.54285E-01
 4.67735E+00 4.82476E-01 6.86963E-01 9.14348E-01 9.55092E-01
 4.73151E+00 4.83113E-01 6.87870E-01 9.15554E-01 9.55887E-01
 4.78630E+00 4.83736E-01 6.88757E-01 9.16736E-01 9.56669E-01
 4.84172E+00 4.84347E-01 6.89627E-01 9.17894E-01 9.57439E-01
 4.89779E+00 4.84946E-01 6.90479E-01 9.19028E-01 9.58197E-01
 4.95450E+00 4.85532E-01 6.91314E-01 9.20139E-01 9.58942E-01
 5.01187E+00 4.86106E-01 6.92131E-01 9.21227E-01 9.59676E-01
 5.06991E+00 4.86668E-01 6.92932E-01 9.22292E-01 9.60398E-01
 5.12861E+00 4.87219E-01 6.93715E-01 9.23335E-01 9.61109E-01
 5.18800E+00 4.87758E-01 6.94483E-01 9.24357E-01 9.61808E-01
 5.24807E+00 4.88286E-01 6.95235E-01 9.25358E-01 9.62495E-01
 5.30884E+00 4.88803E-01 6.95971E-01 9.26337E-01 9.63172E-01
 5.37032E+00 4.89309E-01 6.96692E-01 9.27297E-01 9.63838E-01
 5.43250E+00 4.89804E-01 6.97397E-01 9.28236E-01 9.64493E-01
 5.49541E+00 4.90290E-01 6.98088E-01 9.29155E-01 9.65137E-01
 5.55904E+00 4.90765E-01 6.98765E-01 9.30056E-01 9.65770E-01
 5.62341E+00 4.91230E-01 6.99427E-01 9.30937E-01 9.66393E-01
 5.68853E+00 4.91685E-01 7.00075E-01 9.31800E-01 9.67006E-01
 5.75440E+00 4.92131E-01 7.00710E-01 9.32644E-01 9.67609E-01
 5.82103E+00 4.92567E-01 7.01331E-01 9.33471E-01 9.68201E-01
 5.88844E+00 4.92994E-01 7.01939E-01 9.34280E-01 9.68784E-01
 5.95662E+00 4.93412E-01 7.02534E-01 9.35072E-01 9.69358E-01
 6.02560E+00 4.93821E-01 7.03116E-01 9.35848E-01 9.69921E-01
 6.09537E+00 4.94221E-01 7.03686E-01 9.36607E-01 9.70475E-01
 6.16595E+00 4.94613E-01 7.04244E-01 9.37349E-01 9.71020E-01
 6.23735E+00 4.94997E-01 7.04790E-01 9.38076E-01 9.71556E-01
 6.30957E+00 4.95372E-01 7.05325E-01 9.38787E-01 9.72083E-01
 6.38263E+00 4.95739E-01 7.05848E-01 9.39483E-01 9.72600E-01
 6.45654E+00 4.96099E-01 7.06359E-01 9.40164E-01 9.73109E-01
 6.53131E+00 4.96450E-01 7.06860E-01 9.40831E-01 9.73610E-01
 6.60693E+00 4.96795E-01 7.07350E-01 9.41483E-01 9.74101E-01
 6.68344E+00 4.97131E-01 7.07830E-01 9.42121E-01 9.74585E-01
 6.76083E+00 4.97461E-01 7.08299E-01 9.42746E-01 9.75060E-01
 6.83912E+00 4.97783E-01 7.08758E-01 9.43356E-01 9.75527E-01
 6.91831E+00 4.98099E-01 7.09207E-01 9.43954E-01 9.75986E-01
 6.99842E+00 4.98407E-01 7.09646E-01 9.44539E-01 9.76437E-01
 7.07946E+00 4.98709E-01 7.10076E-01 9.45111E-01 9.76881E-01
 7.16143E+00 4.99004E-01 7.10497E-01 9.45671E-01 9.77316E-01
 7.24436E+00 4.99293E-01 7.10908E-01 9.46219E-01 9.77745E-01
 7.32825E+00 4.99576E-01 7.11310E-01 9.46754E-01 9.78165E-01
 7.41310E+00 4.99853E-01 7.11704E-01 9.47278E-01 9.78579E-01
 7.49894E+00 5.00123E-01 7.12089E-01 9.47791E-01 9.78985E-01
 7.58578E+00 5.00388E-01 7.12466E-01 9.48292E-01 9.79384E-01
 7.67361E+00 5.00647E-01 7.12835E-01 9.48783E-01 9.79776E-01
 7.76247E+00 5.00900E-01 7.13195E-01 9.49263E-01 9.80162E-01
 7.85236E+00 5.01148E-01 7.13548E-01 9.49732E-01 9.80540E-01
 7.94328E+00 5.01390E-01 7.13893E-01 9.50191E-01 9.80912E-01
 8.03526E+00 5.01627E-01 7.14230E-01 9.50640E-01 9.81278E-01
 8.12831E+00 5.01858E-01 7.14560E-01 9.51080E-01 9.81637E-01
 8.22243E+00 5.02085E-01 7.14883E-01 9.51509E-01 9.81989E-01
 8.31764E+00 5.02307E-01 7.15199E-01 9.51929E-01 9.82336E-01
 8.41395E+00 5.02524E-01 7.15507E-01 9.52340E-01 9.82676E-01
 8.51138E+00 5.02736E-01 7.15809E-01 9.52742E-01 9.83010E-01
 8.60994E+00 5.02943E-01 7.16105E-01 9.53135E-01 9.83339E-01
 8.70964E+00 5.03146E-01 7.16393E-01 9.53520E-01 9.83661E-01
 8.81049E+00 5.03344E-01 7.16676E-01 9.53896E-01 9.83978E-01
 8.91251E+00 5.03538E-01 7.16952E-01 9.54263E-01 9.84289E-01
 9.01571E+00 5.03728E-01 7.17222E-01 9.54623E-01 9.84595E-01
 9.12011E+00 5.03914E-01 7.17486E-01 9.54974E-01 9.84895E-01
 9.22571E+00 5.04095E-01 7.17745E-01 9.55318E-01 9.85189E-01
 9.33254E+00 5.04272E-01 7.17997E-01 9.55654E-01 9.85479E-01
 9.44061E+00 5.04446E-01 7.18244E-01 9.55983E-01 9.85763E-01
 9.54993E+00 5.04615E-01 7.18486E-01 9.56304E-01 9.86042E-01
 9.66051E+00 5.04781E-01 7.18722E-01 9.56619E-01 9.86316E-01
 9.77237E+00 5.04944E-01 7.18953E-01 9.56926E-01 9.86586E-01
 9.88553E+00 5.05102E-01 7.19179E-01 9.57227E-01 9.86850E-01
 1.00000E+01 5.05257E-01 7.19399E-01 9.57521E-01 9.87109E-01
 1.01158E+01 5.05409E-01 7.19615E-01 9.57808E-01 9.87364E-01
 1.02329E+01 5.05557E-01 7.19827E-01 9.58089E-01 9.87614E-01
 1.03514E+01 5.05702E-01 7.20033E-01 9.58364E-01 9.87860E-01
 1.04713E+01 5.05844E-01 7.20235E-01 9.58632E-01 9.88101E-01
 1.05925E+01 5.05982E-01 7.20432E-01 9.58895E-01 9.88338E-01
 1.07152E+01 5.06118E-01 7.20625E-01 9.59152E-01 9.88571E-01
 1.08393E+01 5.06250E-01 7.20814E-01 9.59403E-01 9.88799E-01
 1.09648E+01 5.06380E-01 7.20998E-01 9.59648E-01 9.89023E-01
 1.10917E+01 5.06507E-01 7.21178E-01 9.59888E-01 9.89243E-01
 1.12202E+01 5.06630E-01 7.21355E-01 9.60123E-01 9.89459E-01
 1.13501E+01 5.06752E-01 7.21527E-01 9.60353E-01 9.89671E-01
 1.14815E+01 5.06870E-01 7.21696E-01 9.60577E-01 9.89879E-01
 1.16145E+01 5.06986E-01 7.21860E-01 9.60796E-01 9.90084E-01
 1.17490E+01 5.07099E-01 7.22021E-01 9.61010E-01 9.90284E-01
 1.18850E+01 5.07209E-01 7.22179E-01 9.61220E-01 9.90481E-01
 1.20226E+01 5.07317E-01 7.22333E-01 9.61425E-01 9.90675E-01
 1.21619E+01 5.07423E-01 7.22483E-01 9.61625E-01 9.90864E-01
 1.23027E+01 5.07526E-01 7.22630E-01 9.61821E-01 9.91051E-01
 1.24451E+01 5.07627E-01 7.22774E-01 9.62013E-01 9.91233E-01
 1.25893E+01 5.07726E-01 7.22915E-01 9.62200E-01 9.91413E-01
 1.27350E+01 5.07823E-01 7.23052E-01 9.62383E-01 9.91589E-01
 1.28825E+01 5.07917E-01 7.23187E-01 9.62562E-01 9.91762E-01
 1.30317E+01 5.08009E-01 7.23318E-01 9.62736E-01 9.91932E-01
 1.31826E+01 5.08100E-01 7.23446E-01 9.62907E-01 9.92099E-01
 1.33352E+01 5.08188E-01 7.23572E-01 9.63074E-01 9.92262E-01
 1.34896E+01 5.08274E-01 7.23695E-01 9.63238E-01 9.92425E-01
 1.36458E+01 5.08358E-01 7.23815E-01 9.63397E-01 9.92589E-01
 1.38038E+01 5.08441E-01 7.23932E-01 9.63553E-01 9.92750E-01
 1.39637E+01 5.08521E-01 7.24047E-01 9.63706E-01 9.92907E-01
 1.41254E+01 5.08600E-01 7.24159E-01 9.63855E-01 9.93061E-01
 1.42889E+01 5.08677E-01 7.24268E-01 9.64001E-01 9.93211E-01
 1.44544E+01 5.08752E-01 7.24375E-01 9.64143E-01 9.93358E-01
 1.46218E+01 5.08825E-01 7.24480E-01 9.64283E-01 9.93502E-01
 1.47911E+01 5.08897E-01 7.24582E-01 9.64419E-01 9.93642E-01
 1.49624E+01 5.08967E-01 7.24682E-01 9.64552E-01 9.93779E-01
 1.51356E+01 5.09036E-01 7.24780E-01 9.64682E-01 9.93913E-01
 1.53109E+01 5.09103E-01 7.24876E-01 9.64809E-01 9.94044E-01
 1.54882E+01 5.09169E-01 7.24969E-01 9.64934E-01 9.94172E-01
 1.56675E+01 5.09233E-01 7.25060E-01 9.65055E-01 9.94297E-01
 1.58489E+01 5.09296E-01 7.25149E-01 9.65174E-01 9.94420E-01
 1.60325E+01 5.09357E-01 7.25237E-01 9.65290E-01 9.94539E-01
 1.62181E+01 5.09417E-01 7.25322E-01 9.65404E-01 9.94656E-01
 1.64059E+01 5.09475E-01 7.25405E-01 9.65514E-01 9.94771E-01
 1.65959E+01 5.09533E-01 7.25487E-01 9.65623E-01 9.94882E-01
 1.67880E+01 5.09588E-01 7.25566E-01 9.65729E-01 9.94991E-01
 1.69824E+01 5.09643E-01 7.25644E-01 9.65832E-01 9.95098E-01
 1.71791E+01 5.09697E-01 7.25720E-01 9.65934E-01 9.95202E-01
 1.73780E+01 5.09749E-01 7.25795E-01 9.66033E-01 9.95304E-01
 1.75792E+01 5.09800E-01 7.25867E-01 9.66129E-01 9.95404E-01
 1.77828E+01 5.09850E-01 7.25938E-01 9.66224E-01 9.95501E-01
 1.79887E+01 5.09898E-01 7.26008E-01 9.66316E-01 9.95597E-01
 1.81970E+01 5.09946E-01 7.26076E-01 9.66407E-01 9.95690E-01
 1.84077E+01 5.09993E-01 7.26142E-01 9.66495E-01 9.95781E-01
 1.86209E+01 5.10038E-01 7.26207E-01 9.66581E-01 9.95870E-01
 1.88365E+01 5.10083E-01 7.26270E-01 9.66666E-01 9.95956E-01
 1.90546E+01 5.10126E-01 7.26332E-01 9.66748E-01 9.96041E-01
 1.92752E+01 5.10169E-01 7.26393E-01 9.66828E-01 9.96124E-01
 1.94984E+01 5.10210E-01 7.26452E-01 9.66907E-01 9.96205E-01
 1.97242E+01 5.10251E-01 7.26510E-01 9.66984E-01 9.96285E-01
 1.99526E+01 5.10291E-01 7.26566E-01 9.67059E-01 9.96362E-01
 2.01837E+01 5.10329E-01 7.26621E-01 9.67133E-01 9.96438E-01
 2.04174E+01 5.10367E-01 7.26675E-01 9.67205E-01 9.96512E-01
 2.06538E+01 5.10404E-01 7.26728E-01 9.67275E-01 9.96584E-01
 2.08930E+01 5.10441E-01 7.26780E-01 9.67344E-01 9.96655E-01
 2.11349E+01 5.10476E-01 7.26830E-01 9.67411E-01 9.96724E-01
 2.13796E+01 5.10511E-01 7.26879E-01 9.67476E-01 9.96792E-01
 2.16272E+01 5.10544E-01 7.26927E-01 9.67540E-01 9.96858E-01
 2.18776E+01 5.10577E-01 7.26974E-01 9.67603E-01 9.96922E-01
 2.21309E+01 5.10610E-01 7.27020E-01 9.67664E-01 9.96985E-01
 2.23872E+01 5.10641E-01 7.27065E-01 9.67724E-01 9.97047E-01
 2.26464E+01 5.10672E-01 7.27109E-01 9.67783E-01 9.97107E-01
 2.29087E+01 5.10702E-01 7.27152E-01 9.67840E-01 9.97166E-01
 2.31739E+01 5.10732E-01 7.27194E-01 9.67896E-01 9.97224E-01
 2.34423E+01 5.10761E-01 7.27235E-01 9.67950E-01 9.97280E-01
 2.37137E+01 5.10789E-01 7.27275E-01 9.68003E-01 9.97335E-01
 2.39883E+01 5.10816E-01 7.27315E-01 9.68056E-01 9.97389E-01
 2.42661E+01 5.10843E-01 7.27353E-01 9.68107E-01 9.97441E-01
 2.45471E+01 5.10869E-01 7.27390E-01 9.68156E-01 9.97492E-01
 2.48313E+01 5.10895E-01 7.27427E-01 9.68205E-01 9.97543E-01
 2.51189E+01 5.10920E-01 7.27463E-01 9.68253E-01 9.97592E-01
 2.54097E+01 5.10945E-01 7.27497E-01 9.68299E-01 1.00422E+00
 2.57040E+01 5.10969E-01 7.27532E-01 9.68345E-01 1.01790E+00
 2.60016E+01 5.10992E-01 7.27565E-01 9.68389E-01 1.03173E+00
 2.63027E+01 5.11015E-01 7.27598E-01 9.68432E-01 1.04573E+00
 2.66073E+01 5.11037E-01 7.27629E-01 9.68475E-01 1.05994E+00
 2.69153E+01 5.11059E-01 7.27661E-01 9.68516E-01 1.07431E+00
 2.72270E+01 5.11081E-01 7.27691E-01 9.68557E-01 1.08883E+00
 2.75423E+01 5.11102E-01 7.27721E-01 9.68596E-01 1.10352E+00
 2.78612E+01 5.11122E-01 7.27750E-01 9.68635E-01 1.11842E+00
 2.81838E+01 5.11142E-01 7.27778E-01 9.68673E-01 1.13351E+00
 2.85102E+01 5.11161E-01 7.27806E-01 9.68710E-01 1.14876E+00
 2.88403E+01 5.11180E-01 7.27833E-01 9.68746E-01 1.16417E+00
 2.91743E+01 5.11199E-01 7.27860E-01 9.68781E-01 1.17980E+00
 2.95121E+01 5.11217E-01 7.27886E-01 9.68816E-01 1.19564E+00
 2.98538E+01 5.11235E-01 7.27911E-01 9.68849E-01 1.21164E+00
 3.01995E+01 5.11252E-01 7.27936E-01 9.68882E-01 1.22780E+00
 3.05492E+01 5.11269E-01 7.27960E-01 9.68915E-01 1.24422E+00
 3.09030E+01 5.11286E-01 7.27984E-01 9.68946E-01 1.26083E+00
 3.12608E+01 5.11302E-01 7.28007E-01 9.68977E-01 1.27759E+00
 3.16228E+01 5.11318E-01 7.28029E-01 9.69007E-01 1.29457E+00
 3.19890E+01 5.11334E-01 7.28051E-01 9.69036E-01 1.31180E+00
 3.23594E+01 5.11349E-01 7.28073E-01 9.69065E-01 1.32919E+00
 3.27341E+01 5.11364E-01 7.28094E-01 9.69093E-01 1.34676E+00
 3.31131E+01 5.11378E-01 7.28115E-01 9.69120E-01 1.36463E+00
 3.34965E+01 5.11392E-01 7.28135E-01 9.69147E-01 1.38265E+00
 3.38844E+01 5.11406E-01 7.28154E-01 9.69173E-01 1.40085E+00
 3.42768E+01 5.11420E-01 7.28174E-01 9.69199E-01 1.41937E+00
 3.46737E+01 5.11433E-01 7.28192E-01 9.69224E-01 1.43804E+00
 3.50752E+01 5.11446E-01 7.28211E-01 9.69248E-01 1.45691E+00
 3.54813E+01 5.11458E-01 7.28229E-01 9.69272E-01 1.47610E+00
 3.58922E+01 5.11471E-01 7.28246E-01 9.69296E-01 1.49542E+00
 3.63078E+01 5.11483E-01 7.28263E-01 9.69319E-01 1.51501E+00
 3.67282E+01 5.11494E-01 7.28280E-01 9.69341E-01 1.53486E+00
 3.71535E+01 5.11506E-01 7.28296E-01 9.69363E-01 1.55484E+00
 3.75837E+01 5.11517E-01 7.28312E-01 9.69384E-01 1.57520E+00
 3.80189E+01 5.11528E-01 7.28328E-01 9.69405E-01 1.59573E+00
 3.84592E+01 5.11539E-01 7.28343E-01 9.69425E-01 1.61645E+00
 3.89045E+01 5.11549E-01 7.28358E-01 9.69445E-01 1.63754E+00
 3.93550E+01 5.11560E-01 7.28373E-01 9.69464E-01 1.65872E+00
 3.98107E+01 5.11570E-01 7.28387E-01 9.69483E-01 1.68031E+00
 4.02717E+01 5.11579E-01 7.28401E-01 9.69502E-01 1.70206E+00
 4.07380E+01 5.11589E-01 7.28415E-01 9.69520E-01 1.72406E+00
 4.12098E+01 5.11598E-01 7.28428E-01 9.69538E-01 1.74640E+00
 4.16869E+01 5.11607E-01 7.28441E-01 9.69555E-01 1.76882E+00
 4.21697E+01 5.11616E-01 7.28454E-01 9.69572E-01 1.79175E+00
 4.26580E+01 5.11625E-01 7.28466E-01 9.69589E-01 1.81473E+00
 4.31519E+01 5.11634E-01 7.28478E-01 9.74198E-01 1.83816E+00
 4.36516E+01 5.11642E-01 7.28490E-01 9.80811E-01 1.86174E+00
 4.41570E+01 5.11650E-01 7.28502E-01 9.87308E-01 1.88565E+00
 4.46684E+01 5.11658E-01 7.28513E-01 9.93898E-01 1.90983E+00
 4.51856E+01 5.11666E-01 7.28524E-01 1.00039E+00 1.93425E+00
 4.57088E+01 5.11673E-01 7.28535E-01 1.00696E+00 1.95904E+00
 4.62381E+01 5.11681E-01 7.28546E-01 1.01344E+00 1.98399E+00
 4.67735E+01 5.11688E-01 7.28556E-01 1.02000E+00 2.00939E+00
 4.73151E+01 5.11695E-01 7.28566E-01 1.02646E+00 2.03490E+00
 4.78630E+01 5.11702E-01 7.28576E-01 1.03301E+00 2.06092E+00
 4.84172E+01 5.11709E-01 7.28586E-01 1.03944E+00 2.08700E+00
 4.89779E+01 5.11716E-01 7.28595E-01 1.04599E+00 2.11364E+00
 4.95450E+01 5.11722E-01 7.28604E-01 1.05238E+00 2.14033E+00
 5.01187E+01 5.11728E-01 7.28613E-01 1.05893E+00 2.16759E+00
 5.06991E+01 5.11735E-01 7.28622E-01 1.06527E+00 2.19491E+00
 5.12861E+01 5.11741E-01 7.28631E-01 1.07182E+00 2.22278E+00
 5.18800E+01 5.11746E-01 7.28639E-01 1.07817E+00 2.25077E+00
 5.24807E+01 5.11752E-01 7.28647E-01 1.08466E+00 2.27925E+00
 5.30884E+01 5.11758E-01 7.28655E-01 1.09103E+00 2.30793E+00
 5.37032E+01 5.11763E-01 7.28663E-01 1.09743E+00 2.33700E+00
 5.43250E+01 5.11769E-01 7.28671E-01 1.10383E+00 2.36642E+00
 5.49541E+01 5.11774E-01 7.28678E-01 1.11013E+00 2.39607E+00
 5.55904E+01 5.11779E-01 7.28686E-01 1.11656E+00 2.42626E+00
 5.62341E+01 5.11784E-01 7.28693E-01 1.12277E+00 2.45645E+00
 5.68853E+01 5.11789E-01 7.28700E-01 1.12922E+00 2.48747E+00
 5.75440E+01 5.11794E-01 7.28707E-01 1.13547E+00 2.51833E+00
 5.82103E+01 5.11799E-01 7.28713E-01 1.14177E+00 2.55004E+00
 5.88844E+01 5.11803E-01 7.28720E-01 1.14809E+00 2.58177E+00
 5.95662E+01 5.11808E-01 7.28726E-01 1.15421E+00 2.61399E+00
 6.02560E+01 5.11812E-01 7.28732E-01 1.16060E+00 2.64663E+00
 6.09537E+01 5.11816E-01 7.28738E-01 1.16674E+00 2.67930E+00
 6.16595E+01 5.11820E-01 7.28744E-01 1.17297E+00 2.71291E+00
 6.23735E+01 5.11825E-01 7.28750E-01 1.17921E+00 2.74635E+00
 6.30957E+01 5.11829E-01 7.28756E-01 1.18520E+00 2.78061E+00
 6.38263E+01 5.11832E-01 7.28761E-01 1.19153E+00 2.81508E+00
 6.45654E+01 5.11836E-01 7.28767E-01 1.19762E+00 2.84970E+00
 6.53131E+01 5.11840E-01 7.28772E-01 1.20367E+00 2.88525E+00
 6.60693E+01 5.11844E-01 7.28777E-01 1.20988E+00 2.92062E+00
 6.68344E+01 5.11847E-01 7.28782E-01 1.21583E+00 2.95684E+00
 6.76083E+01 5.11851E-01 7.28787E-01 1.22194E+00 2.99337E+00
 6.83912E+01 5.11854E-01 7.28792E-01 1.22803E+00 3.02981E+00
 6.91831E+01 5.11857E-01 7.28797E-01 1.23386E+00 3.06756E+00
 6.99842E+01 5.11861E-01 7.28802E-01 1.23999E+00 3.10512E+00
 7.07946E+01 5.11864E-01 7.28806E-01 1.24598E+00 3.14313E+00
 7.16143E+01 5.11867E-01 7.28811E-01 1.25170E+00 3.18200E+00
 7.24436E+01 5.11870E-01 7.28815E-01 1.25783E+00 3.22065E+00
 7.32825E+01 5.11873E-01 7.28819E-01 1.26374E+00 3.26025E+00
 7.41310E+01 5.11876E-01 7.28823E-01 1.26937E+00 3.30031E+00
 7.49894E+01 5.11879E-01 7.28827E-01 1.27546E+00 3.34014E+00
 7.58578E+01 5.11881E-01 7.28831E-01 1.28130E+00 3.38131E+00
 7.67361E+01 5.11884E-01 7.28835E-01 1.28686E+00 3.42265E+00
 7.76247E+01 5.11887E-01 7.28839E-01 1.29286E+00 3.46374E+00
 7.85236E+01 5.11889E-01 7.28842E-01 1.29865E+00 3.50645E+00
 7.94328E+01 5.11892E-01 7.28846E-01 1.30417E+00 3.54917E+00
 8.03526E+01 5.11894E-01 7.28849E-01 1.31002E+00 3.59162E+00
 8.12831E+01 5.11897E-01 7.28853E-01 1.31579E+00 3.63580E+00
 8.22243E+01 5.11899E-01 7.28856E-01 1.32128E+00 3.68000E+00
 8.31764E+01 5.11901E-01 7.28860E-01 1.32691E+00 3.72393E+00
 8.41395E+01 5.11904E-01 7.28863E-01 1.33269E+00 3.76948E+00
 8.51138E+01 5.11906E-01 7.28866E-01 1.33818E+00 3.81529E+00
 8.60994E+01 5.11908E-01 7.28869E-01 1.34350E+00 3.86081E+00
 8.70964E+01 5.11910E-01 7.28872E-01 1.34931E+00 3.90757E+00
 8.81049E+01 5.11912E-01 7.28875E-01 1.35483E+00 3.95513E+00
 8.91251E+01 5.11914E-01 7.28878E-01 1.36007E+00 4.00239E+00
 9.01571E+01 5.11916E-01 7.28880E-01 1.36560E+00 4.05014E+00
 9.12011E+01 5.11918E-01 7.28883E-01 1.37119E+00 4.09959E+00
 9.22571E+01 5.11920E-01 7.28886E-01 1.37649E+00 4.14875E+00
 9.33254E+01 5.11922E-01 7.28888E-01 1.38150E+00 4.19758E+00
 9.44061E+01 5.11923E-01 7.28891E-01 1.38719E+00 4.24872E+00
 9.54993E+01 5.11925E-01 7.28893E-01 1.39260E+00 4.29994E+00
 9.66051E+01 5.11927E-01 7.28896E-01 1.39771E+00 4.35084E+00
 9.77237E+01 5.11929E-01 7.28898E-01 1.40274E+00 4.40246E+00
 9.88553E+01 5.11930E-01 7.28901E-01 1.40829E+00 4.45595E+00
 1.00000E+02 5.11932E-01 7.28903E-01 1.41355E+00 4.50910E+00
