 1.00000E-02 3.53590E-02 5.71451E-02 8.92724E-02 9.42017E-02
 2.00000E-02 3.67894E-02 5.97845E-02 9.40721E-02 9.92288E-02
 3.00000E-02 3.82934E-02 6.23963E-02 9.89360E-02 1.04586E-01
 4.00000E-02 3.98219E-02 6.50948E-02 1.03980E-01 1.10180E-01
 5.00000E-02 4.13855E-02 6.78450E-02 1.09227E-01 1.15990E-01
 6.00000E-02 4.29905E-02 7.06614E-02 1.14642E-01 1.22040E-01
 7.00000E-02 4.46254E-02 7.35230E-02 1.20219E-01 1.28338E-01
 8.00000E-02 4.62871E-02 7.64273E-02 1.25956E-01 1.34868E-01
 9.00000E-02 4.79805E-02 7.93704E-02 1.31818E-01 1.41644E-01
 1.00000E-01 4.96933E-02 8.23508E-02 1.37804E-01 1.48650E-01
 1.10000E-01 5.14299E-02 8.53576E-02 1.43893E-01 1.55897E-01
 1.20000E-01 5.31857E-02 8.83866E-02 1.50054E-01 1.63373E-01
 1.30000E-01 5.49578E-02 9.14345E-02 1.56281E-01 1.71074E-01
 1.40000E-01 5.67465E-02 9.44963E-02 1.62543E-01 1.78991E-01
 1.50000E-01 5.85480E-02 9.75673E-02 1.68823E-01 1.87113E-01
 1.60000E-01 6.03595E-02 1.00646E-01 1.75104E-01 1.95419E-01
 1.70000E-01 6.21830E-02 1.03729E-01 1.81370E-01 2.03871E-01
 1.80000E-01 6.40136E-02 1.06811E-01 1.87607E-01 2.12401E-01
 1.90000E-01 6.58512E-02 1.09893E-01 1.93804E-01 2.20925E-01
 2.00000E-01 6.76957E-02 1.12971E-01 1.99952E-01 2.29371E-01
 2.10000E-01 6.95445E-02 1.16041E-01 2.06043E-01 2.37699E-01
 2.20000E-01 7.13968E-02 1.19106E-01 2.12071E-01 2.45885E-01
 2.30000E-01 7.32520E-02 1.22161E-01 2.18033E-01 2.53922E-01
 2.40000E-01 7.51091E-02 1.25205E-01 2.23925E-01 2.61807E-01
 2.50000E-01 7.69674E-02 1.28237E-01 2.29745E-01 2.69538E-01
 2.60000E-01 7.88261E-02 1.31258E-01 2.35492E-01 2.77114E-01
 2.70000E-01 8.06845E-02 1.34265E-01 2.41164E-01 2.84545E-01
 2.80000E-01 8.25420E-02 1.37259E-01 2.46759E-01 2.91825E-01
 2.90000E-01 8.43984E-02 1.40237E-01 2.52279E-01 2.98965E-01
 3.00000E-01 8.62535E-02 1.43201E-01 2.57723E-01 3.05961E-01
 3.10000E-01 8.81059E-02 1.46148E-01 2.63092E-01 3.12825E-01
 3.20000E-01 8.99553E-02 1.49080E-01 2.68388E-01 3.19553E-01
 3.30000E-01 9.18023E-02 1.51996E-01 2.73611E-01 3.26152E-01
 3.40000E-01 9.36456E-02 1.54895E-01 2.78760E-01 3.32626E-01
 3.50000E-01 9.54849E-02 1.57777E-01 2.83837E-01 3.38974E-01
 3.60000E-01 9.73209E-02 1.60642E-01 2.88843E-01 3.45207E-01
 3.70000E-01 9.91518E-02 1.63490E-01 2.93781E-01 3.51322E-01
 3.80000E-01 1.00979E-01 1.66321E-01 2.98651E-01 3.57322E-01
 3.90000E-01 1.02801E-01 1.69135E-01 3.03454E-01 3.63215E-01
 4.00000E-01 1.04618E-01 1.71931E-01 3.08190E-01 3.69000E-01
 4.10000E-01 1.06429E-01 1.74711E-01 3.12861E-01 3.74678E-01
 4.20000E-01 1.08236E-01 1.77473E-01 3.17469E-01 3.80259E-01
 4.30000E-01 1.10037E-01 1.80218E-01 3.22015E-01 3.85739E-01
 4.40000E-01 1.11832E-01 1.82945E-01 3.26500E-01 3.91121E-01
 4.50000E-01 1.13622E-01 1.85655E-01 3.30925E-01 3.96412E-01
 4.60000E-01 1.15405E-01 1.88348E-01 3.35290E-01 4.01611E-01
 4.70000E-01 1.17182E-01 1.91025E-01 3.39599E-01 4.06719E-01
 4.80000E-01 1.18954E-01 1.93683E-01 3.43851E-01 4.11742E-01
 4.90000E-01 1.20718E-01 1.96325E-01 3.48048E-01 4.16681E-01
 5.00000E-01 1.22476E-01 1.98950E-01 3.52190E-01 4.21536E-01
 5.10000E-01 1.24228E-01 2.01558E-01 3.56278E-01 4.26311E-01
 5.20000E-01 1.25973E-01 2.04149E-01 3.60315E-01 4.31009E-01
 5.30000E-01 1.27711E-01 2.06723E-01 3.64301E-01 4.35629E-01
 5.40000E-01 1.29443E-01 2.09282E-01 3.68237E-01 4.40173E-01
 5.50000E-01 1.31167E-01 2.11823E-01 3.72123E-01 4.44647E-01
 5.60000E-01 1.32885E-01 2.14348E-01 3.75960E-01 4.49049E-01
 5.70000E-01 1.34595E-01 2.16857E-01 3.79752E-01 4.53380E-01
 5.80000E-01 1.36298E-01 2.19349E-01 3.83497E-01 4.57646E-01
 5.90000E-01 1.37994E-01 2.21826E-01 3.87196E-01 4.61845E-01
 6.00000E-01 1.39683E-01 2.24286E-01 3.90850E-01 4.65978E-01
 6.10000E-01 1.41365E-01 2.26730E-01 3.94461E-01 4.70048E-01
 6.20000E-01 1.43039E-01 2.29159E-01 3.98028E-01 4.74058E-01
 6.30000E-01 1.44706E-01 2.31572E-01 4.01555E-01 4.78006E-01
 6.40000E-01 1.46365E-01 2.33970E-01 4.05040E-01 4.81895E-01
 6.50000E-01 1.48017E-01 2.36352E-01 4.08484E-01 4.85728E-01
 6.60000E-01 1.49662E-01 2.38718E-01 4.11887E-01 4.89504E-01
 6.70000E-01 1.51299E-01 2.41070E-01 4.15252E-01 4.93224E-01
 6.80000E-01 1.52929E-01 2.43406E-01 4.18579E-01 4.96891E-01
 6.90000E-01 1.54551E-01 2.45727E-01 4.21869E-01 5.00506E-01
 7.00000E-01 1.56165E-01 2.48033E-01 4.25122E-01 5.04068E-01
 7.10000E-01 1.57772E-01 2.50324E-01 4.28338E-01 5.07579E-01
 7.20000E-01 1.59371E-01 2.52601E-01 4.31518E-01 5.11043E-01
 7.30000E-01 1.60962E-01 2.54863E-01 4.34663E-01 5.14457E-01
 7.40000E-01 1.62547E-01 2.57110E-01 4.37774E-01 5.17824E-01
 7.50000E-01 1.64123E-01 2.59343E-01 4.40852E-01 5.21145E-01
 7.60000E-01 1.65691E-01 2.61562E-01 4.43896E-01 5.24421E-01
 7.70000E-01 1.67252E-01 2.63766E-01 4.46908E-01 5.27651E-01
 7.80000E-01 1.68805E-01 2.65956E-01 4.49887E-01 5.30838E-01
 7.90000E-01 1.70351E-01 2.68132E-01 4.52835E-01 5.33983E-01
 8.00000E-01 1.71889E-01 2.70295E-01 4.55752E-01 5.37086E-01
 8.10000E-01 1.73419E-01 2.72443E-01 4.58640E-01 5.40148E-01
 8.20000E-01 1.74942E-01 2.74577E-01 4.61497E-01 5.43170E-01
 8.30000E-01 1.76457E-01 2.76699E-01 4.64324E-01 5.46153E-01
 8.40000E-01 1.77964E-01 2.78806E-01 4.67123E-01 5.49096E-01
 8.50000E-01 1.79464E-01 2.80901E-01 4.69893E-01 5.52002E-01
 8.60000E-01 1.80956E-01 2.82981E-01 4.72634E-01 5.54872E-01
 8.70000E-01 1.82440E-01 2.85049E-01 4.75349E-01 5.57704E-01
 8.80000E-01 1.83917E-01 2.87103E-01 4.78037E-01 5.60501E-01
 8.90000E-01 1.85386E-01 2.89144E-01 4.80698E-01 5.63263E-01
 9.00000E-01 1.86847E-01 2.91173E-01 4.83332E-01 5.65991E-01
 9.10000E-01 1.88301E-01 2.93188E-01 4.85941E-01 5.68685E-01
 9.20000E-01 1.89747E-01 2.95191E-01 4.88524E-01 5.71346E-01
 9.30000E-01 1.91186E-01 2.97181E-01 4.91083E-01 5.73974E-01
 9.40000E-01 1.92617E-01 2.99159E-01 4.93616E-01 5.76571E-01
 9.50000E-01 1.94040E-01 3.01124E-01 4.96125E-01 5.79137E-01
 9.60000E-01 1.95456E-01 3.03076E-01 4.98611E-01 5.81671E-01
 9.70000E-01 1.96865E-01 3.05016E-01 5.01073E-01 5.84176E-01
 9.80000E-01 1.98266E-01 3.06944E-01 5.03512E-01 5.86651E-01
 9.90000E-01 1.99660E-01 3.08860E-01 5.05929E-01 5.89097E-01
 1.00000E+00 2.01046E-01 3.10764E-01 5.08322E-01 5.91514E-01
 1.01158E+00 2.02642E-01 3.12953E-01 5.11066E-01 5.94279E-01
 1.02329E+00 2.04246E-01 3.15152E-01 5.13813E-01 5.97038E-01
 1.03514E+00 2.05859E-01 3.17360E-01 5.16560E-01 5.99791E-01
 1.04713E+00 2.07479E-01 3.19576E-01 5.19310E-01 6.02538E-01
 1.05925E+00 2.09108E-01 3.21801E-01 5.22062E-01 6.05280E-01
 1.07152E+00 2.10745E-01 3.24035E-01 5.24815E-01 6.08015E-01
 1.08393E+00 2.12390E-01 3.26278E-01 5.27569E-01 6.10744E-01
 1.09648E+00 2.14042E-01 3.28528E-01 5.30325E-01 6.13467E-01
 1.10917E+00 2.15703E-01 3.30787E-01 5.33081E-01 6.16184E-01
 1.12202E+00 2.17370E-01 3.33054E-01 5.35839E-01 6.18893E-01
 1.13501E+00 2.19045E-01 3.35328E-01 5.38597E-01 6.21597E-01
 1.14815E+00 2.20728E-01 3.37611E-01 5.41355E-01 6.24293E-01
 1.16145E+00 2.22417E-01 3.39901E-01 5.44114E-01 6.26982E-01
 1.17490E+00 2.24114E-01 3.42197E-01 5.46874E-01 6.29664E-01
 1.18850E+00 2.25817E-01 3.44502E-01 5.49633E-01 6.32338E-01
 1.20226E+00 2.27527E-01 3.46813E-01 5.52392E-01 6.35005E-01
 1.21619E+00 2.29244E-01 3.49131E-01 5.55151E-01 6.37665E-01
 1.23027E+00 2.30967E-01 3.51456E-01 5.57910E-01 6.40317E-01
 1.24451E+00 2.32697E-01 3.53787E-01 5.60668E-01 6.42961E-01
 1.25893E+00 2.34433E-01 3.56125E-01 5.63426E-01 6.45597E-01
 1.27350E+00 2.36174E-01 3.58468E-01 5.66182E-01 6.48225E-01
 1.28825E+00 2.37922E-01 3.60818E-01 5.68937E-01 6.50845E-01
 1.30317E+00 2.39675E-01 3.63173E-01 5.71691E-01 6.53457E-01
 1.31826E+00 2.41434E-01 3.65533E-01 5.74444E-01 6.56060E-01
 1.33352E+00 2.43199E-01 3.67899E-01 5.77195E-01 6.58654E-01
 1.34896E+00 2.44968E-01 3.70270E-01 5.79944E-01 6.61240E-01
 1.36458E+00 2.46743E-01 3.72646E-01 5.82692E-01 6.63818E-01
 1.38038E+00 2.48523E-01 3.75027E-01 5.85437E-01 6.66386E-01
 1.39637E+00 2.50307E-01 3.77412E-01 5.88180E-01 6.68945E-01
 1.41254E+00 2.52096E-01 3.79802E-01 5.90920E-01 6.71496E-01
 1.42889E+00 2.53890E-01 3.82196E-01 5.93658E-01 6.74037E-01
 1.44544E+00 2.55688E-01 3.84593E-01 5.96393E-01 6.76569E-01
 1.46218E+00 2.57490E-01 3.86994E-01 5.99125E-01 6.79092E-01
 1.47911E+00 2.59295E-01 3.89399E-01 6.01854E-01 6.81605E-01
 1.49624E+00 2.61105E-01 3.91807E-01 6.04579E-01 6.84109E-01
 1.51356E+00 2.62918E-01 3.94218E-01 6.07301E-01 6.86603E-01
 1.53109E+00 2.64735E-01 3.96632E-01 6.10019E-01 6.89088E-01
 1.54882E+00 2.66555E-01 3.99049E-01 6.12733E-01 6.91563E-01
 1.56675E+00 2.68377E-01 4.01468E-01 6.15443E-01 6.94028E-01
 1.58489E+00 2.70203E-01 4.03889E-01 6.18149E-01 6.96482E-01
 1.60325E+00 2.72032E-01 4.06312E-01 6.20850E-01 6.98927E-01
 1.62181E+00 2.73862E-01 4.08737E-01 6.23547E-01 7.01362E-01
 1.64059E+00 2.75696E-01 4.11164E-01 6.26238E-01 7.03787E-01
 1.65959E+00 2.77531E-01 4.13592E-01 6.28925E-01 7.06201E-01
 1.67880E+00 2.79368E-01 4.16021E-01 6.31606E-01 7.08606E-01
 1.69824E+00 2.81207E-01 4.18451E-01 6.34282E-01 7.11000E-01
 1.71791E+00 2.83048E-01 4.20882E-01 6.36952E-01 7.13383E-01
 1.73780E+00 2.84890E-01 4.23314E-01 6.39617E-01 7.15756E-01
 1.75792E+00 2.86733E-01 4.25745E-01 6.42275E-01 7.18118E-01
 1.77828E+00 2.88577E-01 4.28177E-01 6.44928E-01 7.20470E-01
 1.79887E+00 2.90422E-01 4.30609E-01 6.47573E-01 7.22811E-01
 1.81970E+00 2.92267E-01 4.33040E-01 6.50213E-01 7.25141E-01
 1.84077E+00 2.94113E-01 4.35471E-01 6.52846E-01 7.27461E-01
 1.86209E+00 2.95959E-01 4.37901E-01 6.55471E-01 7.29770E-01
 1.88365E+00 2.97805E-01 4.40330E-01 6.58090E-01 7.32068E-01
 1.90546E+00 2.99651E-01 4.42758E-01 6.60701E-01 7.34355E-01
 1.92752E+00 3.01497E-01 4.45184E-01 6.63305E-01 7.36631E-01
 1.94984E+00 3.03342E-01 4.47609E-01 6.65902E-01 7.38897E-01
 1.97242E+00 3.05186E-01 4.50032E-01 6.68491E-01 7.41151E-01
 1.99526E+00 3.07029E-01 4.52453E-01 6.71071E-01 7.43394E-01
 2.01837E+00 3.08871E-01 4.54872E-01 6.73644E-01 7.45626E-01
 2.04174E+00 3.10711E-01 4.57288E-01 6.76208E-01 7.47847E-01
 2.06538E+00 3.12550E-01 4.59702E-01 6.78764E-01 7.50056E-01
 2.08930E+00 3.14388E-01 4.62113E-01 6.81312E-01 7.52255E-01
 2.11349E+00 3.16223E-01 4.64520E-01 6.83850E-01 7.54442E-01
 2.13796E+00 3.18056E-01 4.66925E-01 6.86380E-01 7.56618E-01
 2.16272E+00 3.19886E-01 4.69326E-01 6.88901E-01 7.58783E-01
 2.18776E+00 3.21714E-01 4.71723E-01 6.91413E-01 7.60936E-01
 2.21309E+00 3.23539E-01 4.74116E-01 6.93916E-01 7.63078E-01
 2.23872E+00 3.25362E-01 4.76505E-01 6.96409E-01 7.65209E-01
 2.26464E+00 3.27180E-01 4.78890E-01 6.98892E-01 7.67328E-01
 2.29087E+00 3.28996E-01 4.81270E-01 7.01366E-01 7.69436E-01
 2.31739E+00 3.30808E-01 4.83645E-01 7.03830E-01 7.71533E-01
 2.34423E+00 3.32616E-01 4.86015E-01 7.06285E-01 7.73618E-01
 2.37137E+00 3.34420E-01 4.88381E-01 7.08729E-01 7.75691E-01
 2.39883E+00 3.36219E-01 4.90740E-01 7.11163E-01 7.77753E-01
 2.42661E+00 3.38015E-01 4.93094E-01 7.13587E-01 7.79803E-01
 2.45471E+00 3.39805E-01 4.95442E-01 7.16001E-01 7.81842E-01
 2.48313E+00 3.41591E-01 4.97785E-01 7.18404E-01 7.83869E-01
 2.51189E+00 3.43372E-01 5.00121E-01 7.20797E-01 7.85885E-01
 2.54097E+00 3.45147E-01 5.02450E-01 7.23179E-01 7.87888E-01
 2.57040E+00 3.46917E-01 5.04773E-01 7.25551E-01 7.89881E-01
 2.60016E+00 3.48681E-01 5.07088E-01 7.27912E-01 7.91861E-01
 2.63027E+00 3.50440E-01 5.09397E-01 7.30262E-01 7.93829E-01
 2.66073E+00 3.52192E-01 5.11698E-01 7.32602E-01 7.95786E-01
 2.69153E+00 3.53938E-01 5.13992E-01 7.34930E-01 7.97731E-01
 2.72270E+00 3.55678E-01 5.16278E-01 7.37248E-01 7.99664E-01
 2.75423E+00 3.57411E-01 5.18556E-01 7.39554E-01 8.01585E-01
 2.78612E+00 3.59137E-01 5.20826E-01 7.41850E-01 8.03494E-01
 2.81838E+00 3.60856E-01 5.23087E-01 7.44134E-01 8.05392E-01
 2.85102E+00 3.62568E-01 5.25340E-01 7.46407E-01 8.07277E-01
 2.88403E+00 3.64273E-01 5.27584E-01 7.48669E-01 8.09150E-01
 2.91743E+00 3.65970E-01 5.29819E-01 7.50919E-01 8.11011E-01
 2.95121E+00 3.67659E-01 5.32044E-01 7.53159E-01 8.12859E-01
 2.98538E+00 3.69340E-01 5.34260E-01 7.55387E-01 8.14696E-01
 3.01995E+00 3.71013E-01 5.36467E-01 7.57604E-01 8.16520E-01
 3.05492E+00 3.72678E-01 5.38664E-01 7.59809E-01 8.18332E-01
 3.09030E+00 3.74335E-01 5.40850E-01 7.62003E-01 8.20132E-01
 3.12608E+00 3.75982E-01 5.43026E-01 7.64185E-01 8.21919E-01
 3.16228E+00 3.77621E-01 5.45192E-01 7.66356E-01 8.23694E-01
 3.19890E+00 3.79251E-01 5.47347E-01 7.68516E-01 8.25456E-01
 3.23594E+00 3.80872E-01 5.49491E-01 7.70664E-01 8.27206E-01
 3.27341E+00 3.82483E-01 5.51624E-01 7.72801E-01 8.28943E-01
 3.31131E+00 3.84085E-01 5.53746E-01 7.74926E-01 8.30668E-01
 3.34965E+00 3.85677E-01 5.55856E-01 7.77039E-01 8.32380E-01
 3.38844E+00 3.87260E-01 5.57955E-01 7.79141E-01 8.34079E-01
 3.42768E+00 3.88832E-01 5.60042E-01 7.81231E-01 8.35766E-01
 3.46737E+00 3.90395E-01 5.62117E-01 7.83310E-01 8.37440E-01
 3.50752E+00 3.91947E-01 5.64179E-01 7.85377E-01 8.39101E-01
 3.54813E+00 3.93489E-01 5.66229E-01 7.87433E-01 8.40750E-01
 3.58922E+00 3.95021E-01 5.68267E-01 7.89477E-01 8.42385E-01
 3.63078E+00 3.96542E-01 5.70291E-01 7.91509E-01 8.44008E-01
 3.67282E+00 3.98052E-01 5.72303E-01 7.93530E-01 8.45618E-01
 3.71535E+00 3.99551E-01 5.74302E-01 7.95538E-01 8.47215E-01
 3.75837E+00 4.01040E-01 5.76287E-01 7.97536E-01 8.48800E-01
 3.80189E+00 4.02517E-01 5.78259E-01 7.99521E-01 8.50371E-01
 3.84592E+00 4.03983E-01 5.80218E-01 8.01495E-01 8.51930E-01
 3.89045E+00 4.05438E-01 5.82162E-01 8.03456E-01 8.53476E-01
 3.93550E+00 4.06882E-01 5.84093E-01 8.05406E-01 8.55009E-01
 3.98107E+00 4.08314E-01 5.86010E-01 8.07344E-01 8.56529E-01
 4.02717E+00 4.09734E-01 5.87913E-01 8.09271E-01 8.58036E-01
 4.07380E+00 4.11287E-01 5.89801E-01 8.11185E-01 8.59530E-01
 4.12098E+00 4.13165E-01 5.91675E-01 8.13088E-01 8.61012E-01
 4.16869E+00 4.15016E-01 5.93534E-01 8.14978E-01 8.62481E-01
 4.21697E+00 4.16839E-01 5.95379E-01 8.16856E-01 8.63937E-01
 4.26580E+00 4.18636E-01 5.97209E-01 8.18723E-01 8.65381E-01
 4.31519E+00 4.20405E-01 5.99024E-01 8.20577E-01 8.66812E-01
 4.36516E+00 4.22148E-01 6.01066E-01 8.22419E-01 8.68230E-01
 4.41570E+00 4.23863E-01 6.03509E-01 8.24249E-01 8.69636E-01
 4.46684E+00 4.25553E-01 6.05914E-01 8.26067E-01 8.71029E-01
 4.51856E+00 4.27216E-01 6.08282E-01 8.27872E-01 8.72410E-01
 4.57088E+00 4.28852E-01 6.10612E-01 8.29665E-01 8.73778E-01
 4.62381E+00 4.30463E-01 6.12905E-01 8.31446E-01 8.75134E-01
 4.67735E+00 4.32048E-01 6.15162E-01 8.33214E-01 8.76478E-01
 4.73151E+00 4.33607E-01 6.17382E-01 8.34970E-01 8.77809E-01
 4.78630E+00 4.35141E-01 6.19566E-01 8.36713E-01 8.79128E-01
 4.84172E+00 4.36650E-01 6.21714E-01 8.38444E-01 8.80436E-01
 4.89779E+00 4.38133E-01 6.23826E-01 8.40162E-01 8.81731E-01
 4.95450E+00 4.39592E-01 6.25904E-01 8.41867E-01 8.83014E-01
 5.01187E+00 4.41027E-01 6.27946E-01 8.43560E-01 8.84286E-01
 5.06991E+00 4.42437E-01 6.29954E-01 8.45240E-01 8.85545E-01
 5.12861E+00 4.43823E-01 6.31928E-01 8.46907E-01 8.86793E-01
 5.18800E+00 4.45186E-01 6.33868E-01 8.48561E-01 8.88030E-01
 5.24807E+00 4.46525E-01 6.35775E-01 8.50202E-01 8.89255E-01
 5.30884E+00 4.47841E-01 6.37648E-01 8.51830E-01 8.90469E-01
 5.37032E+00 4.49133E-01 6.39489E-01 8.53445E-01 8.91671E-01
 5.43250E+00 4.50403E-01 6.41297E-01 8.55047E-01 8.92862E-01
 5.49541E+00 4.51651E-01 6.43073E-01 8.56636E-01 8.94042E-01
 5.55904E+00 4.52876E-01 6.44818E-01 8.58253E-01 8.95211E-01
 5.62341E+00 4.54080E-01 6.46532E-01 8.60534E-01 8.96369E-01
 5.68853E+00 4.55262E-01 6.48214E-01 8.62773E-01 8.97517E-01
 5.75440E+00 4.56422E-01 6.49867E-01 8.64973E-01 8.98654E-01
 5.82103E+00 4.57562E-01 6.51489E-01 8.67132E-01 8.99780E-01
 5.88844E+00 4.58680E-01 6.53082E-01 8.69252E-01 9.00895E-01
 5.95662E+00 4.59778E-01 6.54645E-01 8.71333E-01 9.02001E-01
 6.02560E+00 4.60856E-01 6.56180E-01 8.73375E-01 9.03096E-01
 6.09537E+00 4.61914E-01 6.57686E-01 8.75380E-01 9.04181E-01
 6.16595E+00 4.62952E-01 6.59164E-01 8.77347E-01 9.05256E-01
 6.23735E+00 4.63970E-01 6.60614E-01 8.79277E-01 9.06321E-01
 6.30957E+00 4.64970E-01 6.62037E-01 8.81171E-01 9.07871E-01
 6.38263E+00 4.65950E-01 6.63433E-01 8.83029E-01 9.09786E-01
 6.45654E+00 4.66912E-01 6.64803E-01 8.84852E-01 9.11664E-01
 6.53131E+00 4.67856E-01 6.66146E-01 8.86641E-01 9.13507E-01
 6.60693E+00 4.68781E-01 6.67464E-01 8.88395E-01 9.15314E-01
 6.68344E+00 4.69689E-01 6.68757E-01 8.90115E-01 9.17087E-01
 6.76083E+00 4.70580E-01 6.70024E-01 8.91802E-01 9.18825E-01
 6.83912E+00 4.71453E-01 6.71267E-01 8.93457E-01 9.20530E-01
 6.91831E+00 4.72309E-01 6.72486E-01 8.95079E-01 9.22201E-01
 6.99842E+00 4.73148E-01 6.73682E-01 8.96670E-01 9.23840E-01
 7.07946E+00 4.73971E-01 6.74853E-01 8.98230E-01 9.25447E-01
 7.16143E+00 4.74778E-01 6.76002E-01 8.99759E-01 9.27023E-01
 7.24436E+00 4.75569E-01 6.77128E-01 9.01258E-01 9.28567E-01
 7.32825E+00 4.76344E-01 6.78232E-01 9.02727E-01 9.30081E-01
 7.41310E+00 4.77104E-01 6.79314E-01 9.04168E-01 9.31565E-01
 7.49894E+00 4.77849E-01 6.80375E-01 9.05579E-01 9.33019E-01
 7.58578E+00 4.78579E-01 6.81414E-01 9.06962E-01 9.34444E-01
 7.67361E+00 4.79294E-01 6.82433E-01 9.08318E-01 9.35841E-01
 7.76247E+00 4.79995E-01 6.83431E-01 9.09647E-01 9.37210E-01
 7.85236E+00 4.80682E-01 6.84409E-01 9.10948E-01 9.38551E-01
 7.94328E+00 4.81355E-01 6.85367E-01 9.12224E-01 9.39865E-01
 8.03526E+00 4.82015E-01 6.86306E-01 9.13473E-01 9.41153E-01
 8.12831E+00 4.82661E-01 6.87226E-01 9.14698E-01 9.42414E-01
 8.22243E+00 4.83294E-01 6.88127E-01 9.15897E-01 9.43650E-01
 8.31764E+00 4.83914E-01 6.89010E-01 9.17072E-01 9.44860E-01
 8.41395E+00 4.84521E-01 6.89874E-01 9.18223E-01 9.46046E-01
 8.51138E+00 4.85116E-01 6.90721E-01 9.19350E-01 9.47207E-01
 8.60994E+00 4.85698E-01 6.91551E-01 9.20454E-01 9.48345E-01
 8.70964E+00 4.86269E-01 6.92363E-01 9.21536E-01 9.49459E-01
 8.81049E+00 4.86828E-01 6.93159E-01 9.22595E-01 9.50550E-01
 8.91251E+00 4.87375E-01 6.93938E-01 9.23632E-01 9.51619E-01
 9.01571E+00 4.87911E-01 6.94701E-01 9.24647E-01 9.52665E-01
 9.12011E+00 4.88436E-01 6.95448E-01 9.25642E-01 9.53690E-01
 9.22571E+00 4.88949E-01 6.96180E-01 9.26616E-01 9.54693E-01
 9.33254E+00 4.89453E-01 6.96896E-01 9.27569E-01 9.55675E-01
 9.44061E+00 4.89945E-01 6.97598E-01 9.28503E-01 9.56637E-01
 9.54993E+00 4.90427E-01 6.98284E-01 9.29417E-01 9.57579E-01
 9.66051E+00 4.90900E-01 6.98957E-01 9.30311E-01 9.58501E-01
 9.77237E+00 4.91362E-01 6.99615E-01 9.31187E-01 9.59403E-01
 9.88553E+00 4.91814E-01 7.00259E-01 9.32045E-01 9.60287E-01
 1.00000E+01 4.92257E-01 7.00890E-01 9.32884E-01 9.61152E-01
 1.01158E+01 4.92691E-01 7.01507E-01 9.33706E-01 9.61998E-01
 1.02329E+01 4.93115E-01 7.02111E-01 9.34510E-01 9.62827E-01
 1.03514E+01 4.93531E-01 7.02703E-01 9.35297E-01 9.63638E-01
 1.04713E+01 4.93937E-01 7.03282E-01 9.36068E-01 9.64432E-01
 1.05925E+01 4.94335E-01 7.03848E-01 9.36822E-01 9.65209E-01
 1.07152E+01 4.94725E-01 7.04403E-01 9.37560E-01 9.65969E-01
 1.08393E+01 4.95106E-01 7.04945E-01 9.38282E-01 9.66713E-01
 1.09648E+01 4.95479E-01 7.05476E-01 9.38989E-01 9.67441E-01
 1.10917E+01 4.95844E-01 7.05996E-01 9.39681E-01 9.68154E-01
 1.12202E+01 4.96201E-01 7.06505E-01 9.40358E-01 9.68851E-01
 1.13501E+01 4.96550E-01 7.07002E-01 9.41020E-01 9.69534E-01
 1.14815E+01 4.96892E-01 7.07489E-01 9.41668E-01 9.70202E-01
 1.16145E+01 4.97227E-01 7.07966E-01 9.42302E-01 9.70855E-01
 1.17490E+01 4.97554E-01 7.08432E-01 9.42923E-01 9.71494E-01
 1.18850E+01 4.97875E-01 7.08888E-01 9.43530E-01 9.72120E-01
 1.20226E+01 4.98188E-01 7.09334E-01 9.44124E-01 9.72732E-01
 1.21619E+01 4.98495E-01 7.09771E-01 9.44705E-01 9.73331E-01
 1.23027E+01 4.98795E-01 7.10198E-01 9.45274E-01 9.73916E-01
 1.24451E+01 4.99088E-01 7.10616E-01 9.45830E-01 9.74489E-01
 1.25893E+01 4.99375E-01 7.11025E-01 9.46374E-01 9.75050E-01
 1.27350E+01 4.99656E-01 7.11425E-01 9.46906E-01 9.75599E-01
 1.28825E+01 4.99931E-01 7.11816E-01 9.47427E-01 9.76135E-01
 1.30317E+01 5.00200E-01 7.12199E-01 9.47936E-01 9.76660E-01
 1.31826E+01 5.00463E-01 7.12573E-01 9.48435E-01 9.77173E-01
 1.33352E+01 5.00720E-01 7.12939E-01 9.48922E-01 9.77676E-01
 1.34896E+01 5.00972E-01 7.13298E-01 9.49399E-01 9.78167E-01
 1.36458E+01 5.01218E-01 7.13648E-01 9.49865E-01 9.78647E-01
 1.38038E+01 5.01459E-01 7.13991E-01 9.50322E-01 9.79117E-01
 1.39637E+01 5.01694E-01 7.14326E-01 9.50768E-01 9.79577E-01
 1.41254E+01 5.01924E-01 7.14654E-01 9.51204E-01 9.80027E-01
 1.42889E+01 5.02149E-01 7.14975E-01 9.51631E-01 9.80466E-01
 1.44544E+01 5.02370E-01 7.15288E-01 9.52049E-01 9.80897E-01
 1.46218E+01 5.02585E-01 7.15595E-01 9.52457E-01 9.81317E-01
 1.47911E+01 5.02796E-01 7.15895E-01 9.52856E-01 9.81729E-01
 1.49624E+01 5.03002E-01 7.16188E-01 9.53247E-01 9.82131E-01
 1.51356E+01 5.03204E-01 7.16475E-01 9.53629E-01 9.82525E-01
 1.53109E+01 5.03401E-01 7.16756E-01 9.54002E-01 9.82909E-01
 1.54882E+01 5.03593E-01 7.17030E-01 9.54367E-01 9.83286E-01
 1.56675E+01 5.03782E-01 7.17299E-01 9.54725E-01 9.83654E-01
 1.58489E+01 5.03966E-01 7.17561E-01 9.55074E-01 9.84014E-01
 1.60325E+01 5.04146E-01 7.17818E-01 9.55416E-01 9.84366E-01
 1.62181E+01 5.04323E-01 7.18069E-01 9.55750E-01 9.84710E-01
 1.64059E+01 5.04495E-01 7.18314E-01 9.56076E-01 9.85046E-01
 1.65959E+01 5.04664E-01 7.18554E-01 9.56396E-01 9.85375E-01
 1.67880E+01 5.04828E-01 7.18789E-01 9.56708E-01 9.85697E-01
 1.69824E+01 5.04990E-01 7.19018E-01 9.57013E-01 9.86012E-01
 1.71791E+01 5.05147E-01 7.19243E-01 9.57312E-01 9.86320E-01
 1.73780E+01 5.05301E-01 7.19462E-01 9.57604E-01 9.86620E-01
 1.75792E+01 5.05452E-01 7.19677E-01 9.57890E-01 9.86915E-01
 1.77828E+01 5.05599E-01 7.19886E-01 9.58169E-01 9.87202E-01
 1.79887E+01 5.05743E-01 7.20091E-01 9.58442E-01 9.87484E-01
 1.81970E+01 5.05884E-01 7.20292E-01 9.58709E-01 9.87758E-01
 1.84077E+01 5.06022E-01 7.20488E-01 9.58970E-01 9.88027E-01
 1.86209E+01 5.06156E-01 7.20680E-01 9.59225E-01 9.88290E-01
 1.88365E+01 5.06288E-01 7.20867E-01 9.59474E-01 9.88547E-01
 1.90546E+01 5.06417E-01 7.21050E-01 9.59718E-01 9.88799E-01
 1.92752E+01 5.06543E-01 7.21230E-01 9.59957E-01 9.89044E-01
 1.94984E+01 5.06666E-01 7.21405E-01 9.60190E-01 9.89284E-01
 1.97242E+01 5.06786E-01 7.21576E-01 9.60418E-01 9.89519E-01
 1.99526E+01 5.06903E-01 7.21743E-01 9.60640E-01 9.89749E-01
 2.01837E+01 5.07018E-01 7.21907E-01 9.60858E-01 9.89973E-01
 2.04174E+01 5.07131E-01 7.22067E-01 9.61071E-01 9.90193E-01
 2.06538E+01 5.07241E-01 7.22224E-01 9.61280E-01 9.90407E-01
 2.08930E+01 5.07348E-01 7.22376E-01 9.61483E-01 9.90617E-01
 2.11349E+01 5.07453E-01 7.22526E-01 9.61682E-01 9.90822E-01
 2.13796E+01 5.07556E-01 7.22672E-01 9.61877E-01 9.91022E-01
 2.16272E+01 5.07656E-01 7.22815E-01 9.62067E-01 9.91218E-01
 2.18776E+01 5.07754E-01 7.22955E-01 9.62253E-01 9.91410E-01
 2.21309E+01 5.07850E-01 7.23091E-01 9.62435E-01 9.91597E-01
 2.23872E+01 5.07944E-01 7.23225E-01 9.62612E-01 9.91780E-01
 2.26464E+01 5.08036E-01 7.23355E-01 9.62786E-01 9.91959E-01
 2.29087E+01 5.08125E-01 7.23483E-01 9.62956E-01 9.92134E-01
 2.31739E+01 5.08213E-01 7.23608E-01 9.63122E-01 9.92305E-01
 2.34423E+01 5.08298E-01 7.23730E-01 9.63284E-01 9.92473E-01
 2.37137E+01 5.08382E-01 7.23849E-01 9.63443E-01 9.92636E-01
 2.39883E+01 5.08464E-01 7.23965E-01 9.63598E-01 9.92796E-01
 2.42661E+01 5.08544E-01 7.24079E-01 9.63749E-01 9.92952E-01
 2.45471E+01 5.08622E-01 7.24190E-01 9.63897E-01 9.93105E-01
 2.48313E+01 5.08699E-01 7.24299E-01 9.64042E-01 9.93254E-01
 2.51189E+01 5.08773E-01 7.24406E-01 9.64184E-01 9.93400E-01
 2.54097E+01 5.08846E-01 7.24510E-01 9.64322E-01 9.93542E-01
 2.57040E+01 5.08918E-01 7.24611E-01 9.64458E-01 9.93682E-01
 2.60016E+01 5.08987E-01 7.24711E-01 9.64590E-01 9.93818E-01
 2.63027E+01 5.09056E-01 7.24808E-01 9.64719E-01 9.93951E-01
 2.66073E+01 5.09122E-01 7.24903E-01 9.64845E-01 9.94081E-01
 2.69153E+01 5.09187E-01 7.24995E-01 9.64969E-01 9.94208E-01
 2.72270E+01 5.09251E-01 7.25086E-01 9.65090E-01 9.94333E-01
 2.75423E+01 5.09313E-01 7.25175E-01 9.65208E-01 9.94454E-01
 2.78612E+01 5.09374E-01 7.25261E-01 9.65323E-01 9.94573E-01
 2.81838E+01 5.09434E-01 7.25346E-01 9.65436E-01 9.94689E-01
 2.85102E+01 5.09492E-01 7.25429E-01 9.65546E-01 9.94803E-01
 2.88403E+01 5.09549E-01 7.25510E-01 9.65654E-01 9.94914E-01
 2.91743E+01 5.09604E-01 7.25589E-01 9.65759E-01 9.95022E-01
 2.95121E+01 5.09659E-01 7.25666E-01 9.65862E-01 9.95128E-01
 2.98538E+01 5.09712E-01 7.25742E-01 9.65962E-01 9.95232E-01
 3.01995E+01 5.09764E-01 7.25816E-01 9.66061E-01 9.95333E-01
 3.05492E+01 5.09814E-01 7.25888E-01 9.66157E-01 9.95432E-01
 3.09030E+01 5.09864E-01 7.25958E-01 9.66251E-01 9.95529E-01
 3.12608E+01 5.09912E-01 7.26027E-01 9.66343E-01 9.95624E-01
 3.16228E+01 5.09960E-01 7.26095E-01 9.66432E-01 9.95716E-01
 3.19890E+01 5.10006E-01 7.26161E-01 9.66520E-01 9.95806E-01
 3.23594E+01 5.10051E-01 7.26225E-01 9.66606E-01 9.95895E-01
 3.27341E+01 5.10095E-01 7.26288E-01 9.66689E-01 9.95981E-01
 3.31131E+01 5.10139E-01 7.26350E-01 9.66771E-01 9.96065E-01
 3.34965E+01 5.10181E-01 7.26410E-01 9.66851E-01 9.96148E-01
 3.38844E+01 5.10222E-01 7.26469E-01 9.66930E-01 9.96229E-01
 3.42768E+01 5.10262E-01 7.26526E-01 9.67006E-01 9.96307E-01
 3.46737E+01 5.10302E-01 7.26582E-01 9.67081E-01 9.96384E-01
 3.50752E+01 5.10340E-01 7.26637E-01 9.67154E-01 9.96460E-01
 3.54813E+01 5.10378E-01 7.26691E-01 9.67225E-01 9.96533E-01
 3.58922E+01 5.10415E-01 7.26743E-01 9.67295E-01 9.96605E-01
 3.63078E+01 5.10451E-01 7.26794E-01 9.67363E-01 9.96675E-01
 3.67282E+01 5.10486E-01 7.26844E-01 9.67430E-01 9.96744E-01
 3.71535E+01 5.10520E-01 7.26893E-01 9.67495E-01 9.96811E-01
 3.75837E+01 5.10554E-01 7.26941E-01 9.67559E-01 9.96877E-01
 3.80189E+01 5.10587E-01 7.26988E-01 9.67621E-01 9.96941E-01
 3.84592E+01 5.10619E-01 7.27034E-01 9.67682E-01 9.97003E-01
 3.89045E+01 5.10650E-01 7.27078E-01 9.67741E-01 9.97065E-01
 3.93550E+01 5.10681E-01 7.27122E-01 9.67799E-01 9.97124E-01
 3.98107E+01 5.10711E-01 7.27164E-01 9.67856E-01 9.97183E-01
 4.02717E+01 5.10740E-01 7.27206E-01 9.67911E-01 9.97240E-01
 4.07380E+01 5.10769E-01 7.27247E-01 9.67966E-01 9.97296E-01
 4.12098E+01 5.10797E-01 7.27287E-01 9.68019E-01 9.97351E-01
 4.16869E+01 5.10824E-01 7.27326E-01 9.68070E-01 9.97404E-01
 4.21697E+01 5.10851E-01 7.27364E-01 9.68121E-01 9.97456E-01
 4.26580E+01 5.10877E-01 7.27401E-01 9.68170E-01 9.97507E-01
 4.31519E+01 5.10902E-01 7.27437E-01 9.68219E-01 9.97557E-01
 4.36516E+01 5.10927E-01 7.27473E-01 9.68266E-01 9.97606E-01
 4.41570E+01 5.10952E-01 7.27507E-01 9.68312E-01 9.97653E-01
 4.46684E+01 5.10975E-01 7.27541E-01 9.68357E-01 9.97700E-01
 4.51856E+01 5.10999E-01 7.27574E-01 9.68402E-01 9.97745E-01
 4.57088E+01 5.11022E-01 7.27607E-01 9.68445E-01 9.97789E-01
 4.62381E+01 5.11044E-01 7.27638E-01 9.68487E-01 9.97833E-01
 4.67735E+01 5.11065E-01 7.27669E-01 9.68528E-01 9.97875E-01
 4.73151E+01 5.11087E-01 7.27700E-01 9.68568E-01 9.97917E-01
 4.78630E+01 5.11107E-01 7.27729E-01 9.68608E-01 9.97957E-01
 4.84172E+01 5.11128E-01 7.27758E-01 9.68646E-01 9.97997E-01
 4.89779E+01 5.11148E-01 7.27786E-01 9.68684E-01 9.98036E-01
 4.95450E+01 5.11167E-01 7.27814E-01 9.68720E-01 9.98073E-01
 5.01187E+01 5.11186E-01 7.27841E-01 9.68756E-01 9.98110E-01
 5.06991E+01 5.11204E-01 7.27867E-01 9.68791E-01 9.98147E-01
 5.12861E+01 5.11222E-01 7.27893E-01 9.68826E-01 9.98182E-01
 5.18800E+01 5.11240E-01 7.27918E-01 9.68859E-01 9.98216E-01
 5.24807E+01 5.11257E-01 7.27943E-01 9.68892E-01 9.98250E-01
 5.30884E+01 5.11274E-01 7.27967E-01 9.68924E-01 9.98283E-01
 5.37032E+01 5.11291E-01 7.27990E-01 9.68955E-01 9.98315E-01
 5.43250E+01 5.11307E-01 7.28013E-01 9.68986E-01 9.98347E-01
 5.49541E+01 5.11323E-01 7.28036E-01 9.69015E-01 9.98378E-01
 5.55904E+01 5.11338E-01 7.28058E-01 9.69045E-01 9.98408E-01
 5.62341E+01 5.11353E-01 7.28079E-01 9.69073E-01 9.98437E-01
 5.68853E+01 5.11368E-01 7.28100E-01 9.69101E-01 9.98466E-01
 5.75440E+01 5.11382E-01 7.28120E-01 9.69128E-01 9.98494E-01
 5.82103E+01 5.11396E-01 7.28140E-01 9.69155E-01 9.98521E-01
 5.88844E+01 5.11410E-01 7.28160E-01 9.69181E-01 9.98548E-01
 5.95662E+01 5.11423E-01 7.28179E-01 9.69206E-01 9.98574E-01
 6.02560E+01 5.11437E-01 7.28198E-01 9.69231E-01 9.98600E-01
 6.09537E+01 5.11449E-01 7.28216E-01 9.69255E-01 9.98625E-01
 6.16595E+01 5.11462E-01 7.28234E-01 9.69279E-01 9.98649E-01
 6.23735E+01 5.11474E-01 7.28251E-01 9.69302E-01 9.98673E-01
 6.30957E+01 5.11486E-01 7.28268E-01 9.69325E-01 9.98697E-01
 6.38263E+01 5.11498E-01 7.28285E-01 9.69347E-01 9.98719E-01
 6.45654E+01 5.11509E-01 7.28301E-01 9.69369E-01 9.98742E-01
 6.53131E+01 5.11520E-01 7.28317E-01 9.69390E-01 9.98763E-01
 6.60693E+01 5.11531E-01 7.28333E-01 9.69411E-01 9.98785E-01
 6.68344E+01 5.11542E-01 7.28348E-01 9.69431E-01 9.98806E-01
 6.76083E+01 5.11552E-01 7.28363E-01 9.69451E-01 9.98826E-01
 6.83912E+01 5.11562E-01 7.28377E-01 9.69470E-01 9.98846E-01
 6.91831E+01 5.11572E-01 7.28391E-01 9.69489E-01 9.98865E-01
 6.99842E+01 5.11582E-01 7.28405E-01 9.69507E-01 9.98884E-01
 7.07946E+01 5.11592E-01 7.28419E-01 9.69525E-01 9.98903E-01
 7.16143E+01 5.11601E-01 7.28432E-01 9.69543E-01 9.98921E-01
 7.24436E+01 5.11610E-01 7.28445E-01 9.69560E-01 9.98939E-01
 7.32825E+01 5.11619E-01 7.28457E-01 9.69577E-01 9.98956E-01
 7.41310E+01 5.11628E-01 7.28470E-01 9.69593E-01 9.98973E-01
 7.49894E+01 5.11636E-01 7.28482E-01 9.69609E-01 9.98989E-01
 7.58578E+01 5.11644E-01 7.28494E-01 9.69625E-01 9.99006E-01
 7.67361E+01 5.11652E-01 7.28505E-01 9.69640E-01 9.99021E-01
 7.76247E+01 5.11660E-01 7.28516E-01 9.69655E-01 9.99037E-01
 7.85236E+01 5.11668E-01 7.28527E-01 9.69670E-01 9.99052E-01
 7.94328E+01 5.11676E-01 7.28538E-01 9.69684E-01 9.99067E-01
 8.03526E+01 5.11683E-01 7.28549E-01 9.69698E-01 9.99081E-01
 8.12831E+01 5.11690E-01 7.28559E-01 9.69712E-01 9.99095E-01
 8.22243E+01 5.11697E-01 7.28569E-01 9.69725E-01 9.99109E-01
 8.31764E+01 5.11704E-01 7.28579E-01 9.69738E-01 9.99122E-01
 8.41395E+01 5.11711E-01 7.28588E-01 9.69751E-01 9.99135E-01
 8.51138E+01 5.11717E-01 7.28598E-01 9.69764E-01 9.99148E-01
 8.60994E+01 5.11724E-01 7.28607E-01 9.69776E-01 9.99161E-01
 8.70964E+01 5.11730E-01 7.28616E-01 9.69788E-01 9.99173E-01
 8.81049E+01 5.11736E-01 7.28625E-01 9.69799E-01 9.99185E-01
 8.91251E+01 5.11742E-01 7.28633E-01 9.69811E-01 9.99197E-01
 9.01571E+01 5.11748E-01 7.28641E-01 9.69822E-01 9.99208E-01
 9.12011E+01 5.11754E-01 7.28650E-01 9.69833E-01 9.99219E-01
 9.22571E+01 5.11759E-01 7.28658E-01 9.69843E-01 9.99230E-01
 9.33254E+01 5.11765E-01 7.28665E-01 9.69854E-01 9.99241E-01
 9.44061E+01 5.11770E-01 7.28673E-01 9.69864E-01 9.99252E-01
 9.54993E+01 5.11776E-01 7.28680E-01 9.69874E-01 9.99262E-01
 9.66051E+01 5.11781E-01 7.28688E-01 9.69883E-01 9.99272E-01
 9.77237E+01 5.11786E-01 7.28695E-01 9.69893E-01 9.99281E-01
 9.88553E+01 5.11791E-01 7.28702E-01 9.69902E-01 9.99291E-01
 1.00000E+02 5.11795E-01 7.28709E-01 9.69911E-01 9.99300E-01
