 1.00000E-02 7.06845E-02 9.74529E-02 1.30432E-01 1.34849E-01
 2.00000E-02 7.37558E-02 1.01966E-01 1.37230E-01 1.42029E-01
 3.00000E-02 7.69610E-02 1.06682E-01 1.44324E-01 1.49542E-01
 4.00000E-02 8.02937E-02 1.11538E-01 1.51697E-01 1.57375E-01
 5.00000E-02 8.37248E-02 1.16525E-01 1.59313E-01 1.65490E-01
 6.00000E-02 8.72513E-02 1.21621E-01 1.67136E-01 1.73862E-01
 7.00000E-02 9.08584E-02 1.26814E-01 1.75142E-01 1.82479E-01
 8.00000E-02 9.45336E-02 1.32078E-01 1.83297E-01 1.91302E-01
 9.00000E-02 9.82664E-02 1.37399E-01 1.91570E-01 2.00316E-01
 1.00000E-01 1.02048E-01 1.42763E-01 1.99926E-01 2.09487E-01
 1.10000E-01 1.05868E-01 1.48152E-01 2.08338E-01 2.18797E-01
 1.20000E-01 1.09720E-01 1.53556E-01 2.16771E-01 2.28217E-01
 1.30000E-01 1.13594E-01 1.58963E-01 2.25197E-01 2.37722E-01
 1.40000E-01 1.17486E-01 1.64366E-01 2.33588E-01 2.47290E-01
 1.50000E-01 1.21390E-01 1.69754E-01 2.41922E-01 2.56894E-01
 1.60000E-01 1.25299E-01 1.75121E-01 2.50177E-01 2.66512E-01
 1.70000E-01 1.29209E-01 1.80461E-01 2.58333E-01 2.76118E-01
 1.80000E-01 1.33117E-01 1.85769E-01 2.66379E-01 2.85685E-01
 1.90000E-01 1.37018E-01 1.91039E-01 2.74300E-01 2.95185E-01
 2.00000E-01 1.40909E-01 1.96270E-01 2.82091E-01 3.04584E-01
 2.10000E-01 1.44787E-01 2.01458E-01 2.89743E-01 3.13846E-01
 2.20000E-01 1.48650E-01 2.06599E-01 2.97252E-01 3.22934E-01
 2.30000E-01 1.52495E-01 2.11693E-01 3.04618E-01 3.31818E-01
 2.40000E-01 1.56321E-01 2.16738E-01 3.11836E-01 3.40478E-01
 2.50000E-01 1.60125E-01 2.21731E-01 3.18909E-01 3.48907E-01
 2.60000E-01 1.63906E-01 2.26673E-01 3.25836E-01 3.57104E-01
 2.70000E-01 1.67663E-01 2.31562E-01 3.32620E-01 3.65069E-01
 2.80000E-01 1.71394E-01 2.36398E-01 3.39263E-01 3.72809E-01
 2.90000E-01 1.75099E-01 2.41181E-01 3.45766E-01 3.80329E-01
 3.00000E-01 1.78775E-01 2.45909E-01 3.52132E-01 3.87636E-01
 3.10000E-01 1.82423E-01 2.50583E-01 3.58364E-01 3.94736E-01
 3.20000E-01 1.86041E-01 2.55203E-01 3.64466E-01 4.01637E-01
 3.30000E-01 1.89630E-01 2.59769E-01 3.70440E-01 4.08345E-01
 3.40000E-01 1.93187E-01 2.64281E-01 3.76290E-01 4.14868E-01
 3.50000E-01 1.96714E-01 2.68739E-01 3.82018E-01 4.21211E-01
 3.60000E-01 2.00209E-01 2.73144E-01 3.87628E-01 4.27381E-01
 3.70000E-01 2.03672E-01 2.77495E-01 3.93123E-01 4.33385E-01
 3.80000E-01 2.07103E-01 2.81794E-01 3.98505E-01 4.39227E-01
 3.90000E-01 2.10501E-01 2.86041E-01 4.03779E-01 4.44914E-01
 4.00000E-01 2.13867E-01 2.90235E-01 4.08947E-01 4.50451E-01
 4.10000E-01 2.17200E-01 2.94378E-01 4.14011E-01 4.55844E-01
 4.20000E-01 2.20499E-01 2.98470E-01 4.18974E-01 4.61097E-01
 4.30000E-01 2.23766E-01 3.02511E-01 4.23841E-01 4.66215E-01
 4.40000E-01 2.27000E-01 3.06502E-01 4.28612E-01 4.71202E-01
 4.50000E-01 2.30201E-01 3.10444E-01 4.33291E-01 4.76064E-01
 4.60000E-01 2.33368E-01 3.14337E-01 4.37880E-01 4.80804E-01
 4.70000E-01 2.36503E-01 3.18182E-01 4.42381E-01 4.85426E-01
 4.80000E-01 2.39605E-01 3.21978E-01 4.46797E-01 4.89934E-01
 4.90000E-01 2.42674E-01 3.25728E-01 4.51131E-01 4.94332E-01
 5.00000E-01 2.45711E-01 3.29430E-01 4.55383E-01 4.98624E-01
 5.10000E-01 2.48714E-01 3.33087E-01 4.59558E-01 5.02812E-01
 5.20000E-01 2.51686E-01 3.36697E-01 4.63656E-01 5.06900E-01
 5.30000E-01 2.54625E-01 3.40263E-01 4.67679E-01 5.10892E-01
 5.40000E-01 2.57533E-01 3.43785E-01 4.71630E-01 5.14790E-01
 5.50000E-01 2.60408E-01 3.47262E-01 4.75511E-01 5.18597E-01
 5.60000E-01 2.63252E-01 3.50697E-01 4.79322E-01 5.22316E-01
 5.70000E-01 2.66065E-01 3.54088E-01 4.83067E-01 5.25950E-01
 5.80000E-01 2.68847E-01 3.57438E-01 4.86746E-01 5.29501E-01
 5.90000E-01 2.71597E-01 3.60746E-01 4.90362E-01 5.32972E-01
 6.00000E-01 2.74318E-01 3.64013E-01 4.93915E-01 5.36365E-01
 6.10000E-01 2.77008E-01 3.67240E-01 4.97408E-01 5.39683E-01
 6.20000E-01 2.79667E-01 3.70426E-01 5.00842E-01 5.42928E-01
 6.30000E-01 2.82297E-01 3.73573E-01 5.04219E-01 5.46101E-01
 6.40000E-01 2.84898E-01 3.76682E-01 5.07539E-01 5.49206E-01
 6.50000E-01 2.87469E-01 3.79752E-01 5.10805E-01 5.52243E-01
 6.60000E-01 2.90012E-01 3.82785E-01 5.14017E-01 5.55216E-01
 6.70000E-01 2.92525E-01 3.85781E-01 5.17177E-01 5.58125E-01
 6.80000E-01 2.95011E-01 3.88739E-01 5.20286E-01 5.60973E-01
 6.90000E-01 2.97468E-01 3.91662E-01 5.23345E-01 5.63762E-01
 7.00000E-01 2.99898E-01 3.94549E-01 5.26356E-01 5.66492E-01
 7.10000E-01 3.02300E-01 3.97402E-01 5.29319E-01 5.69167E-01
 7.20000E-01 3.04675E-01 4.00219E-01 5.32236E-01 5.71787E-01
 7.30000E-01 3.07023E-01 4.03003E-01 5.35107E-01 5.74354E-01
 7.40000E-01 3.09345E-01 4.05753E-01 5.37935E-01 5.76870E-01
 7.50000E-01 3.11641E-01 4.08470E-01 5.40719E-01 5.79335E-01
 7.60000E-01 3.13910E-01 4.11154E-01 5.43460E-01 5.81752E-01
 7.70000E-01 3.16154E-01 4.13806E-01 5.46161E-01 5.84122E-01
 7.80000E-01 3.18373E-01 4.16427E-01 5.48821E-01 5.86446E-01
 7.90000E-01 3.20566E-01 4.19016E-01 5.51441E-01 5.88726E-01
 8.00000E-01 3.22735E-01 4.21575E-01 5.54023E-01 5.90963E-01
 8.10000E-01 3.24880E-01 4.24104E-01 5.56566E-01 5.93158E-01
 8.20000E-01 3.27000E-01 4.26602E-01 5.59073E-01 5.95312E-01
 8.30000E-01 3.29097E-01 4.29072E-01 5.61544E-01 5.97427E-01
 8.40000E-01 3.31170E-01 4.31512E-01 5.63979E-01 5.99504E-01
 8.50000E-01 3.33220E-01 4.33924E-01 5.66380E-01 6.01544E-01
 8.60000E-01 3.35247E-01 4.36308E-01 5.68747E-01 6.03549E-01
 8.70000E-01 3.37251E-01 4.38664E-01 5.71080E-01 6.05519E-01
 8.80000E-01 3.39233E-01 4.40993E-01 5.73381E-01 6.07456E-01
 8.90000E-01 3.41193E-01 4.43295E-01 5.75650E-01 6.09360E-01
 9.00000E-01 3.43131E-01 4.45571E-01 5.77888E-01 6.11234E-01
 9.10000E-01 3.45047E-01 4.47820E-01 5.80095E-01 6.13078E-01
 9.20000E-01 3.46942E-01 4.50044E-01 5.82272E-01 6.14892E-01
 9.30000E-01 3.48816E-01 4.52243E-01 5.84420E-01 6.16679E-01
 9.40000E-01 3.50670E-01 4.54417E-01 5.86539E-01 6.18440E-01
 9.50000E-01 3.52503E-01 4.56566E-01 5.88630E-01 6.20174E-01
 9.60000E-01 3.54315E-01 4.58691E-01 5.90693E-01 6.21884E-01
 9.70000E-01 3.56108E-01 4.60792E-01 5.92730E-01 6.23570E-01
 9.80000E-01 3.57881E-01 4.62869E-01 5.94739E-01 6.25233E-01
 9.90000E-01 3.59635E-01 4.64924E-01 5.96723E-01 6.26874E-01
 1.00000E+00 3.61370E-01 4.66956E-01 5.98681E-01 6.28494E-01
 1.01158E+00 3.63355E-01 4.69280E-01 6.00918E-01 6.30343E-01
 1.02329E+00 3.65337E-01 4.71602E-01 6.03147E-01 6.32187E-01
 1.03514E+00 3.67317E-01 4.73920E-01 6.05368E-01 6.34026E-01
 1.04713E+00 3.69294E-01 4.76234E-01 6.07582E-01 6.35860E-01
 1.05925E+00 3.71268E-01 4.78544E-01 6.09787E-01 6.37689E-01
 1.07152E+00 3.73238E-01 4.80851E-01 6.11986E-01 6.39513E-01
 1.08393E+00 3.75205E-01 4.83153E-01 6.14176E-01 6.41333E-01
 1.09648E+00 3.77168E-01 4.85451E-01 6.16358E-01 6.43148E-01
 1.10917E+00 3.79128E-01 4.87744E-01 6.18532E-01 6.44960E-01
 1.12202E+00 3.81083E-01 4.90032E-01 6.20698E-01 6.46767E-01
 1.13501E+00 3.83033E-01 4.92315E-01 6.22855E-01 6.48570E-01
 1.14815E+00 3.84979E-01 4.94593E-01 6.25005E-01 6.50368E-01
 1.16145E+00 3.86920E-01 4.96865E-01 6.27146E-01 6.52163E-01
 1.17490E+00 3.88856E-01 4.99132E-01 6.29278E-01 6.53953E-01
 1.18850E+00 3.90787E-01 5.01393E-01 6.31402E-01 6.55740E-01
 1.20226E+00 3.92713E-01 5.03647E-01 6.33518E-01 6.57522E-01
 1.21619E+00 3.94632E-01 5.05896E-01 6.35625E-01 6.59299E-01
 1.23027E+00 3.96546E-01 5.08138E-01 6.37723E-01 6.61072E-01
 1.24451E+00 3.98454E-01 5.10374E-01 6.39813E-01 6.62841E-01
 1.25893E+00 4.00356E-01 5.12603E-01 6.41894E-01 6.64605E-01
 1.27350E+00 4.02251E-01 5.14825E-01 6.43966E-01 6.66364E-01
 1.28825E+00 4.04140E-01 5.17040E-01 6.46029E-01 6.68119E-01
 1.30317E+00 4.06021E-01 5.19247E-01 6.48083E-01 6.69869E-01
 1.31826E+00 4.07896E-01 5.21448E-01 6.50129E-01 6.71614E-01
 1.33352E+00 4.09763E-01 5.23640E-01 6.52166E-01 6.73354E-01
 1.34896E+00 4.11624E-01 5.25825E-01 6.54193E-01 6.75088E-01
 1.36458E+00 4.13476E-01 5.28002E-01 6.56212E-01 6.76818E-01
 1.38038E+00 4.15321E-01 5.30170E-01 6.58222E-01 6.78542E-01
 1.39637E+00 4.17159E-01 5.32331E-01 6.60223E-01 6.80261E-01
 1.41254E+00 4.18988E-01 5.34483E-01 6.62215E-01 6.81975E-01
 1.42889E+00 4.20809E-01 5.36626E-01 6.64198E-01 6.83683E-01
 1.44544E+00 4.22621E-01 5.38761E-01 6.66172E-01 6.85385E-01
 1.46218E+00 4.24425E-01 5.40887E-01 6.68137E-01 6.87082E-01
 1.47911E+00 4.26221E-01 5.43004E-01 6.70093E-01 6.88773E-01
 1.49624E+00 4.28008E-01 5.45112E-01 6.72040E-01 6.90458E-01
 1.51356E+00 4.30135E-01 5.47210E-01 6.73978E-01 6.92137E-01
 1.53109E+00 4.32543E-01 5.49299E-01 6.75907E-01 6.93811E-01
 1.54882E+00 4.34930E-01 5.51379E-01 6.77828E-01 6.95478E-01
 1.56675E+00 4.37294E-01 5.53451E-01 6.79739E-01 6.97140E-01
 1.58489E+00 4.39636E-01 5.56415E-01 6.81642E-01 6.98795E-01
 1.60325E+00 4.41956E-01 5.59350E-01 6.83536E-01 7.00445E-01
 1.62181E+00 4.44253E-01 5.62257E-01 6.85421E-01 7.02088E-01
 1.64059E+00 4.46527E-01 5.65136E-01 6.87297E-01 7.03725E-01
 1.65959E+00 4.48779E-01 5.67986E-01 6.89164E-01 7.05356E-01
 1.67880E+00 4.51008E-01 5.70807E-01 6.91023E-01 7.06981E-01
 1.69824E+00 4.53214E-01 5.73599E-01 6.94055E-01 7.08600E-01
 1.71791E+00 4.55398E-01 5.76362E-01 6.97399E-01 7.11416E-01
 1.73780E+00 4.57558E-01 5.79097E-01 7.00708E-01 7.14792E-01
 1.75792E+00 4.59696E-01 5.81803E-01 7.03982E-01 7.18132E-01
 1.77828E+00 4.61811E-01 5.84480E-01 7.07221E-01 7.21436E-01
 1.79887E+00 4.63904E-01 5.87128E-01 7.10425E-01 7.24705E-01
 1.81970E+00 4.65974E-01 5.89748E-01 7.13595E-01 7.27938E-01
 1.84077E+00 4.68021E-01 5.92339E-01 7.16730E-01 7.31136E-01
 1.86209E+00 4.70046E-01 5.94901E-01 7.19831E-01 7.34299E-01
 1.88365E+00 4.72048E-01 5.97435E-01 7.22897E-01 7.37427E-01
 1.90546E+00 4.74027E-01 5.99941E-01 7.25929E-01 7.40520E-01
 1.92752E+00 4.75985E-01 6.02418E-01 7.28926E-01 7.43577E-01
 1.94984E+00 4.77920E-01 6.04867E-01 7.31889E-01 7.46600E-01
 1.97242E+00 4.79833E-01 6.07288E-01 7.34819E-01 7.49589E-01
 1.99526E+00 4.81724E-01 6.09682E-01 7.37715E-01 7.52543E-01
 2.01837E+00 4.83593E-01 6.12047E-01 7.40577E-01 7.55463E-01
 2.04174E+00 4.85440E-01 6.14385E-01 7.43406E-01 7.58348E-01
 2.06538E+00 4.87265E-01 6.16695E-01 7.46201E-01 7.61200E-01
 2.08930E+00 4.89069E-01 6.18979E-01 7.48964E-01 7.64018E-01
 2.11349E+00 4.90852E-01 6.21235E-01 7.51694E-01 7.66803E-01
 2.13796E+00 4.92614E-01 6.23464E-01 7.54391E-01 7.69555E-01
 2.16272E+00 4.94354E-01 6.25667E-01 7.57057E-01 7.72273E-01
 2.18776E+00 4.96073E-01 6.27843E-01 7.59690E-01 7.74960E-01
 2.21309E+00 4.97772E-01 6.29993E-01 7.62291E-01 7.77613E-01
 2.23872E+00 4.99450E-01 6.32117E-01 7.64861E-01 7.80235E-01
 2.26464E+00 5.01108E-01 6.34215E-01 7.67400E-01 7.82824E-01
 2.29087E+00 5.02745E-01 6.36287E-01 7.69907E-01 7.85382E-01
 2.31739E+00 5.04363E-01 6.38334E-01 7.72384E-01 7.87909E-01
 2.34423E+00 5.05960E-01 6.40356E-01 7.74831E-01 7.90405E-01
 2.37137E+00 5.07538E-01 6.42353E-01 7.77247E-01 7.92870E-01
 2.39883E+00 5.09097E-01 6.44326E-01 7.79634E-01 7.95305E-01
 2.42661E+00 5.10636E-01 6.46274E-01 7.81991E-01 7.97709E-01
 2.45471E+00 5.12156E-01 6.48198E-01 7.84319E-01 8.00084E-01
 2.48313E+00 5.13657E-01 6.50098E-01 7.86618E-01 8.02429E-01
 2.51189E+00 5.15140E-01 6.51974E-01 7.88889E-01 8.04745E-01
 2.54097E+00 5.16604E-01 6.53827E-01 7.91131E-01 8.07033E-01
 2.57040E+00 5.18050E-01 6.55657E-01 7.93345E-01 8.09291E-01
 2.60016E+00 5.19478E-01 6.57464E-01 7.95532E-01 8.11522E-01
 2.63027E+00 5.20888E-01 6.59249E-01 7.97691E-01 8.13725E-01
 2.66073E+00 5.22280E-01 6.61011E-01 7.99823E-01 8.15900E-01
 2.69153E+00 5.23655E-01 6.62751E-01 8.01929E-01 8.18048E-01
 2.72270E+00 5.25013E-01 6.64470E-01 8.04008E-01 8.20169E-01
 2.75423E+00 5.26354E-01 6.66166E-01 8.06061E-01 8.22263E-01
 2.78612E+00 5.27678E-01 6.67842E-01 8.08089E-01 8.24331E-01
 2.81838E+00 5.28985E-01 6.69497E-01 8.10091E-01 8.26374E-01
 2.85102E+00 5.30276E-01 6.71131E-01 8.12068E-01 8.28391E-01
 2.88403E+00 5.31551E-01 6.72744E-01 8.14020E-01 8.30382E-01
 2.91743E+00 5.32810E-01 6.74337E-01 8.15948E-01 8.32349E-01
 2.95121E+00 5.34053E-01 6.75911E-01 8.17852E-01 8.34291E-01
 2.98538E+00 5.35280E-01 6.77464E-01 8.19732E-01 8.36208E-01
 3.01995E+00 5.36493E-01 6.78999E-01 8.21588E-01 8.38102E-01
 3.05492E+00 5.37690E-01 6.80514E-01 8.23422E-01 8.39972E-01
 3.09030E+00 5.38872E-01 6.82010E-01 8.25232E-01 8.41819E-01
 3.12608E+00 5.40040E-01 6.83488E-01 8.27020E-01 8.43643E-01
 3.16228E+00 5.41193E-01 6.84947E-01 8.28786E-01 8.45444E-01
 3.19890E+00 5.42331E-01 6.86388E-01 8.30529E-01 8.47223E-01
 3.23594E+00 5.43456E-01 6.87811E-01 8.32251E-01 8.48980E-01
 3.27341E+00 5.44566E-01 6.89217E-01 8.33952E-01 8.50715E-01
 3.31131E+00 5.45663E-01 6.90605E-01 8.35632E-01 8.52428E-01
 3.34965E+00 5.46746E-01 6.91976E-01 8.37291E-01 8.54120E-01
 3.38844E+00 5.47816E-01 6.93330E-01 8.38929E-01 8.55792E-01
 3.42768E+00 5.48873E-01 6.94668E-01 8.40548E-01 8.57443E-01
 3.46737E+00 5.49917E-01 6.95989E-01 8.42146E-01 8.59074E-01
 3.50752E+00 5.50948E-01 6.97294E-01 8.43725E-01 8.60684E-01
 3.54813E+00 5.51966E-01 6.98583E-01 8.45285E-01 8.62275E-01
 3.58922E+00 5.52972E-01 6.99856E-01 8.46825E-01 8.63847E-01
 3.63078E+00 5.53966E-01 7.01113E-01 8.48347E-01 8.65399E-01
 3.67282E+00 5.54948E-01 7.02356E-01 8.49851E-01 8.66933E-01
 3.71535E+00 5.55918E-01 7.03583E-01 8.51336E-01 8.68447E-01
 3.75837E+00 5.56876E-01 7.04796E-01 8.52803E-01 8.69944E-01
 3.80189E+00 5.57822E-01 7.05993E-01 8.54252E-01 8.71422E-01
 3.84592E+00 5.58757E-01 7.07177E-01 8.55684E-01 8.72883E-01
 3.89045E+00 5.59681E-01 7.08346E-01 8.57098E-01 8.74326E-01
 3.93550E+00 5.60593E-01 7.09501E-01 8.58496E-01 8.75752E-01
 3.98107E+00 5.61495E-01 7.10642E-01 8.59877E-01 8.77161E-01
 4.02717E+00 5.62386E-01 7.11770E-01 8.61241E-01 8.78552E-01
 4.07380E+00 5.63266E-01 7.12884E-01 8.62590E-01 8.79928E-01
 4.12098E+00 5.64136E-01 7.13985E-01 8.63922E-01 8.81287E-01
 4.16869E+00 5.64996E-01 7.15073E-01 8.65238E-01 8.82629E-01
 4.21697E+00 5.65845E-01 7.16148E-01 8.66539E-01 8.83956E-01
 4.26580E+00 5.66684E-01 7.17210E-01 8.67824E-01 8.85267E-01
 4.31519E+00 5.67514E-01 7.18260E-01 8.69094E-01 8.86563E-01
 4.36516E+00 5.68334E-01 7.19297E-01 8.70350E-01 8.87844E-01
 4.41570E+00 5.69144E-01 7.20322E-01 8.71590E-01 8.89109E-01
 4.46684E+00 5.69944E-01 7.21336E-01 8.72816E-01 8.90360E-01
 4.51856E+00 5.70735E-01 7.22337E-01 8.74028E-01 8.91596E-01
 4.57088E+00 5.71517E-01 7.23327E-01 8.75225E-01 8.92817E-01
 4.62381E+00 5.72290E-01 7.24305E-01 8.76409E-01 8.94025E-01
 4.67735E+00 5.73054E-01 7.25272E-01 8.77579E-01 8.95218E-01
 4.73151E+00 5.73809E-01 7.26227E-01 8.78735E-01 8.96397E-01
 4.78630E+00 5.74555E-01 7.27172E-01 8.79878E-01 8.97563E-01
 4.84172E+00 5.75293E-01 7.28105E-01 8.81007E-01 8.98716E-01
 4.89779E+00 5.76022E-01 7.29028E-01 8.82124E-01 8.99855E-01
 4.95450E+00 5.76743E-01 7.29940E-01 8.83228E-01 9.00981E-01
 5.01187E+00 5.77456E-01 7.30842E-01 8.84319E-01 9.02094E-01
 5.06991E+00 5.78160E-01 7.31734E-01 8.85398E-01 9.03194E-01
 5.12861E+00 5.78856E-01 7.32615E-01 8.86464E-01 9.04282E-01
 5.18800E+00 5.79544E-01 7.33486E-01 8.87518E-01 9.05357E-01
 5.24807E+00 5.80225E-01 7.34347E-01 8.88560E-01 9.06420E-01
 5.30884E+00 5.80898E-01 7.35198E-01 8.89590E-01 9.07471E-01
 5.37032E+00 5.81563E-01 7.36040E-01 8.90609E-01 9.08510E-01
 5.43250E+00 5.82220E-01 7.36872E-01 8.91615E-01 9.09537E-01
 5.49541E+00 5.82870E-01 7.37695E-01 8.92611E-01 9.10552E-01
 5.55904E+00 5.83513E-01 7.38508E-01 8.93595E-01 9.11556E-01
 5.62341E+00 5.84148E-01 7.39312E-01 8.94568E-01 9.12549E-01
 5.68853E+00 5.84776E-01 7.40107E-01 8.95530E-01 9.13530E-01
 5.75440E+00 5.85397E-01 7.40894E-01 8.96481E-01 9.14500E-01
 5.82103E+00 5.86011E-01 7.41671E-01 8.97422E-01 9.15460E-01
 5.88844E+00 5.86619E-01 7.42439E-01 8.98351E-01 9.16408E-01
 5.95662E+00 5.87219E-01 7.43199E-01 8.99271E-01 9.17346E-01
 6.02560E+00 5.87813E-01 7.43950E-01 9.00180E-01 9.18273E-01
 6.09537E+00 5.88399E-01 7.44693E-01 9.01079E-01 9.19190E-01
 6.16595E+00 5.88980E-01 7.45427E-01 9.01967E-01 9.20097E-01
 6.23735E+00 5.89554E-01 7.46154E-01 9.02846E-01 9.20993E-01
 6.30957E+00 5.90121E-01 7.46872E-01 9.03715E-01 9.21880E-01
 6.38263E+00 5.90682E-01 7.47582E-01 9.04574E-01 9.22756E-01
 6.45654E+00 5.91237E-01 7.48284E-01 9.05424E-01 9.23623E-01
 6.53131E+00 5.91785E-01 7.48978E-01 9.06264E-01 9.24480E-01
 6.60693E+00 5.92328E-01 7.49665E-01 9.07094E-01 9.25327E-01
 6.68344E+00 5.92864E-01 7.50344E-01 9.07916E-01 9.26165E-01
 6.76083E+00 5.93394E-01 7.51015E-01 9.08728E-01 9.26993E-01
 6.83912E+00 5.93919E-01 7.51678E-01 9.09531E-01 9.27813E-01
 6.91831E+00 5.94437E-01 7.52335E-01 9.10325E-01 9.28623E-01
 6.99842E+00 5.94950E-01 7.52984E-01 9.11110E-01 9.29424E-01
 7.07946E+00 5.95457E-01 7.53626E-01 9.11887E-01 9.30216E-01
 7.16143E+00 5.95959E-01 7.54260E-01 9.12655E-01 9.30999E-01
 7.24436E+00 5.96455E-01 7.54888E-01 9.13414E-01 9.31774E-01
 7.32825E+00 5.96945E-01 7.55508E-01 9.14165E-01 9.32540E-01
 7.41310E+00 5.97430E-01 7.56122E-01 9.14908E-01 9.33297E-01
 7.49894E+00 5.97909E-01 7.56729E-01 9.15642E-01 9.34046E-01
 7.58578E+00 5.98383E-01 7.57329E-01 9.16368E-01 9.34787E-01
 7.67361E+00 5.98852E-01 7.57922E-01 9.17086E-01 9.35519E-01
 7.76247E+00 5.99316E-01 7.58509E-01 9.17796E-01 9.36244E-01
 7.85236E+00 5.99774E-01 7.59089E-01 9.18498E-01 9.36960E-01
 7.94328E+00 6.00227E-01 7.59663E-01 9.19192E-01 9.37668E-01
 8.03526E+00 6.00676E-01 7.60230E-01 9.19879E-01 9.38368E-01
 8.12831E+00 6.01119E-01 7.60791E-01 9.20558E-01 9.39061E-01
 8.22243E+00 6.01557E-01 7.61346E-01 9.21229E-01 9.39746E-01
 8.31764E+00 6.01991E-01 7.61895E-01 9.21893E-01 9.40423E-01
 8.41395E+00 6.02420E-01 7.62437E-01 9.22549E-01 9.41092E-01
 8.51138E+00 6.02844E-01 7.62974E-01 9.23198E-01 9.41755E-01
 8.60994E+00 6.03263E-01 7.63504E-01 9.23840E-01 9.42409E-01
 8.70964E+00 6.03677E-01 7.64029E-01 9.24475E-01 9.43057E-01
 8.81049E+00 6.04087E-01 7.64548E-01 9.25103E-01 9.43697E-01
 8.91251E+00 6.04492E-01 7.65061E-01 9.25723E-01 9.44330E-01
 9.01571E+00 6.04893E-01 7.65568E-01 9.26337E-01 9.44957E-01
 9.12011E+00 6.05290E-01 7.66070E-01 9.26944E-01 9.45576E-01
 9.22571E+00 6.05681E-01 7.66566E-01 9.27544E-01 9.46188E-01
 9.33254E+00 6.06069E-01 7.67056E-01 9.28138E-01 9.46793E-01
 9.44061E+00 6.06452E-01 7.67541E-01 9.28725E-01 9.47392E-01
 9.54993E+00 6.06831E-01 7.68021E-01 9.29305E-01 9.47984E-01
 9.66051E+00 6.07206E-01 7.68495E-01 9.29879E-01 9.48570E-01
 9.77237E+00 6.07576E-01 7.68964E-01 9.30446E-01 9.49148E-01
 9.88553E+00 6.07943E-01 7.69428E-01 9.31008E-01 9.49721E-01
 1.00000E+01 6.08305E-01 7.69886E-01 9.31562E-01 9.50287E-01
 1.01158E+01 6.08663E-01 7.70340E-01 9.32111E-01 9.50847E-01
 1.02329E+01 6.09018E-01 7.70788E-01 9.32654E-01 9.51400E-01
 1.03514E+01 6.09368E-01 7.71231E-01 9.33190E-01 9.51947E-01
 1.04713E+01 6.09715E-01 7.71670E-01 9.33721E-01 9.52488E-01
 1.05925E+01 6.10057E-01 7.72103E-01 9.34245E-01 9.53023E-01
 1.07152E+01 6.10396E-01 7.72532E-01 9.34764E-01 9.53553E-01
 1.08393E+01 6.10731E-01 7.72956E-01 9.35277E-01 9.54076E-01
 1.09648E+01 6.11062E-01 7.73375E-01 9.35784E-01 9.54593E-01
 1.10917E+01 6.11389E-01 7.73790E-01 9.36285E-01 9.55105E-01
 1.12202E+01 6.11713E-01 7.74199E-01 9.36781E-01 9.55611E-01
 1.13501E+01 6.12033E-01 7.74605E-01 9.37272E-01 9.56111E-01
 1.14815E+01 6.12350E-01 7.75005E-01 9.37756E-01 9.56605E-01
 1.16145E+01 6.12663E-01 7.75402E-01 9.38236E-01 9.57094E-01
 1.17490E+01 6.12973E-01 7.75793E-01 9.38710E-01 9.57578E-01
 1.18850E+01 6.13279E-01 7.76181E-01 9.39179E-01 9.58056E-01
 1.20226E+01 6.13581E-01 7.76564E-01 9.39642E-01 9.58529E-01
 1.21619E+01 6.13881E-01 7.76943E-01 9.40100E-01 9.58997E-01
 1.23027E+01 6.14176E-01 7.77317E-01 9.40554E-01 9.59459E-01
 1.24451E+01 6.14469E-01 7.77687E-01 9.41002E-01 9.59916E-01
 1.25893E+01 6.14758E-01 7.78054E-01 9.41445E-01 9.60368E-01
 1.27350E+01 6.15044E-01 7.78416E-01 9.41883E-01 9.60815E-01
 1.28825E+01 6.15327E-01 7.78774E-01 9.42316E-01 9.61257E-01
 1.30317E+01 6.15607E-01 7.79128E-01 9.42744E-01 9.61694E-01
 1.31826E+01 6.15884E-01 7.79478E-01 9.43168E-01 9.62126E-01
 1.33352E+01 6.16157E-01 7.79824E-01 9.43587E-01 9.62553E-01
 1.34896E+01 6.16427E-01 7.80166E-01 9.44001E-01 9.62975E-01
 1.36458E+01 6.16695E-01 7.80504E-01 9.44410E-01 9.63393E-01
 1.38038E+01 6.16959E-01 7.80839E-01 9.44815E-01 9.63806E-01
 1.39637E+01 6.17220E-01 7.81169E-01 9.45215E-01 9.64214E-01
 1.41254E+01 6.17479E-01 7.81497E-01 9.45611E-01 9.64618E-01
 1.42889E+01 6.17734E-01 7.81820E-01 9.46002E-01 9.65017E-01
 1.44544E+01 6.17987E-01 7.82140E-01 9.46389E-01 9.65411E-01
 1.46218E+01 6.18237E-01 7.82456E-01 9.46772E-01 9.65802E-01
 1.47911E+01 6.18484E-01 7.82768E-01 9.47150E-01 9.66188E-01
 1.49624E+01 6.18728E-01 7.83078E-01 9.47524E-01 9.66569E-01
 1.51356E+01 6.18969E-01 7.83383E-01 9.47894E-01 9.66946E-01
 1.53109E+01 6.19208E-01 7.83685E-01 9.48259E-01 9.67319E-01
 1.54882E+01 6.19444E-01 7.83984E-01 9.48621E-01 9.67688E-01
 1.56675E+01 6.19678E-01 7.84279E-01 9.48978E-01 9.68053E-01
 1.58489E+01 6.19908E-01 7.84572E-01 9.49332E-01 9.68413E-01
 1.60325E+01 6.20137E-01 7.84860E-01 9.49681E-01 9.68770E-01
 1.62181E+01 6.20362E-01 7.85146E-01 9.50026E-01 9.69122E-01
 1.64059E+01 6.20585E-01 7.85428E-01 9.50368E-01 9.69470E-01
 1.65959E+01 6.20806E-01 7.85707E-01 9.50706E-01 9.69815E-01
 1.67880E+01 6.21024E-01 7.85983E-01 9.51040E-01 9.70156E-01
 1.69824E+01 6.21239E-01 7.86256E-01 9.51370E-01 9.70492E-01
 1.71791E+01 6.21453E-01 7.86526E-01 9.51696E-01 9.70825E-01
 1.73780E+01 6.21663E-01 7.86793E-01 9.52019E-01 9.71155E-01
 1.75792E+01 6.21872E-01 7.87056E-01 9.52338E-01 9.71480E-01
 1.77828E+01 6.22078E-01 7.87317E-01 9.52654E-01 9.71802E-01
 1.79887E+01 6.22282E-01 7.87575E-01 9.52966E-01 9.72120E-01
 1.81970E+01 6.22483E-01 7.87830E-01 9.53274E-01 9.72435E-01
 1.84077E+01 6.22682E-01 7.88082E-01 9.53579E-01 9.72746E-01
 1.86209E+01 6.22879E-01 7.88331E-01 9.53881E-01 9.73054E-01
 1.88365E+01 6.23074E-01 7.88578E-01 9.54179E-01 9.73358E-01
 1.90546E+01 6.23266E-01 7.88821E-01 9.54474E-01 9.73659E-01
 1.92752E+01 6.23456E-01 7.89062E-01 9.54765E-01 9.73956E-01
 1.94984E+01 6.23645E-01 7.89300E-01 9.55053E-01 9.74250E-01
 1.97242E+01 6.23831E-01 7.89536E-01 9.55338E-01 9.74540E-01
 1.99526E+01 6.24014E-01 7.89768E-01 9.55620E-01 9.74828E-01
 2.01837E+01 6.24196E-01 7.89998E-01 9.55898E-01 9.75112E-01
 2.04174E+01 6.24376E-01 7.90226E-01 9.56173E-01 9.75393E-01
 2.06538E+01 6.24554E-01 7.90451E-01 9.56446E-01 9.75670E-01
 2.08930E+01 6.24730E-01 7.90673E-01 9.56715E-01 9.75945E-01
 2.11349E+01 6.24903E-01 7.90893E-01 9.56981E-01 9.76216E-01
 2.13796E+01 6.25075E-01 7.91111E-01 9.57244E-01 9.76485E-01
 2.16272E+01 6.25245E-01 7.91326E-01 9.57504E-01 9.76750E-01
 2.18776E+01 6.25413E-01 7.91538E-01 9.57761E-01 9.77012E-01
 2.21309E+01 6.25579E-01 7.91748E-01 9.58016E-01 9.77272E-01
 2.23872E+01 6.25743E-01 7.91956E-01 9.58267E-01 9.77528E-01
 2.26464E+01 6.25905E-01 7.92162E-01 9.58515E-01 9.77782E-01
 2.29087E+01 6.26066E-01 7.92365E-01 9.58761E-01 9.78032E-01
 2.31739E+01 6.26224E-01 7.92565E-01 9.59004E-01 9.78280E-01
 2.34423E+01 6.26381E-01 7.92764E-01 9.59244E-01 9.78525E-01
 2.37137E+01 6.26536E-01 7.92960E-01 9.59482E-01 9.78767E-01
 2.39883E+01 6.26690E-01 7.93154E-01 9.59716E-01 9.79007E-01
 2.42661E+01 6.26841E-01 7.93346E-01 9.59949E-01 9.79244E-01
 2.45471E+01 6.26991E-01 7.93536E-01 9.60178E-01 9.79478E-01
 2.48313E+01 6.27139E-01 7.93723E-01 9.60405E-01 9.79709E-01
 2.51189E+01 6.27286E-01 7.93909E-01 9.60629E-01 9.79938E-01
 2.54097E+01 6.27431E-01 7.94092E-01 9.60851E-01 9.80164E-01
 2.57040E+01 6.27574E-01 7.94273E-01 9.61070E-01 9.80388E-01
 2.60016E+01 6.27715E-01 7.94452E-01 9.61287E-01 9.80609E-01
 2.63027E+01 6.27855E-01 7.94629E-01 9.61501E-01 9.80828E-01
 2.66073E+01 6.27994E-01 7.94804E-01 9.61713E-01 9.81044E-01
 2.69153E+01 6.28130E-01 7.94978E-01 9.61923E-01 9.81257E-01
 2.72270E+01 6.28266E-01 7.95149E-01 9.62130E-01 9.81469E-01
 2.75423E+01 6.28399E-01 7.95318E-01 9.62335E-01 9.81678E-01
 2.78612E+01 6.28532E-01 7.95485E-01 9.62537E-01 9.81884E-01
 2.81838E+01 6.28662E-01 7.95651E-01 9.62737E-01 9.82088E-01
 2.85102E+01 6.28791E-01 7.95814E-01 9.62935E-01 9.82290E-01
 2.88403E+01 6.28919E-01 7.95976E-01 9.63131E-01 9.82490E-01
 2.91743E+01 6.29045E-01 7.96136E-01 9.63324E-01 9.82687E-01
 2.95121E+01 6.29170E-01 7.96294E-01 9.63515E-01 9.82882E-01
 2.98538E+01 6.29294E-01 7.96450E-01 9.63704E-01 9.83075E-01
 3.01995E+01 6.29416E-01 7.96604E-01 9.63891E-01 9.83266E-01
 3.05492E+01 6.29536E-01 7.96757E-01 9.64076E-01 9.83454E-01
 3.09030E+01 6.29656E-01 7.96908E-01 9.64259E-01 9.83640E-01
 3.12608E+01 6.29774E-01 7.97057E-01 9.64439E-01 9.83825E-01
 3.16228E+01 6.29890E-01 7.97205E-01 9.64618E-01 9.84007E-01
 3.19890E+01 6.30006E-01 7.97351E-01 9.64794E-01 9.84187E-01
 3.23594E+01 6.30120E-01 7.97495E-01 9.64969E-01 9.84365E-01
 3.27341E+01 6.30232E-01 7.97638E-01 9.65141E-01 9.84541E-01
 3.31131E+01 6.30344E-01 7.97779E-01 9.65312E-01 9.84715E-01
 3.34965E+01 6.30454E-01 7.97918E-01 9.65481E-01 9.84887E-01
 3.38844E+01 6.30563E-01 7.98056E-01 9.65647E-01 9.85057E-01
 3.42768E+01 6.30670E-01 7.98192E-01 9.65812E-01 9.85225E-01
 3.46737E+01 6.30777E-01 7.98327E-01 9.65975E-01 9.85391E-01
 3.50752E+01 6.30882E-01 7.98460E-01 9.66136E-01 9.85556E-01
 3.54813E+01 6.30986E-01 7.98591E-01 9.66296E-01 9.85718E-01
 3.58922E+01 6.31089E-01 7.98722E-01 9.66453E-01 9.85879E-01
 3.63078E+01 6.31190E-01 7.98850E-01 9.66609E-01 9.86038E-01
 3.67282E+01 6.31291E-01 7.98977E-01 9.66763E-01 9.86195E-01
 3.71535E+01 6.31390E-01 7.99103E-01 9.66915E-01 9.86350E-01
 3.75837E+01 6.31488E-01 7.99227E-01 9.67065E-01 9.86503E-01
 3.80189E+01 6.31585E-01 7.99350E-01 9.67214E-01 9.86655E-01
 3.84592E+01 6.31681E-01 7.99472E-01 9.67361E-01 9.86805E-01
 3.89045E+01 6.31776E-01 7.99592E-01 9.67506E-01 9.86953E-01
 3.93550E+01 6.31870E-01 7.99711E-01 9.67650E-01 9.87100E-01
 3.98107E+01 6.31963E-01 7.99828E-01 9.67792E-01 9.87245E-01
 4.02717E+01 6.32055E-01 7.99944E-01 9.67933E-01 9.87388E-01
 4.07380E+01 6.32145E-01 8.00059E-01 9.68071E-01 9.87530E-01
 4.12098E+01 6.32235E-01 8.00172E-01 9.68209E-01 9.87670E-01
 4.16869E+01 6.32324E-01 8.00285E-01 9.68344E-01 9.87808E-01
 4.21697E+01 6.32411E-01 8.00395E-01 9.68479E-01 9.87945E-01
 4.26580E+01 6.32498E-01 8.00505E-01 9.68611E-01 9.88080E-01
 4.31519E+01 6.32583E-01 8.00613E-01 9.68742E-01 9.88214E-01
 4.36516E+01 6.32668E-01 8.00721E-01 9.68872E-01 9.88346E-01
 4.41570E+01 6.32752E-01 8.00827E-01 9.69000E-01 9.88477E-01
 4.46684E+01 6.32835E-01 8.00931E-01 9.69127E-01 9.88606E-01
 4.51856E+01 6.32916E-01 8.01035E-01 9.69252E-01 9.88734E-01
 4.57088E+01 6.32997E-01 8.01137E-01 9.69376E-01 9.88860E-01
 4.62381E+01 6.33077E-01 8.01238E-01 9.69498E-01 9.88985E-01
 4.67735E+01 6.33156E-01 8.01338E-01 9.69619E-01 9.89109E-01
 4.73151E+01 6.33234E-01 8.01437E-01 9.69739E-01 9.89231E-01
 4.78630E+01 6.33312E-01 8.01535E-01 9.69857E-01 9.89351E-01
 4.84172E+01 6.33388E-01 8.01632E-01 9.69974E-01 9.89471E-01
 4.89779E+01 6.33463E-01 8.01727E-01 9.70090E-01 9.89589E-01
 4.95450E+01 6.33538E-01 8.01822E-01 9.70204E-01 9.89705E-01
 5.01187E+01 6.33612E-01 8.01915E-01 9.70317E-01 9.89820E-01
 5.06991E+01 6.33685E-01 8.02007E-01 9.70429E-01 9.89934E-01
 5.12861E+01 6.33757E-01 8.02099E-01 9.70539E-01 9.90047E-01
 5.18800E+01 6.33828E-01 8.02189E-01 9.70648E-01 9.90158E-01
 5.24807E+01 6.33899E-01 8.02278E-01 9.70756E-01 9.90269E-01
 5.30884E+01 6.33968E-01 8.02366E-01 9.70863E-01 9.90377E-01
 5.37032E+01 6.34037E-01 8.02453E-01 9.70969E-01 9.90485E-01
 5.43250E+01 6.34105E-01 8.02540E-01 9.71073E-01 9.90591E-01
 5.49541E+01 6.34173E-01 8.02625E-01 9.71176E-01 9.90697E-01
 5.55904E+01 6.34239E-01 8.02709E-01 9.71278E-01 9.90801E-01
 5.62341E+01 6.34305E-01 8.02792E-01 9.71379E-01 9.90903E-01
 5.68853E+01 6.34370E-01 8.02875E-01 9.71478E-01 9.91005E-01
 5.75440E+01 6.34434E-01 8.02956E-01 9.71577E-01 9.91105E-01
 5.82103E+01 6.34498E-01 8.03036E-01 9.71674E-01 9.91205E-01
 5.88844E+01 6.34561E-01 8.03116E-01 9.71770E-01 9.91303E-01
 5.95662E+01 6.34623E-01 8.03195E-01 9.71865E-01 9.91400E-01
 6.02560E+01 6.34684E-01 8.03272E-01 9.71960E-01 9.91496E-01
 6.09537E+01 6.34745E-01 8.03349E-01 9.72053E-01 9.91591E-01
 6.16595E+01 6.34805E-01 8.03425E-01 9.72144E-01 9.91685E-01
 6.23735E+01 6.34864E-01 8.03500E-01 9.72235E-01 9.91777E-01
 6.30957E+01 6.34923E-01 8.03575E-01 9.72325E-01 9.91869E-01
 6.38263E+01 6.34981E-01 8.03648E-01 9.72414E-01 9.91960E-01
 6.45654E+01 6.35038E-01 8.03720E-01 9.72502E-01 9.92049E-01
 6.53131E+01 6.35095E-01 8.03792E-01 9.72589E-01 9.92138E-01
 6.60693E+01 6.35151E-01 8.03863E-01 9.72674E-01 9.92225E-01
 6.68344E+01 6.35207E-01 8.03933E-01 9.72759E-01 9.92312E-01
 6.76083E+01 6.35261E-01 8.04003E-01 9.72843E-01 9.92397E-01
 6.83912E+01 6.35315E-01 8.04071E-01 9.72926E-01 9.92482E-01
 6.91831E+01 6.35369E-01 8.04139E-01 9.73008E-01 9.92565E-01
 6.99842E+01 6.35422E-01 8.04206E-01 9.73089E-01 9.92648E-01
 7.07946E+01 6.35474E-01 8.04272E-01 9.73169E-01 9.92730E-01
 7.16143E+01 6.35526E-01 8.04337E-01 9.73248E-01 9.92811E-01
 7.24436E+01 6.35577E-01 8.04402E-01 9.73327E-01 9.92891E-01
 7.32825E+01 6.35628E-01 8.04466E-01 9.73404E-01 9.92969E-01
 7.41310E+01 6.35678E-01 8.04529E-01 9.73481E-01 9.93048E-01
 7.49894E+01 6.35727E-01 8.04592E-01 9.73556E-01 9.93125E-01
 7.58578E+01 6.35776E-01 8.04654E-01 9.73631E-01 9.93201E-01
 7.67361E+01 6.35824E-01 8.04715E-01 9.73705E-01 9.93276E-01
 7.76247E+01 6.35872E-01 8.04775E-01 9.73778E-01 9.93351E-01
 7.85236E+01 6.35919E-01 8.04835E-01 9.73850E-01 9.93425E-01
 7.94328E+01 6.35966E-01 8.04894E-01 9.73922E-01 9.93498E-01
 8.03526E+01 6.36012E-01 8.04952E-01 9.73992E-01 9.93570E-01
 8.12831E+01 6.36057E-01 8.05010E-01 9.74062E-01 9.93641E-01
 8.22243E+01 6.36102E-01 8.05067E-01 9.74131E-01 9.93711E-01
 8.31764E+01 6.36147E-01 8.05123E-01 9.74199E-01 9.93781E-01
 8.41395E+01 6.36191E-01 8.05179E-01 9.74267E-01 9.93850E-01
 8.51138E+01 6.36234E-01 8.05234E-01 9.74333E-01 9.93918E-01
 8.60994E+01 6.36278E-01 8.05289E-01 9.74399E-01 9.93985E-01
 8.70964E+01 6.36320E-01 8.05343E-01 9.74465E-01 9.94051E-01
 8.81049E+01 6.36362E-01 8.05396E-01 9.74529E-01 9.94117E-01
 8.91251E+01 6.36404E-01 8.05448E-01 9.74593E-01 9.94182E-01
 9.01571E+01 6.36445E-01 8.05500E-01 9.74656E-01 9.94246E-01
 9.12011E+01 6.36485E-01 8.05552E-01 9.74718E-01 9.94310E-01
 9.22571E+01 6.36526E-01 8.05603E-01 9.74779E-01 9.94372E-01
 9.33254E+01 6.36565E-01 8.05653E-01 9.74840E-01 9.94434E-01
 9.44061E+01 6.36605E-01 8.05703E-01 9.74900E-01 9.94496E-01
 9.54993E+01 6.36643E-01 8.05752E-01 9.74960E-01 9.94556E-01
 9.66051E+01 6.36682E-01 8.05800E-01 9.75019E-01 9.94616E-01
 9.77237E+01 6.36720E-01 8.05848E-01 9.75077E-01 9.94676E-01
 9.88553E+01 6.36757E-01 8.05896E-01 9.75134E-01 9.94734E-01
 1.00000E+02 6.36794E-01 8.05943E-01 9.75191E-01 9.94792E-01
