 1.00000E-02 7.16912E-02 9.89573E-02 1.32615E-01 1.37227E-01
 2.00000E-02 7.59130E-02 1.05145E-01 1.41986E-01 1.47073E-01
 3.00000E-02 8.03718E-02 1.11642E-01 1.51835E-01 1.57518E-01
 4.00000E-02 8.50281E-02 1.18395E-01 1.62140E-01 1.68501E-01
 5.00000E-02 8.98568E-02 1.25354E-01 1.72826E-01 1.79969E-01
 6.00000E-02 9.48279E-02 1.32472E-01 1.83822E-01 1.91849E-01
 7.00000E-02 9.99148E-02 1.39708E-01 1.95049E-01 2.04089E-01
 8.00000E-02 1.05094E-01 1.47024E-01 2.06428E-01 2.16621E-01
 9.00000E-02 1.10344E-01 1.54388E-01 2.17883E-01 2.29386E-01
 1.00000E-01 1.15646E-01 1.61770E-01 2.29344E-01 2.42324E-01
 1.10000E-01 1.20985E-01 1.69151E-01 2.40744E-01 2.55377E-01
 1.20000E-01 1.26346E-01 1.76509E-01 2.52030E-01 2.68482E-01
 1.30000E-01 1.31718E-01 1.83830E-01 2.63156E-01 2.81581E-01
 1.40000E-01 1.37090E-01 1.91101E-01 2.74088E-01 2.94608E-01
 1.50000E-01 1.42454E-01 1.98311E-01 2.84801E-01 3.07488E-01
 1.60000E-01 1.47802E-01 2.05453E-01 2.95279E-01 3.20133E-01
 1.70000E-01 1.53128E-01 2.12520E-01 3.05511E-01 3.32456E-01
 1.80000E-01 1.58425E-01 2.19507E-01 3.15492E-01 3.44400E-01
 1.90000E-01 1.63690E-01 2.26411E-01 3.25221E-01 3.55939E-01
 2.00000E-01 1.68918E-01 2.33227E-01 3.34700E-01 3.67072E-01
 2.10000E-01 1.74106E-01 2.39956E-01 3.43932E-01 3.77807E-01
 2.20000E-01 1.79249E-01 2.46593E-01 3.52921E-01 3.88156E-01
 2.30000E-01 1.84347E-01 2.53139E-01 3.61675E-01 3.98135E-01
 2.40000E-01 1.89396E-01 2.59592E-01 3.70198E-01 4.07759E-01
 2.50000E-01 1.94395E-01 2.65953E-01 3.78499E-01 4.17045E-01
 2.60000E-01 1.99341E-01 2.72222E-01 3.86583E-01 4.26009E-01
 2.70000E-01 2.04234E-01 2.78397E-01 3.94460E-01 4.34664E-01
 2.80000E-01 2.09072E-01 2.84481E-01 4.02133E-01 4.43026E-01
 2.90000E-01 2.13854E-01 2.90474E-01 4.09611E-01 4.51107E-01
 3.00000E-01 2.18580E-01 2.96375E-01 4.16902E-01 4.58921E-01
 3.10000E-01 2.23249E-01 3.02186E-01 4.24010E-01 4.66479E-01
 3.20000E-01 2.27860E-01 3.07908E-01 4.30942E-01 4.73794E-01
 3.30000E-01 2.32413E-01 3.13542E-01 4.37705E-01 4.80875E-01
 3.40000E-01 2.36908E-01 3.19088E-01 4.44305E-01 4.87733E-01
 3.50000E-01 2.41344E-01 3.24547E-01 4.50746E-01 4.94379E-01
 3.60000E-01 2.45722E-01 3.29922E-01 4.57035E-01 5.00820E-01
 3.70000E-01 2.50042E-01 3.35213E-01 4.63177E-01 5.07066E-01
 3.80000E-01 2.54304E-01 3.40420E-01 4.69177E-01 5.13125E-01
 3.90000E-01 2.58508E-01 3.45546E-01 4.75039E-01 5.19005E-01
 4.00000E-01 2.62654E-01 3.50591E-01 4.80768E-01 5.24713E-01
 4.10000E-01 2.66742E-01 3.55557E-01 4.86369E-01 5.30256E-01
 4.20000E-01 2.70774E-01 3.60444E-01 4.91846E-01 5.35641E-01
 4.30000E-01 2.74749E-01 3.65254E-01 4.97202E-01 5.40873E-01
 4.40000E-01 2.78668E-01 3.69989E-01 5.02442E-01 5.45960E-01
 4.50000E-01 2.82532E-01 3.74649E-01 5.07569E-01 5.50906E-01
 4.60000E-01 2.86340E-01 3.79235E-01 5.12587E-01 5.55718E-01
 4.70000E-01 2.90094E-01 3.83750E-01 5.17499E-01 5.60400E-01
 4.80000E-01 2.93793E-01 3.88193E-01 5.22309E-01 5.64956E-01
 4.90000E-01 2.97439E-01 3.92567E-01 5.27020E-01 5.69393E-01
 5.00000E-01 3.01033E-01 3.96872E-01 5.31634E-01 5.73714E-01
 5.10000E-01 3.04574E-01 4.01109E-01 5.36154E-01 5.77924E-01
 5.20000E-01 3.08064E-01 4.05280E-01 5.40584E-01 5.82027E-01
 5.30000E-01 3.11502E-01 4.09386E-01 5.44926E-01 5.86026E-01
 5.40000E-01 3.14891E-01 4.13428E-01 5.49182E-01 5.89926E-01
 5.50000E-01 3.18229E-01 4.17407E-01 5.53355E-01 5.93729E-01
 5.60000E-01 3.21519E-01 4.21324E-01 5.57447E-01 5.97440E-01
 5.70000E-01 3.24761E-01 4.25180E-01 5.61461E-01 6.01062E-01
 5.80000E-01 3.27954E-01 4.28977E-01 5.65399E-01 6.04598E-01
 5.90000E-01 3.31101E-01 4.32715E-01 5.69262E-01 6.08051E-01
 6.00000E-01 3.34201E-01 4.36396E-01 5.73053E-01 6.11424E-01
 6.10000E-01 3.37256E-01 4.40020E-01 5.76774E-01 6.14719E-01
 6.20000E-01 3.40266E-01 4.43588E-01 5.80426E-01 6.17941E-01
 6.30000E-01 3.43231E-01 4.47102E-01 5.84012E-01 6.21091E-01
 6.40000E-01 3.46153E-01 4.50562E-01 5.87533E-01 6.24172E-01
 6.50000E-01 3.49032E-01 4.53970E-01 5.90990E-01 6.27186E-01
 6.60000E-01 3.51868E-01 4.57326E-01 5.94387E-01 6.30137E-01
 6.70000E-01 3.54663E-01 4.60631E-01 5.97723E-01 6.33026E-01
 6.80000E-01 3.57417E-01 4.63887E-01 6.01000E-01 6.35856E-01
 6.90000E-01 3.60130E-01 4.67094E-01 6.04221E-01 6.38629E-01
 7.00000E-01 3.62803E-01 4.70252E-01 6.07386E-01 6.41348E-01
 7.10000E-01 3.65437E-01 4.73364E-01 6.10496E-01 6.44014E-01
 7.20000E-01 3.68032E-01 4.76429E-01 6.13554E-01 6.46630E-01
 7.30000E-01 3.70590E-01 4.79448E-01 6.16560E-01 6.49198E-01
 7.40000E-01 3.73110E-01 4.82423E-01 6.19516E-01 6.51720E-01
 7.50000E-01 3.75593E-01 4.85354E-01 6.22422E-01 6.54197E-01
 7.60000E-01 3.78040E-01 4.88242E-01 6.25280E-01 6.56632E-01
 7.70000E-01 3.80452E-01 4.91087E-01 6.28092E-01 6.59026E-01
 7.80000E-01 3.82828E-01 4.93891E-01 6.30857E-01 6.61380E-01
 7.90000E-01 3.85170E-01 4.96654E-01 6.33578E-01 6.63697E-01
 8.00000E-01 3.87477E-01 4.99377E-01 6.36255E-01 6.65977E-01
 8.10000E-01 3.89752E-01 5.02061E-01 6.38889E-01 6.68222E-01
 8.20000E-01 3.91993E-01 5.04705E-01 6.41482E-01 6.70432E-01
 8.30000E-01 3.94203E-01 5.07312E-01 6.44033E-01 6.72610E-01
 8.40000E-01 3.96380E-01 5.09882E-01 6.46545E-01 6.74754E-01
 8.50000E-01 3.98526E-01 5.12415E-01 6.49017E-01 6.76868E-01
 8.60000E-01 4.00642E-01 5.14911E-01 6.51452E-01 6.78951E-01
 8.70000E-01 4.02727E-01 5.17373E-01 6.53849E-01 6.81004E-01
 8.80000E-01 4.04782E-01 5.19799E-01 6.56209E-01 6.83028E-01
 8.90000E-01 4.06808E-01 5.22191E-01 6.58534E-01 6.85023E-01
 9.00000E-01 4.08805E-01 5.24550E-01 6.60823E-01 6.86991E-01
 9.10000E-01 4.10774E-01 5.26876E-01 6.63079E-01 6.88931E-01
 9.20000E-01 4.12715E-01 5.29169E-01 6.65301E-01 6.90844E-01
 9.30000E-01 4.14629E-01 5.31431E-01 6.67490E-01 6.92732E-01
 9.40000E-01 4.16515E-01 5.33661E-01 6.69646E-01 6.94593E-01
 9.50000E-01 4.18375E-01 5.35860E-01 6.71772E-01 6.96429E-01
 9.60000E-01 4.20209E-01 5.38029E-01 6.73867E-01 6.98241E-01
 9.70000E-01 4.22017E-01 5.40168E-01 6.75931E-01 7.00028E-01
 9.80000E-01 4.23800E-01 5.42279E-01 6.77966E-01 7.01791E-01
 9.90000E-01 4.25559E-01 5.44360E-01 6.79972E-01 7.03531E-01
 1.00000E+00 4.27292E-01 5.46413E-01 6.81950E-01 7.05247E-01
 1.01158E+00 4.29270E-01 5.48756E-01 6.84205E-01 7.07207E-01
 1.02329E+00 4.31239E-01 5.51088E-01 6.86449E-01 7.09159E-01
 1.03514E+00 4.33198E-01 5.53411E-01 6.88683E-01 7.11104E-01
 1.04713E+00 4.35147E-01 5.55723E-01 6.90905E-01 7.13040E-01
 1.05925E+00 4.37086E-01 5.58024E-01 6.93116E-01 7.14968E-01
 1.07152E+00 4.39156E-01 5.60315E-01 6.95316E-01 7.16889E-01
 1.08393E+00 4.41713E-01 5.62594E-01 6.97505E-01 7.18801E-01
 1.09648E+00 4.44245E-01 5.64862E-01 6.99682E-01 7.20704E-01
 1.10917E+00 4.46753E-01 5.67118E-01 7.01847E-01 7.22599E-01
 1.12202E+00 4.49236E-01 5.69363E-01 7.04001E-01 7.24484E-01
 1.13501E+00 4.51695E-01 5.71676E-01 7.06143E-01 7.26361E-01
 1.14815E+00 4.54128E-01 5.74756E-01 7.08274E-01 7.28229E-01
 1.16145E+00 4.56537E-01 5.77804E-01 7.10392E-01 7.30088E-01
 1.17490E+00 4.58920E-01 5.80821E-01 7.12499E-01 7.31937E-01
 1.18850E+00 4.61278E-01 5.83805E-01 7.14594E-01 7.33777E-01
 1.20226E+00 4.63611E-01 5.86757E-01 7.16677E-01 7.35607E-01
 1.21619E+00 4.65918E-01 5.89677E-01 7.18747E-01 7.37428E-01
 1.23027E+00 4.68200E-01 5.92565E-01 7.20806E-01 7.39238E-01
 1.24451E+00 4.70456E-01 5.95420E-01 7.22852E-01 7.41039E-01
 1.25893E+00 4.72686E-01 5.98243E-01 7.24887E-01 7.42830E-01
 1.27350E+00 4.74891E-01 6.01034E-01 7.27251E-01 7.44611E-01
 1.28825E+00 4.77070E-01 6.03792E-01 7.30588E-01 7.46381E-01
 1.30317E+00 4.79223E-01 6.06517E-01 7.33886E-01 7.48637E-01
 1.31826E+00 4.81351E-01 6.09210E-01 7.37145E-01 7.51961E-01
 1.33352E+00 4.83454E-01 6.11871E-01 7.40364E-01 7.55245E-01
 1.34896E+00 4.85531E-01 6.14500E-01 7.43544E-01 7.58490E-01
 1.36458E+00 4.87582E-01 6.17096E-01 7.46686E-01 7.61694E-01
 1.38038E+00 4.89608E-01 6.19660E-01 7.49788E-01 7.64859E-01
 1.39637E+00 4.91608E-01 6.22192E-01 7.52852E-01 7.67984E-01
 1.41254E+00 4.93584E-01 6.24692E-01 7.55877E-01 7.71070E-01
 1.42889E+00 4.95534E-01 6.27160E-01 7.58864E-01 7.74117E-01
 1.44544E+00 4.97459E-01 6.29597E-01 7.61812E-01 7.77124E-01
 1.46218E+00 4.99359E-01 6.32002E-01 7.64722E-01 7.80093E-01
 1.47911E+00 5.01235E-01 6.34375E-01 7.67594E-01 7.83023E-01
 1.49624E+00 5.03086E-01 6.36718E-01 7.70428E-01 7.85914E-01
 1.51356E+00 5.04912E-01 6.39029E-01 7.73225E-01 7.88767E-01
 1.53109E+00 5.06714E-01 6.41310E-01 7.75985E-01 7.91582E-01
 1.54882E+00 5.08491E-01 6.43559E-01 7.78707E-01 7.94359E-01
 1.56675E+00 5.10245E-01 6.45779E-01 7.81393E-01 7.97099E-01
 1.58489E+00 5.11975E-01 6.47968E-01 7.84042E-01 7.99801E-01
 1.60325E+00 5.13681E-01 6.50128E-01 7.86654E-01 8.02466E-01
 1.62181E+00 5.15364E-01 6.52257E-01 7.89231E-01 8.05095E-01
 1.64059E+00 5.17023E-01 6.54358E-01 7.91773E-01 8.07687E-01
 1.65959E+00 5.18660E-01 6.56428E-01 7.94278E-01 8.10243E-01
 1.67880E+00 5.20273E-01 6.58470E-01 7.96749E-01 8.12764E-01
 1.69824E+00 5.21864E-01 6.60484E-01 7.99185E-01 8.15249E-01
 1.71791E+00 5.23432E-01 6.62469E-01 8.01587E-01 8.17699E-01
 1.73780E+00 5.24978E-01 6.64425E-01 8.03955E-01 8.20114E-01
 1.75792E+00 5.26502E-01 6.66354E-01 8.06289E-01 8.22495E-01
 1.77828E+00 5.28005E-01 6.68256E-01 8.08589E-01 8.24842E-01
 1.79887E+00 5.29485E-01 6.70130E-01 8.10857E-01 8.27155E-01
 1.81970E+00 5.30945E-01 6.71977E-01 8.13092E-01 8.29435E-01
 1.84077E+00 5.32383E-01 6.73797E-01 8.15295E-01 8.31682E-01
 1.86209E+00 5.33801E-01 6.75591E-01 8.17466E-01 8.33897E-01
 1.88365E+00 5.35198E-01 6.77359E-01 8.19605E-01 8.36079E-01
 1.90546E+00 5.36574E-01 6.79102E-01 8.21713E-01 8.38229E-01
 1.92752E+00 5.37931E-01 6.80818E-01 8.23790E-01 8.40348E-01
 1.94984E+00 5.39267E-01 6.82510E-01 8.25837E-01 8.42437E-01
 1.97242E+00 5.40584E-01 6.84177E-01 8.27854E-01 8.44494E-01
 1.99526E+00 5.41882E-01 6.85819E-01 8.29841E-01 8.46521E-01
 2.01837E+00 5.43161E-01 6.87438E-01 8.31799E-01 8.48519E-01
 2.04174E+00 5.44420E-01 6.89032E-01 8.33729E-01 8.50487E-01
 2.06538E+00 5.45661E-01 6.90603E-01 8.35629E-01 8.52426E-01
 2.08930E+00 5.46884E-01 6.92150E-01 8.37502E-01 8.54336E-01
 2.11349E+00 5.48089E-01 6.93675E-01 8.39347E-01 8.56218E-01
 2.13796E+00 5.49276E-01 6.95177E-01 8.41165E-01 8.58072E-01
 2.16272E+00 5.50445E-01 6.96657E-01 8.42955E-01 8.59899E-01
 2.18776E+00 5.51597E-01 6.98115E-01 8.44719E-01 8.61698E-01
 2.21309E+00 5.52732E-01 6.99552E-01 8.46457E-01 8.63471E-01
 2.23872E+00 5.53850E-01 7.00967E-01 8.48170E-01 8.65218E-01
 2.26464E+00 5.54952E-01 7.02361E-01 8.49857E-01 8.66939E-01
 2.29087E+00 5.56037E-01 7.03734E-01 8.51518E-01 8.68634E-01
 2.31739E+00 5.57106E-01 7.05087E-01 8.53156E-01 8.70304E-01
 2.34423E+00 5.58159E-01 7.06420E-01 8.54769E-01 8.71950E-01
 2.37137E+00 5.59197E-01 7.07734E-01 8.56358E-01 8.73571E-01
 2.39883E+00 5.60219E-01 7.09028E-01 8.57924E-01 8.75168E-01
 2.42661E+00 5.61227E-01 7.10303E-01 8.59466E-01 8.76741E-01
 2.45471E+00 5.62219E-01 7.11559E-01 8.60986E-01 8.78292E-01
 2.48313E+00 5.63197E-01 7.12796E-01 8.62483E-01 8.79819E-01
 2.51189E+00 5.64160E-01 7.14015E-01 8.63959E-01 8.81324E-01
 2.54097E+00 5.65110E-01 7.15217E-01 8.65412E-01 8.82807E-01
 2.57040E+00 5.66045E-01 7.16401E-01 8.66845E-01 8.84268E-01
 2.60016E+00 5.66967E-01 7.17567E-01 8.68256E-01 8.85708E-01
 2.63027E+00 5.67875E-01 7.18716E-01 8.69647E-01 8.87127E-01
 2.66073E+00 5.68770E-01 7.19849E-01 8.71017E-01 8.88525E-01
 2.69153E+00 5.69651E-01 7.20965E-01 8.72368E-01 8.89902E-01
 2.72270E+00 5.70521E-01 7.22065E-01 8.73699E-01 8.91260E-01
 2.75423E+00 5.71377E-01 7.23149E-01 8.75010E-01 8.92598E-01
 2.78612E+00 5.72221E-01 7.24217E-01 8.76303E-01 8.93917E-01
 2.81838E+00 5.73053E-01 7.25270E-01 8.77577E-01 8.95217E-01
 2.85102E+00 5.73873E-01 7.26308E-01 8.78833E-01 8.96498E-01
 2.88403E+00 5.74681E-01 7.27331E-01 8.80071E-01 8.97760E-01
 2.91743E+00 5.75478E-01 7.28340E-01 8.81291E-01 8.99005E-01
 2.95121E+00 5.76264E-01 7.29334E-01 8.82494E-01 9.00232E-01
 2.98538E+00 5.77038E-01 7.30313E-01 8.83679E-01 9.01441E-01
 3.01995E+00 5.77801E-01 7.31279E-01 8.84848E-01 9.02633E-01
 3.05492E+00 5.78553E-01 7.32232E-01 8.86000E-01 9.03809E-01
 3.09030E+00 5.79295E-01 7.33171E-01 8.87136E-01 9.04968E-01
 3.12608E+00 5.80027E-01 7.34096E-01 8.88257E-01 9.06111E-01
 3.16228E+00 5.80748E-01 7.35009E-01 8.89361E-01 9.07237E-01
 3.19890E+00 5.81459E-01 7.35909E-01 8.90450E-01 9.08348E-01
 3.23594E+00 5.82161E-01 7.36797E-01 8.91525E-01 9.09444E-01
 3.27341E+00 5.82852E-01 7.37673E-01 8.92584E-01 9.10525E-01
 3.31131E+00 5.83535E-01 7.38536E-01 8.93628E-01 9.11590E-01
 3.34965E+00 5.84207E-01 7.39387E-01 8.94659E-01 9.12641E-01
 3.38844E+00 5.84871E-01 7.40227E-01 8.95675E-01 9.13678E-01
 3.42768E+00 5.85526E-01 7.41056E-01 8.96677E-01 9.14701E-01
 3.46737E+00 5.86171E-01 7.41873E-01 8.97666E-01 9.15709E-01
 3.50752E+00 5.86808E-01 7.42679E-01 8.98642E-01 9.16704E-01
 3.54813E+00 5.87437E-01 7.43475E-01 8.99604E-01 9.17686E-01
 3.58922E+00 5.88057E-01 7.44259E-01 9.00554E-01 9.18655E-01
 3.63078E+00 5.88668E-01 7.45033E-01 9.01490E-01 9.19610E-01
 3.67282E+00 5.89272E-01 7.45797E-01 9.02415E-01 9.20553E-01
 3.71535E+00 5.89868E-01 7.46551E-01 9.03327E-01 9.21484E-01
 3.75837E+00 5.90455E-01 7.47295E-01 9.04227E-01 9.22402E-01
 3.80189E+00 5.91035E-01 7.48029E-01 9.05115E-01 9.23308E-01
 3.84592E+00 5.91608E-01 7.48754E-01 9.05992E-01 9.24202E-01
 3.89045E+00 5.92173E-01 7.49469E-01 9.06857E-01 9.25085E-01
 3.93550E+00 5.92730E-01 7.50175E-01 9.07711E-01 9.25956E-01
 3.98107E+00 5.93281E-01 7.50871E-01 9.08554E-01 9.26816E-01
 4.02717E+00 5.93824E-01 7.51559E-01 9.09386E-01 9.27665E-01
 4.07380E+00 5.94361E-01 7.52238E-01 9.10208E-01 9.28503E-01
 4.12098E+00 5.94890E-01 7.52908E-01 9.11019E-01 9.29330E-01
 4.16869E+00 5.95413E-01 7.53570E-01 9.11819E-01 9.30147E-01
 4.21697E+00 5.95929E-01 7.54223E-01 9.12610E-01 9.30953E-01
 4.26580E+00 5.96439E-01 7.54868E-01 9.13390E-01 9.31749E-01
 4.31519E+00 5.96942E-01 7.55505E-01 9.14161E-01 9.32536E-01
 4.36516E+00 5.97439E-01 7.56134E-01 9.14922E-01 9.33312E-01
 4.41570E+00 5.97930E-01 7.56755E-01 9.15674E-01 9.34079E-01
 4.46684E+00 5.98415E-01 7.57368E-01 9.16416E-01 9.34836E-01
 4.51856E+00 5.98893E-01 7.57974E-01 9.17149E-01 9.35584E-01
 4.57088E+00 5.99366E-01 7.58573E-01 9.17873E-01 9.36322E-01
 4.62381E+00 5.99833E-01 7.59164E-01 9.18588E-01 9.37052E-01
 4.67735E+00 6.00294E-01 7.59747E-01 9.19294E-01 9.37772E-01
 4.73151E+00 6.00750E-01 7.60324E-01 9.19992E-01 9.38484E-01
 4.78630E+00 6.01200E-01 7.60893E-01 9.20681E-01 9.39187E-01
 4.84172E+00 6.01644E-01 7.61456E-01 9.21362E-01 9.39881E-01
 4.89779E+00 6.02083E-01 7.62012E-01 9.22034E-01 9.40567E-01
 4.95450E+00 6.02517E-01 7.62561E-01 9.22699E-01 9.41245E-01
 5.01187E+00 6.02946E-01 7.63103E-01 9.23355E-01 9.41915E-01
 5.06991E+00 6.03369E-01 7.63639E-01 9.24004E-01 9.42576E-01
 5.12861E+00 6.03788E-01 7.64169E-01 9.24645E-01 9.43230E-01
 5.18800E+00 6.04201E-01 7.64692E-01 9.25278E-01 9.43876E-01
 5.24807E+00 6.04610E-01 7.65209E-01 9.25903E-01 9.44514E-01
 5.30884E+00 6.05014E-01 7.65720E-01 9.26522E-01 9.45145E-01
 5.37032E+00 6.05412E-01 7.66225E-01 9.27132E-01 9.45768E-01
 5.43250E+00 6.05807E-01 7.66724E-01 9.27736E-01 9.46384E-01
 5.49541E+00 6.06196E-01 7.67217E-01 9.28333E-01 9.46992E-01
 5.55904E+00 6.06581E-01 7.67704E-01 9.28922E-01 9.47594E-01
 5.62341E+00 6.06962E-01 7.68186E-01 9.29505E-01 9.48188E-01
 5.68853E+00 6.07338E-01 7.68662E-01 9.30081E-01 9.48775E-01
 5.75440E+00 6.07709E-01 7.69132E-01 9.30650E-01 9.49356E-01
 5.82103E+00 6.08077E-01 7.69597E-01 9.31212E-01 9.49930E-01
 5.88844E+00 6.08440E-01 7.70056E-01 9.31768E-01 9.50497E-01
 5.95662E+00 6.08798E-01 7.70510E-01 9.32318E-01 9.51057E-01
 6.02560E+00 6.09153E-01 7.70959E-01 9.32861E-01 9.51611E-01
 6.09537E+00 6.09504E-01 7.71403E-01 9.33398E-01 9.52159E-01
 6.16595E+00 6.09850E-01 7.71842E-01 9.33928E-01 9.52700E-01
 6.23735E+00 6.10193E-01 7.72275E-01 9.34453E-01 9.53235E-01
 6.30957E+00 6.10531E-01 7.72704E-01 9.34971E-01 9.53764E-01
 6.38263E+00 6.10866E-01 7.73127E-01 9.35484E-01 9.54287E-01
 6.45654E+00 6.11197E-01 7.73546E-01 9.35990E-01 9.54804E-01
 6.53131E+00 6.11524E-01 7.73960E-01 9.36491E-01 9.55315E-01
 6.60693E+00 6.11847E-01 7.74369E-01 9.36986E-01 9.55820E-01
 6.68344E+00 6.12167E-01 7.74773E-01 9.37476E-01 9.56319E-01
 6.76083E+00 6.12483E-01 7.75173E-01 9.37960E-01 9.56813E-01
 6.83912E+00 6.12795E-01 7.75569E-01 9.38438E-01 9.57301E-01
 6.91831E+00 6.13104E-01 7.75959E-01 9.38911E-01 9.57783E-01
 6.99842E+00 6.13409E-01 7.76346E-01 9.39378E-01 9.58260E-01
 7.07946E+00 6.13711E-01 7.76728E-01 9.39840E-01 9.58731E-01
 7.16143E+00 6.14009E-01 7.77105E-01 9.40297E-01 9.59197E-01
 7.24436E+00 6.14304E-01 7.77479E-01 9.40749E-01 9.59658E-01
 7.32825E+00 6.14596E-01 7.77848E-01 9.41196E-01 9.60114E-01
 7.41310E+00 6.14884E-01 7.78212E-01 9.41637E-01 9.60564E-01
 7.49894E+00 6.15169E-01 7.78573E-01 9.42074E-01 9.61009E-01
 7.58578E+00 6.15451E-01 7.78930E-01 9.42505E-01 9.61450E-01
 7.67361E+00 6.15729E-01 7.79282E-01 9.42932E-01 9.61885E-01
 7.76247E+00 6.16005E-01 7.79631E-01 9.43354E-01 9.62315E-01
 7.85236E+00 6.16277E-01 7.79976E-01 9.43771E-01 9.62740E-01
 7.94328E+00 6.16546E-01 7.80317E-01 9.44183E-01 9.63161E-01
 8.03526E+00 6.16813E-01 7.80653E-01 9.44591E-01 9.63577E-01
 8.12831E+00 6.17076E-01 7.80987E-01 9.44994E-01 9.63988E-01
 8.22243E+00 6.17336E-01 7.81316E-01 9.45392E-01 9.64395E-01
 8.31764E+00 6.17593E-01 7.81641E-01 9.45786E-01 9.64796E-01
 8.41395E+00 6.17848E-01 7.81963E-01 9.46176E-01 9.65194E-01
 8.51138E+00 6.18099E-01 7.82282E-01 9.46561E-01 9.65587E-01
 8.60994E+00 6.18348E-01 7.82596E-01 9.46942E-01 9.65975E-01
 8.70964E+00 6.18594E-01 7.82908E-01 9.47318E-01 9.66359E-01
 8.81049E+00 6.18837E-01 7.83215E-01 9.47690E-01 9.66739E-01
 8.91251E+00 6.19077E-01 7.83519E-01 9.48058E-01 9.67114E-01
 9.01571E+00 6.19315E-01 7.83820E-01 9.48422E-01 9.67486E-01
 9.12011E+00 6.19550E-01 7.84117E-01 9.48782E-01 9.67853E-01
 9.22571E+00 6.19782E-01 7.84411E-01 9.49138E-01 9.68215E-01
 9.33254E+00 6.20011E-01 7.84702E-01 9.49489E-01 9.68574E-01
 9.44061E+00 6.20239E-01 7.84989E-01 9.49837E-01 9.68929E-01
 9.54993E+00 6.20463E-01 7.85273E-01 9.50181E-01 9.69280E-01
 9.66051E+00 6.20685E-01 7.85554E-01 9.50521E-01 9.69626E-01
 9.77237E+00 6.20904E-01 7.85832E-01 9.50857E-01 9.69969E-01
 9.88553E+00 6.21121E-01 7.86107E-01 9.51189E-01 9.70308E-01
 1.00000E+01 6.21336E-01 7.86378E-01 9.51518E-01 9.70643E-01
 1.01158E+01 6.21548E-01 7.86647E-01 9.51843E-01 9.70975E-01
 1.02329E+01 6.21758E-01 7.86912E-01 9.52164E-01 9.71302E-01
 1.03514E+01 6.21965E-01 7.87175E-01 9.52481E-01 9.71626E-01
 1.04713E+01 6.22170E-01 7.87434E-01 9.52795E-01 9.71946E-01
 1.05925E+01 6.22373E-01 7.87691E-01 9.53106E-01 9.72263E-01
 1.07152E+01 6.22573E-01 7.87944E-01 9.53412E-01 9.72576E-01
 1.08393E+01 6.22771E-01 7.88195E-01 9.53716E-01 9.72886E-01
 1.09648E+01 6.22967E-01 7.88443E-01 9.54016E-01 9.73192E-01
 1.10917E+01 6.23161E-01 7.88688E-01 9.54312E-01 9.73494E-01
 1.12202E+01 6.23352E-01 7.88930E-01 9.54606E-01 9.73793E-01
 1.13501E+01 6.23542E-01 7.89170E-01 9.54896E-01 9.74089E-01
 1.14815E+01 6.23729E-01 7.89407E-01 9.55182E-01 9.74381E-01
 1.16145E+01 6.23914E-01 7.89641E-01 9.55466E-01 9.74671E-01
 1.17490E+01 6.24097E-01 7.89873E-01 9.55746E-01 9.74956E-01
 1.18850E+01 6.24278E-01 7.90102E-01 9.56023E-01 9.75239E-01
 1.20226E+01 6.24457E-01 7.90328E-01 9.56297E-01 9.75518E-01
 1.21619E+01 6.24634E-01 7.90552E-01 9.56568E-01 9.75795E-01
 1.23027E+01 6.24808E-01 7.90773E-01 9.56835E-01 9.76068E-01
 1.24451E+01 6.24981E-01 7.90992E-01 9.57100E-01 9.76338E-01
 1.25893E+01 6.25152E-01 7.91208E-01 9.57362E-01 9.76605E-01
 1.27350E+01 6.25321E-01 7.91422E-01 9.57621E-01 9.76869E-01
 1.28825E+01 6.25488E-01 7.91634E-01 9.57877E-01 9.77130E-01
 1.30317E+01 6.25653E-01 7.91843E-01 9.58130E-01 9.77388E-01
 1.31826E+01 6.25817E-01 7.92049E-01 9.58380E-01 9.77643E-01
 1.33352E+01 6.25978E-01 7.92254E-01 9.58627E-01 9.77895E-01
 1.34896E+01 6.26138E-01 7.92456E-01 9.58871E-01 9.78145E-01
 1.36458E+01 6.26296E-01 7.92655E-01 9.59113E-01 9.78391E-01
 1.38038E+01 6.26452E-01 7.92853E-01 9.59352E-01 9.78635E-01
 1.39637E+01 6.26606E-01 7.93048E-01 9.59588E-01 9.78876E-01
 1.41254E+01 6.26758E-01 7.93241E-01 9.59822E-01 9.79114E-01
 1.42889E+01 6.26909E-01 7.93432E-01 9.60053E-01 9.79350E-01
 1.44544E+01 6.27058E-01 7.93621E-01 9.60281E-01 9.79583E-01
 1.46218E+01 6.27206E-01 7.93807E-01 9.60507E-01 9.79813E-01
 1.47911E+01 6.27351E-01 7.93992E-01 9.60730E-01 9.80041E-01
 1.49624E+01 6.27495E-01 7.94174E-01 9.60951E-01 9.80266E-01
 1.51356E+01 6.27638E-01 7.94354E-01 9.61169E-01 9.80488E-01
 1.53109E+01 6.27779E-01 7.94532E-01 9.61384E-01 9.80708E-01
 1.54882E+01 6.27918E-01 7.94709E-01 9.61598E-01 9.80926E-01
 1.56675E+01 6.28056E-01 7.94883E-01 9.61808E-01 9.81141E-01
 1.58489E+01 6.28192E-01 7.95055E-01 9.62017E-01 9.81353E-01
 1.60325E+01 6.28326E-01 7.95225E-01 9.62223E-01 9.81563E-01
 1.62181E+01 6.28459E-01 7.95394E-01 9.62426E-01 9.81771E-01
 1.64059E+01 6.28591E-01 7.95560E-01 9.62628E-01 9.81977E-01
 1.65959E+01 6.28721E-01 7.95725E-01 9.62827E-01 9.82180E-01
 1.67880E+01 6.28849E-01 7.95887E-01 9.63024E-01 9.82381E-01
 1.69824E+01 6.28976E-01 7.96048E-01 9.63218E-01 9.82579E-01
 1.71791E+01 6.29102E-01 7.96207E-01 9.63411E-01 9.82775E-01
 1.73780E+01 6.29226E-01 7.96365E-01 9.63601E-01 9.82969E-01
 1.75792E+01 6.29349E-01 7.96520E-01 9.63789E-01 9.83161E-01
 1.77828E+01 6.29471E-01 7.96674E-01 9.63975E-01 9.83351E-01
 1.79887E+01 6.29591E-01 7.96826E-01 9.64159E-01 9.83539E-01
 1.81970E+01 6.29709E-01 7.96976E-01 9.64341E-01 9.83724E-01
 1.84077E+01 6.29827E-01 7.97124E-01 9.64520E-01 9.83907E-01
 1.86209E+01 6.29943E-01 7.97271E-01 9.64698E-01 9.84088E-01
 1.88365E+01 6.30057E-01 7.97416E-01 9.64874E-01 9.84268E-01
 1.90546E+01 6.30171E-01 7.97560E-01 9.65047E-01 9.84445E-01
 1.92752E+01 6.30283E-01 7.97702E-01 9.65219E-01 9.84620E-01
 1.94984E+01 6.30394E-01 7.97842E-01 9.65389E-01 9.84793E-01
 1.97242E+01 6.30503E-01 7.97980E-01 9.65556E-01 9.84964E-01
 1.99526E+01 6.30611E-01 7.98118E-01 9.65722E-01 9.85133E-01
 2.01837E+01 6.30718E-01 7.98253E-01 9.65886E-01 9.85300E-01
 2.04174E+01 6.30824E-01 7.98387E-01 9.66048E-01 9.85466E-01
 2.06538E+01 6.30929E-01 7.98519E-01 9.66209E-01 9.85629E-01
 2.08930E+01 6.31032E-01 7.98650E-01 9.66367E-01 9.85791E-01
 2.11349E+01 6.31135E-01 7.98780E-01 9.66524E-01 9.85951E-01
 2.13796E+01 6.31236E-01 7.98908E-01 9.66679E-01 9.86109E-01
 2.16272E+01 6.31336E-01 7.99034E-01 9.66832E-01 9.86265E-01
 2.18776E+01 6.31435E-01 7.99160E-01 9.66983E-01 9.86419E-01
 2.21309E+01 6.31532E-01 7.99283E-01 9.67133E-01 9.86572E-01
 2.23872E+01 6.31629E-01 7.99405E-01 9.67281E-01 9.86723E-01
 2.26464E+01 6.31725E-01 7.99526E-01 9.67427E-01 9.86872E-01
 2.29087E+01 6.31819E-01 7.99646E-01 9.67571E-01 9.87020E-01
 2.31739E+01 6.31912E-01 7.99764E-01 9.67714E-01 9.87166E-01
 2.34423E+01 6.32005E-01 7.99881E-01 9.67856E-01 9.87310E-01
 2.37137E+01 6.32096E-01 7.99996E-01 9.67995E-01 9.87452E-01
 2.39883E+01 6.32186E-01 8.00110E-01 9.68134E-01 9.87593E-01
 2.42661E+01 6.32275E-01 8.00223E-01 9.68270E-01 9.87732E-01
 2.45471E+01 6.32363E-01 8.00335E-01 9.68405E-01 9.87870E-01
 2.48313E+01 6.32451E-01 8.00445E-01 9.68539E-01 9.88006E-01
 2.51189E+01 6.32537E-01 8.00554E-01 9.68671E-01 9.88141E-01
 2.54097E+01 6.32622E-01 8.00662E-01 9.68801E-01 9.88274E-01
 2.57040E+01 6.32706E-01 8.00769E-01 9.68930E-01 9.88406E-01
 2.60016E+01 6.32789E-01 8.00874E-01 9.69058E-01 9.88536E-01
 2.63027E+01 6.32872E-01 8.00978E-01 9.69184E-01 9.88664E-01
 2.66073E+01 6.32953E-01 8.01081E-01 9.69308E-01 9.88791E-01
 2.69153E+01 6.33033E-01 8.01183E-01 9.69431E-01 9.88917E-01
 2.72270E+01 6.33113E-01 8.01284E-01 9.69553E-01 9.89041E-01
 2.75423E+01 6.33192E-01 8.01383E-01 9.69674E-01 9.89164E-01
 2.78612E+01 6.33269E-01 8.01482E-01 9.69793E-01 9.89285E-01
 2.81838E+01 6.33346E-01 8.01579E-01 9.69910E-01 9.89406E-01
 2.85102E+01 6.33422E-01 8.01675E-01 9.70027E-01 9.89524E-01
 2.88403E+01 6.33497E-01 8.01770E-01 9.70142E-01 9.89642E-01
 2.91743E+01 6.33572E-01 8.01864E-01 9.70255E-01 9.89758E-01
 2.95121E+01 6.33645E-01 8.01957E-01 9.70368E-01 9.89872E-01
 2.98538E+01 6.33717E-01 8.02049E-01 9.70479E-01 9.89986E-01
 3.01995E+01 6.33789E-01 8.02139E-01 9.70589E-01 9.90098E-01
 3.05492E+01 6.33860E-01 8.02229E-01 9.70697E-01 9.90208E-01
 3.09030E+01 6.33930E-01 8.02318E-01 9.70805E-01 9.90318E-01
 3.12608E+01 6.34000E-01 8.02406E-01 9.70911E-01 9.90426E-01
 3.16228E+01 6.34068E-01 8.02492E-01 9.71016E-01 9.90533E-01
 3.19890E+01 6.34136E-01 8.02578E-01 9.71120E-01 9.90639E-01
 3.23594E+01 6.34203E-01 8.02663E-01 9.71222E-01 9.90744E-01
 3.27341E+01 6.34269E-01 8.02747E-01 9.71324E-01 9.90847E-01
 3.31131E+01 6.34334E-01 8.02830E-01 9.71424E-01 9.90949E-01
 3.34965E+01 6.34399E-01 8.02911E-01 9.71523E-01 9.91051E-01
 3.38844E+01 6.34463E-01 8.02992E-01 9.71621E-01 9.91150E-01
 3.42768E+01 6.34526E-01 8.03072E-01 9.71718E-01 9.91249E-01
 3.46737E+01 6.34589E-01 8.03152E-01 9.71813E-01 9.91347E-01
 3.50752E+01 6.34651E-01 8.03230E-01 9.71908E-01 9.91443E-01
 3.54813E+01 6.34712E-01 8.03307E-01 9.72002E-01 9.91539E-01
 3.58922E+01 6.34772E-01 8.03384E-01 9.72094E-01 9.91633E-01
 3.63078E+01 6.34832E-01 8.03459E-01 9.72186E-01 9.91727E-01
 3.67282E+01 6.34891E-01 8.03534E-01 9.72276E-01 9.91819E-01
 3.71535E+01 6.34949E-01 8.03608E-01 9.72365E-01 9.91910E-01
 3.75837E+01 6.35007E-01 8.03681E-01 9.72454E-01 9.92000E-01
 3.80189E+01 6.35064E-01 8.03753E-01 9.72541E-01 9.92089E-01
 3.84592E+01 6.35121E-01 8.03824E-01 9.72628E-01 9.92177E-01
 3.89045E+01 6.35176E-01 8.03895E-01 9.72713E-01 9.92264E-01
 3.93550E+01 6.35231E-01 8.03965E-01 9.72797E-01 9.92351E-01
 3.98107E+01 6.35286E-01 8.04034E-01 9.72881E-01 9.92436E-01
 4.02717E+01 6.35340E-01 8.04102E-01 9.72963E-01 9.92520E-01
 4.07380E+01 6.35393E-01 8.04169E-01 9.73045E-01 9.92603E-01
 4.12098E+01 6.35446E-01 8.04236E-01 9.73125E-01 9.92685E-01
 4.16869E+01 6.35498E-01 8.04302E-01 9.73205E-01 9.92767E-01
 4.21697E+01 6.35549E-01 8.04367E-01 9.73284E-01 9.92847E-01
 4.26580E+01 6.35600E-01 8.04431E-01 9.73362E-01 9.92926E-01
 4.31519E+01 6.35650E-01 8.04495E-01 9.73439E-01 9.93005E-01
 4.36516E+01 6.35700E-01 8.04558E-01 9.73515E-01 9.93083E-01
 4.41570E+01 6.35749E-01 8.04620E-01 9.73590E-01 9.93159E-01
 4.46684E+01 6.35798E-01 8.04681E-01 9.73665E-01 9.93235E-01
 4.51856E+01 6.35846E-01 8.04742E-01 9.73738E-01 9.93310E-01
 4.57088E+01 6.35893E-01 8.04802E-01 9.73811E-01 9.93384E-01
 4.62381E+01 6.35940E-01 8.04862E-01 9.73883E-01 9.93458E-01
 4.67735E+01 6.35987E-01 8.04920E-01 9.73954E-01 9.93530E-01
 4.73151E+01 6.36032E-01 8.04978E-01 9.74024E-01 9.93602E-01
 4.78630E+01 6.36078E-01 8.05036E-01 9.74093E-01 9.93673E-01
 4.84172E+01 6.36123E-01 8.05093E-01 9.74162E-01 9.93743E-01
 4.89779E+01 6.36167E-01 8.05149E-01 9.74230E-01 9.93812E-01
 4.95450E+01 6.36211E-01 8.05204E-01 9.74297E-01 9.93880E-01
 5.01187E+01 6.36254E-01 8.05259E-01 9.74363E-01 9.93948E-01
 5.06991E+01 6.36297E-01 8.05313E-01 9.74429E-01 9.94015E-01
 5.12861E+01 6.36339E-01 8.05367E-01 9.74494E-01 9.94081E-01
 5.18800E+01 6.36381E-01 8.05420E-01 9.74558E-01 9.94146E-01
 5.24807E+01 6.36422E-01 8.05472E-01 9.74621E-01 9.94211E-01
 5.30884E+01 6.36463E-01 8.05524E-01 9.74684E-01 9.94275E-01
 5.37032E+01 6.36504E-01 8.05575E-01 9.74746E-01 9.94338E-01
 5.43250E+01 6.36544E-01 8.05626E-01 9.74807E-01 9.94401E-01
 5.49541E+01 6.36583E-01 8.05676E-01 9.74867E-01 9.94462E-01
 5.55904E+01 6.36622E-01 8.05725E-01 9.74927E-01 9.94523E-01
 5.62341E+01 6.36661E-01 8.05774E-01 9.74986E-01 9.94584E-01
 5.68853E+01 6.36699E-01 8.05822E-01 9.75045E-01 9.94643E-01
 5.75440E+01 6.36737E-01 8.05870E-01 9.75103E-01 9.94702E-01
 5.82103E+01 6.36774E-01 8.05917E-01 9.75160E-01 9.94760E-01
 5.88844E+01 6.36811E-01 8.05964E-01 9.75216E-01 9.94818E-01
 5.95662E+01 6.36847E-01 8.06010E-01 9.75272E-01 9.94875E-01
 6.02560E+01 6.36883E-01 8.06056E-01 9.75327E-01 9.94931E-01
 6.09537E+01 6.36919E-01 8.06101E-01 9.75382E-01 9.94987E-01
 6.16595E+01 6.36954E-01 8.06145E-01 9.75436E-01 9.95042E-01
 6.23735E+01 6.36989E-01 8.06189E-01 9.75489E-01 9.95096E-01
 6.30957E+01 6.37024E-01 8.06233E-01 9.75542E-01 9.95150E-01
 6.38263E+01 6.37058E-01 8.06276E-01 9.75594E-01 9.95203E-01
 6.45654E+01 6.37091E-01 8.06319E-01 9.75645E-01 9.95256E-01
 6.53131E+01 6.37124E-01 8.06361E-01 9.75696E-01 9.95308E-01
 6.60693E+01 6.37157E-01 8.06402E-01 9.75747E-01 9.95359E-01
 6.68344E+01 6.37190E-01 8.06443E-01 9.75797E-01 9.95410E-01
 6.76083E+01 6.37222E-01 8.06484E-01 9.75846E-01 9.95460E-01
 6.83912E+01 6.37254E-01 8.06524E-01 9.75894E-01 9.95510E-01
 6.91831E+01 6.37285E-01 8.06564E-01 9.75942E-01 9.95559E-01
 6.99842E+01 6.37316E-01 8.06603E-01 9.75990E-01 9.95607E-01
 7.07946E+01 6.37347E-01 8.06642E-01 9.76037E-01 9.95655E-01
 7.16143E+01 6.37377E-01 8.06681E-01 9.76083E-01 9.95703E-01
 7.24436E+01 6.37407E-01 8.06719E-01 9.76129E-01 9.95750E-01
 7.32825E+01 6.37437E-01 8.06756E-01 9.76175E-01 9.95796E-01
 7.41310E+01 6.37466E-01 8.06793E-01 9.76220E-01 9.95842E-01
 7.49894E+01 6.37495E-01 8.06830E-01 9.76264E-01 9.95887E-01
 7.58578E+01 6.37524E-01 8.06866E-01 9.76308E-01 9.95932E-01
 7.67361E+01 6.37552E-01 8.06902E-01 9.76351E-01 9.95976E-01
 7.76247E+01 6.37580E-01 8.06937E-01 9.76394E-01 9.96020E-01
 7.85236E+01 6.37608E-01 8.06972E-01 9.76437E-01 9.96063E-01
 7.94328E+01 6.37635E-01 8.07007E-01 9.76478E-01 9.96106E-01
 8.03526E+01 6.37662E-01 8.07041E-01 9.76520E-01 9.96148E-01
 8.12831E+01 6.37689E-01 8.07075E-01 9.76561E-01 9.96190E-01
 8.22243E+01 6.37715E-01 8.07109E-01 9.76601E-01 9.96231E-01
 8.31764E+01 6.37742E-01 8.07142E-01 9.76641E-01 9.96272E-01
 8.41395E+01 6.37767E-01 8.07174E-01 9.76681E-01 9.96312E-01
 8.51138E+01 6.37793E-01 8.07207E-01 9.76720E-01 9.96352E-01
 8.60994E+01 6.37818E-01 8.07239E-01 9.76759E-01 9.96391E-01
 8.70964E+01 6.37843E-01 8.07270E-01 9.76797E-01 9.96430E-01
 8.81049E+01 6.37868E-01 8.07301E-01 9.76835E-01 9.96469E-01
 8.91251E+01 6.37892E-01 8.07332E-01 9.76872E-01 9.96507E-01
 9.01571E+01 6.37916E-01 8.07363E-01 9.76909E-01 9.96545E-01
 9.12011E+01 6.37940E-01 8.07393E-01 9.76945E-01 9.96582E-01
 9.22571E+01 6.37964E-01 8.07423E-01 9.76981E-01 9.96619E-01
 9.33254E+01 6.37987E-01 8.07452E-01 9.77017E-01 9.96655E-01
 9.44061E+01 6.38010E-01 8.07481E-01 9.77052E-01 9.96691E-01
 9.54993E+01 6.38033E-01 8.07510E-01 9.77087E-01 9.96727E-01
 9.66051E+01 6.38055E-01 8.07539E-01 9.77122E-01 9.96762E-01
 9.77237E+01 6.38077E-01 8.07567E-01 9.77156E-01 9.96797E-01
 9.88553E+01 6.38099E-01 8.07595E-01 9.77189E-01 9.96831E-01
 1.00000E+02 6.38121E-01 8.07622E-01 9.77223E-01 9.96865E-01
