 1.00000E-02 7.27472E-02 1.00484E-01 1.34965E-01 1.39641E-01
 2.00000E-02 7.81582E-02 1.08417E-01 1.46941E-01 1.52315E-01
 3.00000E-02 8.39450E-02 1.16824E-01 1.59722E-01 1.65918E-01
 4.00000E-02 9.00327E-02 1.25599E-01 1.73179E-01 1.80343E-01
 5.00000E-02 9.63628E-02 1.34653E-01 1.87165E-01 1.95472E-01
 6.00000E-02 1.02884E-01 1.43903E-01 2.01525E-01 2.11187E-01
 7.00000E-02 1.09551E-01 1.53277E-01 2.16108E-01 2.27369E-01
 8.00000E-02 1.16324E-01 1.62717E-01 2.30764E-01 2.43899E-01
 9.00000E-02 1.23172E-01 1.72177E-01 2.45362E-01 2.60660E-01
 1.00000E-01 1.30066E-01 1.81618E-01 2.59794E-01 2.77534E-01
 1.10000E-01 1.36985E-01 1.91010E-01 2.73976E-01 2.94396E-01
 1.20000E-01 1.43908E-01 2.00330E-01 2.87850E-01 3.11093E-01
 1.30000E-01 1.50820E-01 2.09562E-01 3.01379E-01 3.27436E-01
 1.40000E-01 1.57709E-01 2.18691E-01 3.14542E-01 3.43256E-01
 1.50000E-01 1.64562E-01 2.27708E-01 3.27330E-01 3.58467E-01
 1.60000E-01 1.71371E-01 2.36606E-01 3.39743E-01 3.73052E-01
 1.70000E-01 1.78128E-01 2.45378E-01 3.51785E-01 3.87028E-01
 1.80000E-01 1.84826E-01 2.54021E-01 3.63465E-01 4.00420E-01
 1.90000E-01 1.91460E-01 2.62532E-01 3.74794E-01 4.13258E-01
 2.00000E-01 1.98024E-01 2.70910E-01 3.85784E-01 4.25572E-01
 2.10000E-01 2.04517E-01 2.79154E-01 3.96447E-01 4.37392E-01
 2.20000E-01 2.10932E-01 2.87262E-01 4.06795E-01 4.48746E-01
 2.30000E-01 2.17269E-01 2.95236E-01 4.16842E-01 4.59659E-01
 2.40000E-01 2.23525E-01 3.03075E-01 4.26600E-01 4.70157E-01
 2.50000E-01 2.29698E-01 3.10781E-01 4.36079E-01 4.80263E-01
 2.60000E-01 2.35786E-01 3.18354E-01 4.45293E-01 4.89998E-01
 2.70000E-01 2.41789E-01 3.25796E-01 4.54252E-01 4.99382E-01
 2.80000E-01 2.47705E-01 3.33108E-01 4.62967E-01 5.08435E-01
 2.90000E-01 2.53535E-01 3.40291E-01 4.71446E-01 5.17172E-01
 3.00000E-01 2.59278E-01 3.47347E-01 4.79702E-01 5.25612E-01
 3.10000E-01 2.64933E-01 3.54279E-01 4.87740E-01 5.33769E-01
 3.20000E-01 2.70502E-01 3.61087E-01 4.95572E-01 5.41657E-01
 3.30000E-01 2.75983E-01 3.67774E-01 5.03205E-01 5.49289E-01
 3.40000E-01 2.81378E-01 3.74341E-01 5.10646E-01 5.56678E-01
 3.50000E-01 2.86687E-01 3.80791E-01 5.17903E-01 5.63836E-01
 3.60000E-01 2.91911E-01 3.87125E-01 5.24982E-01 5.70774E-01
 3.70000E-01 2.97049E-01 3.93346E-01 5.31891E-01 5.77501E-01
 3.80000E-01 3.02104E-01 3.99456E-01 5.38635E-01 5.84028E-01
 3.90000E-01 3.07076E-01 4.05456E-01 5.45221E-01 5.90363E-01
 4.00000E-01 3.11965E-01 4.11348E-01 5.51654E-01 5.96515E-01
 4.10000E-01 3.16773E-01 4.17135E-01 5.57939E-01 6.02493E-01
 4.20000E-01 3.21501E-01 4.22819E-01 5.64082E-01 6.08303E-01
 4.30000E-01 3.26150E-01 4.28400E-01 5.70087E-01 6.13954E-01
 4.40000E-01 3.30720E-01 4.33883E-01 5.75959E-01 6.19451E-01
 4.50000E-01 3.35214E-01 4.39267E-01 5.81703E-01 6.24802E-01
 4.60000E-01 3.39631E-01 4.44556E-01 5.87322E-01 6.30012E-01
 4.70000E-01 3.43973E-01 4.49751E-01 5.92820E-01 6.35087E-01
 4.80000E-01 3.48242E-01 4.54853E-01 5.98202E-01 6.40033E-01
 4.90000E-01 3.52438E-01 4.59866E-01 6.03471E-01 6.44854E-01
 5.00000E-01 3.56562E-01 4.64790E-01 6.08630E-01 6.49557E-01
 5.10000E-01 3.60616E-01 4.69627E-01 6.13683E-01 6.54145E-01
 5.20000E-01 3.64601E-01 4.74380E-01 6.18633E-01 6.58623E-01
 5.30000E-01 3.68518E-01 4.79049E-01 6.23483E-01 6.62996E-01
 5.40000E-01 3.72367E-01 4.83636E-01 6.28236E-01 6.67267E-01
 5.50000E-01 3.76150E-01 4.88143E-01 6.32894E-01 6.71441E-01
 5.60000E-01 3.79869E-01 4.92572E-01 6.37461E-01 6.75521E-01
 5.70000E-01 3.83524E-01 4.96924E-01 6.41939E-01 6.79510E-01
 5.80000E-01 3.87116E-01 5.01201E-01 6.46331E-01 6.83413E-01
 5.90000E-01 3.90647E-01 5.05404E-01 6.50638E-01 6.87233E-01
 6.00000E-01 3.94117E-01 5.09534E-01 6.54864E-01 6.90973E-01
 6.10000E-01 3.97528E-01 5.13594E-01 6.59010E-01 6.94635E-01
 6.20000E-01 4.00881E-01 5.17584E-01 6.63078E-01 6.98224E-01
 6.30000E-01 4.04176E-01 5.21506E-01 6.67071E-01 7.01741E-01
 6.40000E-01 4.07414E-01 5.25361E-01 6.70991E-01 7.05190E-01
 6.50000E-01 4.10598E-01 5.29151E-01 6.74839E-01 7.08573E-01
 6.60000E-01 4.13726E-01 5.32876E-01 6.78617E-01 7.11892E-01
 6.70000E-01 4.16802E-01 5.36538E-01 6.82328E-01 7.15150E-01
 6.80000E-01 4.19825E-01 5.40139E-01 6.85972E-01 7.18350E-01
 6.90000E-01 4.22796E-01 5.43679E-01 6.89552E-01 7.21492E-01
 7.00000E-01 4.25717E-01 5.47160E-01 6.93068E-01 7.24580E-01
 7.10000E-01 4.28588E-01 5.50583E-01 6.96524E-01 7.27614E-01
 7.20000E-01 4.31411E-01 5.53948E-01 6.99919E-01 7.30598E-01
 7.30000E-01 4.34185E-01 5.57257E-01 7.03256E-01 7.33531E-01
 7.40000E-01 4.36913E-01 5.60512E-01 7.06536E-01 7.36416E-01
 7.50000E-01 4.39594E-01 5.63713E-01 7.09760E-01 7.39254E-01
 7.60000E-01 4.42230E-01 5.66860E-01 7.12930E-01 7.42046E-01
 7.70000E-01 4.44822E-01 5.69956E-01 7.16047E-01 7.44793E-01
 7.80000E-01 4.47370E-01 5.73001E-01 7.19111E-01 7.47497E-01
 7.90000E-01 4.49875E-01 5.75997E-01 7.22126E-01 7.50158E-01
 8.00000E-01 4.52338E-01 5.78943E-01 7.25090E-01 7.52778E-01
 8.10000E-01 4.54760E-01 5.81841E-01 7.28007E-01 7.55357E-01
 8.20000E-01 4.57648E-01 5.84692E-01 7.30876E-01 7.57896E-01
 8.30000E-01 4.60669E-01 5.87497E-01 7.33698E-01 7.60396E-01
 8.40000E-01 4.63626E-01 5.90256E-01 7.36476E-01 7.62858E-01
 8.50000E-01 4.66521E-01 5.92971E-01 7.39209E-01 7.65283E-01
 8.60000E-01 4.69351E-01 5.95642E-01 7.41899E-01 7.67671E-01
 8.70000E-01 4.72124E-01 5.98270E-01 7.44547E-01 7.70024E-01
 8.80000E-01 4.74836E-01 6.00965E-01 7.47154E-01 7.72341E-01
 8.90000E-01 4.77492E-01 6.04326E-01 7.49720E-01 7.74624E-01
 9.00000E-01 4.80091E-01 6.07616E-01 7.52246E-01 7.76873E-01
 9.10000E-01 4.82637E-01 6.10837E-01 7.54734E-01 7.79089E-01
 9.20000E-01 4.85127E-01 6.13989E-01 7.57183E-01 7.81272E-01
 9.30000E-01 4.87567E-01 6.17077E-01 7.59595E-01 7.83423E-01
 9.40000E-01 4.89956E-01 6.20100E-01 7.61971E-01 7.85543E-01
 9.50000E-01 4.92293E-01 6.23058E-01 7.64312E-01 7.87633E-01
 9.60000E-01 4.94583E-01 6.25957E-01 7.66617E-01 7.89692E-01
 9.70000E-01 4.96825E-01 6.28794E-01 7.68888E-01 7.91722E-01
 9.80000E-01 4.99021E-01 6.31573E-01 7.71126E-01 7.93723E-01
 9.90000E-01 5.01172E-01 6.34296E-01 7.73331E-01 7.95695E-01
 1.00000E+00 5.03278E-01 6.36962E-01 7.75503E-01 7.97639E-01
 1.01158E+00 5.05664E-01 6.39981E-01 7.77980E-01 7.99856E-01
 1.02329E+00 5.08021E-01 6.42964E-01 7.80443E-01 8.02062E-01
 1.03514E+00 5.10347E-01 6.45908E-01 7.82892E-01 8.04258E-01
 1.04713E+00 5.12644E-01 6.48815E-01 7.85328E-01 8.06441E-01
 1.05925E+00 5.14913E-01 6.51686E-01 7.88541E-01 8.08614E-01
 1.07152E+00 5.17149E-01 6.54517E-01 7.91965E-01 8.10775E-01
 1.08393E+00 5.19357E-01 6.57312E-01 7.95347E-01 8.12924E-01
 1.09648E+00 5.21537E-01 6.60070E-01 7.98684E-01 8.15061E-01
 1.10917E+00 5.23685E-01 6.62789E-01 8.01974E-01 8.18094E-01
 1.12202E+00 5.25805E-01 6.65472E-01 8.05221E-01 8.21405E-01
 1.13501E+00 5.27895E-01 6.68117E-01 8.08422E-01 8.24671E-01
 1.14815E+00 5.29956E-01 6.70726E-01 8.11578E-01 8.27891E-01
 1.16145E+00 5.31988E-01 6.73297E-01 8.14689E-01 8.31064E-01
 1.17490E+00 5.33991E-01 6.75832E-01 8.17757E-01 8.34193E-01
 1.18850E+00 5.35964E-01 6.78329E-01 8.20778E-01 8.37276E-01
 1.20226E+00 5.37909E-01 6.80791E-01 8.23757E-01 8.40314E-01
 1.21619E+00 5.39825E-01 6.83216E-01 8.26691E-01 8.43308E-01
 1.23027E+00 5.41712E-01 6.85604E-01 8.29580E-01 8.46255E-01
 1.24451E+00 5.43570E-01 6.87956E-01 8.32427E-01 8.49159E-01
 1.25893E+00 5.45401E-01 6.90273E-01 8.35231E-01 8.52019E-01
 1.27350E+00 5.47204E-01 6.92555E-01 8.37992E-01 8.54835E-01
 1.28825E+00 5.48978E-01 6.94801E-01 8.40709E-01 8.57607E-01
 1.30317E+00 5.50726E-01 6.97012E-01 8.43385E-01 8.60337E-01
 1.31826E+00 5.52444E-01 6.99188E-01 8.46017E-01 8.63022E-01
 1.33352E+00 5.54137E-01 7.01330E-01 8.48609E-01 8.65666E-01
 1.34896E+00 5.55802E-01 7.03436E-01 8.51158E-01 8.68266E-01
 1.36458E+00 5.57440E-01 7.05510E-01 8.53668E-01 8.70826E-01
 1.38038E+00 5.59051E-01 7.07549E-01 8.56134E-01 8.73343E-01
 1.39637E+00 5.60637E-01 7.09556E-01 8.58562E-01 8.75819E-01
 1.41254E+00 5.62195E-01 7.11528E-01 8.60949E-01 8.78254E-01
 1.42889E+00 5.63728E-01 7.13468E-01 8.63296E-01 8.80649E-01
 1.44544E+00 5.65235E-01 7.15376E-01 8.65605E-01 8.83003E-01
 1.46218E+00 5.66717E-01 7.17251E-01 8.67874E-01 8.85318E-01
 1.47911E+00 5.68174E-01 7.19095E-01 8.70105E-01 8.87594E-01
 1.49624E+00 5.69606E-01 7.20908E-01 8.72298E-01 8.89831E-01
 1.51356E+00 5.71013E-01 7.22688E-01 8.74452E-01 8.92029E-01
 1.53109E+00 5.72396E-01 7.24438E-01 8.76570E-01 8.94189E-01
 1.54882E+00 5.73754E-01 7.26157E-01 8.78650E-01 8.96311E-01
 1.56675E+00 5.75089E-01 7.27847E-01 8.80695E-01 8.98397E-01
 1.58489E+00 5.76401E-01 7.29507E-01 8.82704E-01 9.00446E-01
 1.60325E+00 5.77689E-01 7.31137E-01 8.84676E-01 9.02458E-01
 1.62181E+00 5.78954E-01 7.32739E-01 8.86614E-01 9.04435E-01
 1.64059E+00 5.80196E-01 7.34311E-01 8.88516E-01 9.06375E-01
 1.65959E+00 5.81416E-01 7.35855E-01 8.90385E-01 9.08282E-01
 1.67880E+00 5.82614E-01 7.37371E-01 8.92219E-01 9.10153E-01
 1.69824E+00 5.83791E-01 7.38860E-01 8.94021E-01 9.11991E-01
 1.71791E+00 5.84945E-01 7.40321E-01 8.95789E-01 9.13794E-01
 1.73780E+00 5.86079E-01 7.41756E-01 8.97524E-01 9.15565E-01
 1.75792E+00 5.87191E-01 7.43164E-01 8.99228E-01 9.17303E-01
 1.77828E+00 5.88283E-01 7.44546E-01 9.00900E-01 9.19008E-01
 1.79887E+00 5.89355E-01 7.45902E-01 9.02541E-01 9.20682E-01
 1.81970E+00 5.90406E-01 7.47232E-01 9.04151E-01 9.22324E-01
 1.84077E+00 5.91438E-01 7.48538E-01 9.05731E-01 9.23937E-01
 1.86209E+00 5.92450E-01 7.49819E-01 9.07281E-01 9.25518E-01
 1.88365E+00 5.93442E-01 7.51076E-01 9.08801E-01 9.27068E-01
 1.90546E+00 5.94416E-01 7.52308E-01 9.10293E-01 9.28590E-01
 1.92752E+00 5.95372E-01 7.53517E-01 9.11756E-01 9.30082E-01
 1.94984E+00 5.96309E-01 7.54703E-01 9.13191E-01 9.31546E-01
 1.97242E+00 5.97227E-01 7.55866E-01 9.14598E-01 9.32981E-01
 1.99526E+00 5.98129E-01 7.57007E-01 9.15978E-01 9.34389E-01
 2.01837E+00 5.99012E-01 7.58125E-01 9.17331E-01 9.35770E-01
 2.04174E+00 5.99879E-01 7.59222E-01 9.18658E-01 9.37124E-01
 2.06538E+00 6.00728E-01 7.60296E-01 9.19959E-01 9.38450E-01
 2.08930E+00 6.01561E-01 7.61351E-01 9.21235E-01 9.39752E-01
 2.11349E+00 6.02377E-01 7.62384E-01 9.22484E-01 9.41026E-01
 2.13796E+00 6.03177E-01 7.63396E-01 9.23710E-01 9.42276E-01
 2.16272E+00 6.03963E-01 7.64390E-01 9.24912E-01 9.43503E-01
 2.18776E+00 6.04731E-01 7.65362E-01 9.26088E-01 9.44703E-01
 2.21309E+00 6.05484E-01 7.66316E-01 9.27243E-01 9.45880E-01
 2.23872E+00 6.06222E-01 7.67250E-01 9.28373E-01 9.47033E-01
 2.26464E+00 6.06946E-01 7.68166E-01 9.29481E-01 9.48164E-01
 2.29087E+00 6.07655E-01 7.69064E-01 9.30567E-01 9.49272E-01
 2.31739E+00 6.08350E-01 7.69943E-01 9.31631E-01 9.50357E-01
 2.34423E+00 6.09031E-01 7.70804E-01 9.32673E-01 9.51420E-01
 2.37137E+00 6.09698E-01 7.71649E-01 9.33695E-01 9.52462E-01
 2.39883E+00 6.10351E-01 7.72475E-01 9.34695E-01 9.53482E-01
 2.42661E+00 6.10991E-01 7.73285E-01 9.35675E-01 9.54482E-01
 2.45471E+00 6.11618E-01 7.74079E-01 9.36635E-01 9.55461E-01
 2.48313E+00 6.12232E-01 7.74856E-01 9.37575E-01 9.56420E-01
 2.51189E+00 6.12833E-01 7.75617E-01 9.38496E-01 9.57360E-01
 2.54097E+00 6.13422E-01 7.76362E-01 9.39398E-01 9.58280E-01
 2.57040E+00 6.13999E-01 7.77093E-01 9.40282E-01 9.59182E-01
 2.60016E+00 6.14564E-01 7.77807E-01 9.41147E-01 9.60064E-01
 2.63027E+00 6.15117E-01 7.78508E-01 9.41994E-01 9.60928E-01
 2.66073E+00 6.15659E-01 7.79194E-01 9.42824E-01 9.61775E-01
 2.69153E+00 6.16190E-01 7.79865E-01 9.43637E-01 9.62604E-01
 2.72270E+00 6.16709E-01 7.80523E-01 9.44432E-01 9.63415E-01
 2.75423E+00 6.17218E-01 7.81166E-01 9.45211E-01 9.64210E-01
 2.78612E+00 6.17715E-01 7.81796E-01 9.45973E-01 9.64987E-01
 2.81838E+00 6.18203E-01 7.82413E-01 9.46720E-01 9.65749E-01
 2.85102E+00 6.18680E-01 7.83017E-01 9.47451E-01 9.66495E-01
 2.88403E+00 6.19147E-01 7.83609E-01 9.48166E-01 9.67224E-01
 2.91743E+00 6.19605E-01 7.84188E-01 9.48867E-01 9.67939E-01
 2.95121E+00 6.20052E-01 7.84754E-01 9.49552E-01 9.68638E-01
 2.98538E+00 6.20491E-01 7.85309E-01 9.50224E-01 9.69323E-01
 3.01995E+00 6.20920E-01 7.85851E-01 9.50880E-01 9.69993E-01
 3.05492E+00 6.21340E-01 7.86383E-01 9.51524E-01 9.70649E-01
 3.09030E+00 6.21750E-01 7.86903E-01 9.52152E-01 9.71291E-01
 3.12608E+00 6.22153E-01 7.87412E-01 9.52768E-01 9.71919E-01
 3.16228E+00 6.22546E-01 7.87910E-01 9.53371E-01 9.72534E-01
 3.19890E+00 6.22931E-01 7.88398E-01 9.53961E-01 9.73136E-01
 3.23594E+00 6.23308E-01 7.88875E-01 9.54538E-01 9.73725E-01
 3.27341E+00 6.23677E-01 7.89341E-01 9.55103E-01 9.74301E-01
 3.31131E+00 6.24038E-01 7.89798E-01 9.55656E-01 9.74865E-01
 3.34965E+00 6.24391E-01 7.90245E-01 9.56197E-01 9.75416E-01
 3.38844E+00 6.24737E-01 7.90683E-01 9.56726E-01 9.75956E-01
 3.42768E+00 6.25075E-01 7.91110E-01 9.57244E-01 9.76484E-01
 3.46737E+00 6.25406E-01 7.91529E-01 9.57751E-01 9.77001E-01
 3.50752E+00 6.25729E-01 7.91939E-01 9.58246E-01 9.77507E-01
 3.54813E+00 6.26046E-01 7.92340E-01 9.58731E-01 9.78002E-01
 3.58922E+00 6.26356E-01 7.92732E-01 9.59206E-01 9.78486E-01
 3.63078E+00 6.26659E-01 7.93116E-01 9.59670E-01 9.78959E-01
 3.67282E+00 6.26956E-01 7.93491E-01 9.60124E-01 9.79423E-01
 3.71535E+00 6.27246E-01 7.93858E-01 9.60569E-01 9.79876E-01
 3.75837E+00 6.27530E-01 7.94217E-01 9.61003E-01 9.80319E-01
 3.80189E+00 6.27807E-01 7.94569E-01 9.61428E-01 9.80753E-01
 3.84592E+00 6.28079E-01 7.94913E-01 9.61844E-01 9.81177E-01
 3.89045E+00 6.28345E-01 7.95249E-01 9.62251E-01 9.81593E-01
 3.93550E+00 6.28605E-01 7.95578E-01 9.62649E-01 9.81998E-01
 3.98107E+00 6.28859E-01 7.95899E-01 9.63038E-01 9.82395E-01
 4.02717E+00 6.29108E-01 7.96214E-01 9.63419E-01 9.82784E-01
 4.07380E+00 6.29351E-01 7.96522E-01 9.63792E-01 9.83164E-01
 4.12098E+00 6.29589E-01 7.96823E-01 9.64156E-01 9.83536E-01
 4.16869E+00 6.29821E-01 7.97118E-01 9.64512E-01 9.83899E-01
 4.21697E+00 6.30049E-01 7.97406E-01 9.64861E-01 9.84255E-01
 4.26580E+00 6.30271E-01 7.97687E-01 9.65202E-01 9.84602E-01
 4.31519E+00 6.30489E-01 7.97963E-01 9.65535E-01 9.84942E-01
 4.36516E+00 6.30702E-01 7.98232E-01 9.65861E-01 9.85275E-01
 4.41570E+00 6.30910E-01 7.98496E-01 9.66180E-01 9.85600E-01
 4.46684E+00 6.31114E-01 7.98753E-01 9.66492E-01 9.85918E-01
 4.51856E+00 6.31313E-01 7.99005E-01 9.66797E-01 9.86229E-01
 4.57088E+00 6.31508E-01 7.99252E-01 9.67095E-01 9.86533E-01
 4.62381E+00 6.31698E-01 7.99493E-01 9.67386E-01 9.86831E-01
 4.67735E+00 6.31884E-01 7.99729E-01 9.67672E-01 9.87122E-01
 4.73151E+00 6.32066E-01 7.99959E-01 9.67950E-01 9.87406E-01
 4.78630E+00 6.32244E-01 8.00184E-01 9.68223E-01 9.87684E-01
 4.84172E+00 6.32419E-01 8.00405E-01 9.68490E-01 9.87956E-01
 4.89779E+00 6.32589E-01 8.00620E-01 9.68751E-01 9.88223E-01
 4.95450E+00 6.32755E-01 8.00831E-01 9.69006E-01 9.88483E-01
 5.01187E+00 6.32918E-01 8.01037E-01 9.69255E-01 9.88737E-01
 5.06991E+00 6.33077E-01 8.01239E-01 9.69499E-01 9.88986E-01
 5.12861E+00 6.33233E-01 8.01436E-01 9.69737E-01 9.89229E-01
 5.18800E+00 6.33385E-01 8.01628E-01 9.69970E-01 9.89467E-01
 5.24807E+00 6.33534E-01 8.01817E-01 9.70198E-01 9.89699E-01
 5.30884E+00 6.33680E-01 8.02001E-01 9.70421E-01 9.89926E-01
 5.37032E+00 6.33822E-01 8.02181E-01 9.70639E-01 9.90149E-01
 5.43250E+00 6.33961E-01 8.02357E-01 9.70852E-01 9.90366E-01
 5.49541E+00 6.34097E-01 8.02529E-01 9.71060E-01 9.90579E-01
 5.55904E+00 6.34230E-01 8.02697E-01 9.71264E-01 9.90786E-01
 5.62341E+00 6.34360E-01 8.02862E-01 9.71463E-01 9.90989E-01
 5.68853E+00 6.34487E-01 8.03023E-01 9.71658E-01 9.91188E-01
 5.75440E+00 6.34611E-01 8.03180E-01 9.71848E-01 9.91382E-01
 5.82103E+00 6.34733E-01 8.03334E-01 9.72034E-01 9.91572E-01
 5.88844E+00 6.34852E-01 8.03484E-01 9.72216E-01 9.91757E-01
 5.95662E+00 6.34968E-01 8.03631E-01 9.72394E-01 9.91939E-01
 6.02560E+00 6.35081E-01 8.03775E-01 9.72568E-01 9.92116E-01
 6.09537E+00 6.35192E-01 8.03915E-01 9.72738E-01 9.92290E-01
 6.16595E+00 6.35301E-01 8.04053E-01 9.72904E-01 9.92459E-01
 6.23735E+00 6.35407E-01 8.04187E-01 9.73066E-01 9.92625E-01
 6.30957E+00 6.35511E-01 8.04318E-01 9.73225E-01 9.92787E-01
 6.38263E+00 6.35612E-01 8.04447E-01 9.73380E-01 9.92945E-01
 6.45654E+00 6.35711E-01 8.04572E-01 9.73532E-01 9.93100E-01
 6.53131E+00 6.35808E-01 8.04695E-01 9.73680E-01 9.93251E-01
 6.60693E+00 6.35903E-01 8.04814E-01 9.73825E-01 9.93399E-01
 6.68344E+00 6.35995E-01 8.04932E-01 9.73967E-01 9.93544E-01
 6.76083E+00 6.36086E-01 8.05046E-01 9.74106E-01 9.93685E-01
 6.83912E+00 6.36174E-01 8.05158E-01 9.74241E-01 9.93824E-01
 6.91831E+00 6.36261E-01 8.05268E-01 9.74374E-01 9.93959E-01
 6.99842E+00 6.36345E-01 8.05375E-01 9.74503E-01 9.94091E-01
 7.07946E+00 6.36428E-01 8.05479E-01 9.74630E-01 9.94220E-01
 7.16143E+00 6.36509E-01 8.05582E-01 9.74754E-01 9.94346E-01
 7.24436E+00 6.36588E-01 8.05681E-01 9.74875E-01 9.94470E-01
 7.32825E+00 6.36665E-01 8.05779E-01 9.74993E-01 9.94590E-01
 7.41310E+00 6.36741E-01 8.05875E-01 9.75108E-01 9.94708E-01
 7.49894E+00 6.36814E-01 8.05968E-01 9.75221E-01 9.94823E-01
 7.58578E+00 6.36886E-01 8.06059E-01 9.75332E-01 9.94936E-01
 7.67361E+00 6.36957E-01 8.06149E-01 9.75440E-01 9.95046E-01
 7.76247E+00 6.37026E-01 8.06236E-01 9.75545E-01 9.95154E-01
 7.85236E+00 6.37093E-01 8.06321E-01 9.75648E-01 9.95259E-01
 7.94328E+00 6.37159E-01 8.06404E-01 9.75749E-01 9.95362E-01
 8.03526E+00 6.37223E-01 8.06486E-01 9.75848E-01 9.95462E-01
 8.12831E+00 6.37286E-01 8.06565E-01 9.75944E-01 9.95561E-01
 8.22243E+00 6.37348E-01 8.06643E-01 9.76038E-01 9.95657E-01
 8.31764E+00 6.37408E-01 8.06719E-01 9.76130E-01 9.95750E-01
 8.41395E+00 6.37467E-01 8.06794E-01 9.76220E-01 9.95842E-01
 8.51138E+00 6.37524E-01 8.06866E-01 9.76308E-01 9.95932E-01
 8.60994E+00 6.37580E-01 8.06937E-01 9.76394E-01 9.96020E-01
 8.70964E+00 6.37635E-01 8.07007E-01 9.76478E-01 9.96105E-01
 8.81049E+00 6.37689E-01 8.07075E-01 9.76560E-01 9.96189E-01
 8.91251E+00 6.37741E-01 8.07141E-01 9.76640E-01 9.96271E-01
 9.01571E+00 6.37792E-01 8.07206E-01 9.76719E-01 9.96351E-01
 9.12011E+00 6.37842E-01 8.07269E-01 9.76796E-01 9.96429E-01
 9.22571E+00 6.37891E-01 8.07331E-01 9.76870E-01 9.96506E-01
 9.33254E+00 6.37939E-01 8.07391E-01 9.76944E-01 9.96580E-01
 9.44061E+00 6.37986E-01 8.07451E-01 9.77015E-01 9.96653E-01
 9.54993E+00 6.38031E-01 8.07508E-01 9.77085E-01 9.96725E-01
 9.66051E+00 6.38076E-01 8.07565E-01 9.77154E-01 9.96794E-01
 9.77237E+00 6.38120E-01 8.07620E-01 9.77220E-01 9.96863E-01
 9.88553E+00 6.38162E-01 8.07674E-01 9.77286E-01 9.96929E-01
 1.00000E+01 6.38204E-01 8.07727E-01 9.77350E-01 9.96994E-01
 1.01158E+01 6.38245E-01 8.07779E-01 9.77412E-01 9.97058E-01
 1.02329E+01 6.38285E-01 8.07829E-01 9.77473E-01 9.97120E-01
 1.03514E+01 6.38324E-01 8.07878E-01 9.77533E-01 9.97181E-01
 1.04713E+01 6.38362E-01 8.07926E-01 9.77591E-01 9.97241E-01
 1.05925E+01 6.38399E-01 8.07973E-01 9.77648E-01 9.97299E-01
 1.07152E+01 6.38435E-01 8.08019E-01 9.77704E-01 9.97355E-01
 1.08393E+01 6.38471E-01 8.08064E-01 9.77758E-01 9.97411E-01
 1.09648E+01 6.38505E-01 8.08108E-01 9.77811E-01 9.97465E-01
 1.10917E+01 6.38539E-01 8.08151E-01 9.77863E-01 9.97518E-01
 1.12202E+01 6.38572E-01 8.08193E-01 9.77914E-01 9.97570E-01
 1.13501E+01 6.38605E-01 8.08234E-01 9.77964E-01 9.97621E-01
 1.14815E+01 6.38637E-01 8.08274E-01 9.78012E-01 9.97670E-01
 1.16145E+01 6.38668E-01 8.08314E-01 9.78059E-01 9.97718E-01
 1.17490E+01 6.38698E-01 8.08352E-01 9.78106E-01 9.97766E-01
 1.18850E+01 6.38727E-01 8.08389E-01 9.78151E-01 9.97812E-01
 1.20226E+01 6.38756E-01 8.08426E-01 9.78195E-01 9.97857E-01
 1.21619E+01 6.38785E-01 8.08462E-01 9.78239E-01 9.97901E-01
 1.23027E+01 6.38812E-01 8.08497E-01 9.78281E-01 9.97944E-01
 1.24451E+01 6.38839E-01 8.08531E-01 9.78322E-01 9.97986E-01
 1.25893E+01 6.38865E-01 8.08564E-01 9.78363E-01 9.98028E-01
 1.27350E+01 6.38891E-01 8.08597E-01 9.78402E-01 9.98068E-01
 1.28825E+01 6.38916E-01 8.08629E-01 9.78441E-01 9.98107E-01
 1.30317E+01 6.38941E-01 8.08660E-01 9.78478E-01 9.98146E-01
 1.31826E+01 6.38965E-01 8.08690E-01 9.78515E-01 9.98183E-01
 1.33352E+01 6.38989E-01 8.08720E-01 9.78551E-01 9.98220E-01
 1.34896E+01 6.39012E-01 8.08749E-01 9.78586E-01 9.98256E-01
 1.36458E+01 6.39034E-01 8.08778E-01 9.78621E-01 9.98291E-01
 1.38038E+01 6.39056E-01 8.08805E-01 9.78654E-01 9.98325E-01
 1.39637E+01 6.39077E-01 8.08832E-01 9.78687E-01 9.98359E-01
 1.41254E+01 6.39098E-01 8.08859E-01 9.78719E-01 9.98392E-01
 1.42889E+01 6.39119E-01 8.08885E-01 9.78751E-01 9.98424E-01
 1.44544E+01 6.39139E-01 8.08910E-01 9.78781E-01 9.98455E-01
 1.46218E+01 6.39159E-01 8.08935E-01 9.78811E-01 9.98485E-01
 1.47911E+01 6.39178E-01 8.08959E-01 9.78841E-01 9.98515E-01
 1.49624E+01 6.39196E-01 8.08983E-01 9.78869E-01 9.98545E-01
 1.51356E+01 6.39215E-01 8.09006E-01 9.78897E-01 9.98573E-01
 1.53109E+01 6.39232E-01 8.09029E-01 9.78925E-01 9.98601E-01
 1.54882E+01 6.39250E-01 8.09051E-01 9.78951E-01 9.98628E-01
 1.56675E+01 6.39267E-01 8.09072E-01 9.78977E-01 9.98655E-01
 1.58489E+01 6.39284E-01 8.09093E-01 9.79003E-01 9.98681E-01
 1.60325E+01 6.39300E-01 8.09114E-01 9.79028E-01 9.98706E-01
 1.62181E+01 6.39316E-01 8.09134E-01 9.79052E-01 9.98731E-01
 1.64059E+01 6.39331E-01 8.09154E-01 9.79076E-01 9.98756E-01
 1.65959E+01 6.39347E-01 8.09173E-01 9.79099E-01 9.98779E-01
 1.67880E+01 6.39361E-01 8.09192E-01 9.79122E-01 9.98802E-01
 1.69824E+01 6.39376E-01 8.09210E-01 9.79144E-01 9.98825E-01
 1.71791E+01 6.39390E-01 8.09228E-01 9.79166E-01 9.98847E-01
 1.73780E+01 6.39404E-01 8.09246E-01 9.79187E-01 9.98869E-01
 1.75792E+01 6.39418E-01 8.09263E-01 9.79208E-01 9.98890E-01
 1.77828E+01 6.39431E-01 8.09280E-01 9.79228E-01 9.98911E-01
 1.79887E+01 6.39444E-01 8.09296E-01 9.79248E-01 9.98931E-01
 1.81970E+01 6.39456E-01 8.09312E-01 9.79268E-01 9.98951E-01
 1.84077E+01 6.39469E-01 8.09328E-01 9.79286E-01 9.98970E-01
 1.86209E+01 6.39481E-01 8.09343E-01 9.79305E-01 9.98989E-01
 1.88365E+01 6.39493E-01 8.09358E-01 9.79323E-01 9.99007E-01
 1.90546E+01 6.39504E-01 8.09372E-01 9.79341E-01 9.99025E-01
 1.92752E+01 6.39515E-01 8.09387E-01 9.79358E-01 9.99043E-01
 1.94984E+01 6.39526E-01 8.09401E-01 9.79375E-01 9.99060E-01
 1.97242E+01 6.39537E-01 8.09414E-01 9.79391E-01 9.99077E-01
 1.99526E+01 6.39548E-01 8.09428E-01 9.79407E-01 9.99094E-01
 2.01837E+01 6.39558E-01 8.09441E-01 9.79423E-01 9.99110E-01
 2.04174E+01 6.39568E-01 8.09453E-01 9.79439E-01 9.99125E-01
 2.06538E+01 6.39578E-01 8.09466E-01 9.79454E-01 9.99141E-01
 2.08930E+01 6.39588E-01 8.09478E-01 9.79468E-01 9.99156E-01
 2.11349E+01 6.39597E-01 8.09490E-01 9.79483E-01 9.99170E-01
 2.13796E+01 6.39606E-01 8.09501E-01 9.79497E-01 9.99185E-01
 2.16272E+01 6.39615E-01 8.09513E-01 9.79510E-01 9.99199E-01
 2.18776E+01 6.39624E-01 8.09524E-01 9.79524E-01 9.99212E-01
 2.21309E+01 6.39632E-01 8.09535E-01 9.79537E-01 9.99226E-01
 2.23872E+01 6.39641E-01 8.09545E-01 9.79550E-01 9.99239E-01
 2.26464E+01 6.39649E-01 8.09556E-01 9.79562E-01 9.99252E-01
 2.29087E+01 6.39657E-01 8.09566E-01 9.79575E-01 9.99264E-01
 2.31739E+01 6.39665E-01 8.09576E-01 9.79587E-01 9.99276E-01
 2.34423E+01 6.39672E-01 8.09585E-01 9.79598E-01 9.99288E-01
 2.37137E+01 6.39680E-01 8.09595E-01 9.79610E-01 9.99300E-01
 2.39883E+01 6.39687E-01 8.09604E-01 9.79621E-01 9.99311E-01
 2.42661E+01 6.39694E-01 8.09613E-01 9.79632E-01 9.99322E-01
 2.45471E+01 6.39701E-01 8.09622E-01 9.79642E-01 9.99333E-01
 2.48313E+01 6.39708E-01 8.09630E-01 9.79653E-01 9.99344E-01
 2.51189E+01 6.39715E-01 8.09639E-01 9.79663E-01 9.99354E-01
 2.54097E+01 6.39721E-01 8.09647E-01 9.79673E-01 9.99364E-01
 2.57040E+01 6.39727E-01 8.09655E-01 9.79683E-01 9.99374E-01
 2.60016E+01 6.39734E-01 8.09663E-01 9.79692E-01 9.99384E-01
 2.63027E+01 6.39740E-01 8.09671E-01 9.79701E-01 9.99393E-01
 2.66073E+01 6.39746E-01 8.09678E-01 9.79710E-01 9.99403E-01
 2.69153E+01 6.39751E-01 8.09685E-01 9.79719E-01 9.99412E-01
 2.72270E+01 6.39757E-01 8.09693E-01 9.79728E-01 9.99420E-01
 2.75423E+01 6.39763E-01 8.09700E-01 9.79736E-01 9.99429E-01
 2.78612E+01 6.39768E-01 8.09706E-01 9.79745E-01 9.99438E-01
 2.81838E+01 6.39773E-01 8.09713E-01 9.79753E-01 9.99446E-01
 2.85102E+01 6.39778E-01 8.09720E-01 9.79761E-01 9.99454E-01
 2.88403E+01 6.39783E-01 8.09726E-01 9.79768E-01 9.99462E-01
 2.91743E+01 6.39788E-01 8.09732E-01 9.79776E-01 9.99469E-01
 2.95121E+01 6.39793E-01 8.09738E-01 9.79783E-01 9.99477E-01
 2.98538E+01 6.39798E-01 8.09744E-01 9.79791E-01 9.99484E-01
 3.01995E+01 6.39803E-01 8.09750E-01 9.79798E-01 9.99491E-01
 3.05492E+01 6.39807E-01 8.09756E-01 9.79804E-01 9.99499E-01
 3.09030E+01 6.39811E-01 8.09761E-01 9.79811E-01 9.99505E-01
 3.12608E+01 6.39816E-01 8.09767E-01 9.79818E-01 9.99512E-01
 3.16228E+01 6.39820E-01 8.09772E-01 9.79824E-01 9.99519E-01
 3.19890E+01 6.39824E-01 8.09777E-01 9.79830E-01 9.99525E-01
 3.23594E+01 6.39828E-01 8.09782E-01 9.79837E-01 9.99531E-01
 3.27341E+01 6.39832E-01 8.09787E-01 9.79843E-01 9.99537E-01
 3.31131E+01 6.39836E-01 8.09792E-01 9.79848E-01 9.99543E-01
 3.34965E+01 6.39839E-01 8.09797E-01 9.79854E-01 9.99549E-01
 3.38844E+01 6.39843E-01 8.09801E-01 9.79860E-01 9.99555E-01
 3.42768E+01 6.39847E-01 8.09806E-01 9.79865E-01 9.99561E-01
 3.46737E+01 6.39850E-01 8.09810E-01 9.79871E-01 9.99566E-01
 3.50752E+01 6.39854E-01 8.09815E-01 9.79876E-01 9.99571E-01
 3.54813E+01 6.39857E-01 8.09819E-01 9.79881E-01 9.99576E-01
 3.58922E+01 6.39860E-01 8.09823E-01 9.79886E-01 9.99582E-01
 3.63078E+01 6.39863E-01 8.09827E-01 9.79891E-01 9.99587E-01
 3.67282E+01 6.39866E-01 8.09831E-01 9.79896E-01 9.99591E-01
 3.71535E+01 6.39870E-01 8.09835E-01 9.79900E-01 9.99596E-01
 3.75837E+01 6.39872E-01 8.09839E-01 9.79905E-01 9.99601E-01
 3.80189E+01 6.39875E-01 8.09842E-01 9.79909E-01 9.99605E-01
 3.84592E+01 6.39878E-01 8.09846E-01 9.79913E-01 9.99610E-01
 3.89045E+01 6.39881E-01 8.09849E-01 9.79918E-01 9.99614E-01
 3.93550E+01 6.39884E-01 8.09853E-01 9.79922E-01 9.99618E-01
 3.98107E+01 6.39886E-01 8.09856E-01 9.79926E-01 9.99622E-01
 4.02717E+01 6.39889E-01 8.09859E-01 9.79930E-01 9.99626E-01
 4.07380E+01 6.39891E-01 8.09863E-01 9.79934E-01 9.99630E-01
 4.12098E+01 6.39894E-01 8.09866E-01 9.79938E-01 9.99634E-01
 4.16869E+01 6.39896E-01 8.09869E-01 9.79941E-01 9.99638E-01
 4.21697E+01 6.39899E-01 8.09872E-01 9.79945E-01 9.99642E-01
 4.26580E+01 6.39901E-01 8.09875E-01 9.79948E-01 9.99645E-01
 4.31519E+01 6.39903E-01 8.09878E-01 9.79952E-01 9.99649E-01
 4.36516E+01 6.39905E-01 8.09880E-01 9.79955E-01 9.99652E-01
 4.41570E+01 6.39908E-01 8.09883E-01 9.79959E-01 9.99656E-01
 4.46684E+01 6.39910E-01 8.09886E-01 9.79962E-01 9.99659E-01
 4.51856E+01 6.39912E-01 8.09888E-01 9.79965E-01 9.99662E-01
 4.57088E+01 6.39914E-01 8.09891E-01 9.79968E-01 9.99665E-01
 4.62381E+01 6.39916E-01 8.09893E-01 9.79971E-01 9.99668E-01
 4.67735E+01 6.39918E-01 8.09896E-01 9.79974E-01 9.99671E-01
 4.73151E+01 6.39920E-01 8.09898E-01 9.79977E-01 9.99674E-01
 4.78630E+01 6.39921E-01 8.09900E-01 9.79980E-01 9.99677E-01
 4.84172E+01 6.39923E-01 8.09903E-01 9.79982E-01 9.99680E-01
 4.89779E+01 6.39925E-01 8.09905E-01 9.79985E-01 9.99683E-01
 4.95450E+01 6.39927E-01 8.09907E-01 9.79988E-01 9.99685E-01
 5.01187E+01 6.39928E-01 8.09909E-01 9.79990E-01 9.99688E-01
 5.06991E+01 6.39930E-01 8.09911E-01 9.79993E-01 9.99691E-01
 5.12861E+01 6.39932E-01 8.09913E-01 9.79995E-01 9.99693E-01
 5.18800E+01 6.39933E-01 8.09915E-01 9.79997E-01 9.99695E-01
 5.24807E+01 6.39935E-01 8.09917E-01 9.80000E-01 9.99698E-01
 5.30884E+01 6.39936E-01 8.09919E-01 9.80002E-01 9.99700E-01
 5.37032E+01 6.39938E-01 8.09921E-01 9.80004E-01 9.99702E-01
 5.43250E+01 6.39939E-01 8.09923E-01 9.80007E-01 9.99705E-01
 5.49541E+01 6.39940E-01 8.09924E-01 9.80009E-01 9.99707E-01
 5.55904E+01 6.39942E-01 8.09926E-01 9.80011E-01 9.99709E-01
 5.62341E+01 6.39943E-01 8.09928E-01 9.80013E-01 9.99711E-01
 5.68853E+01 6.39944E-01 8.09930E-01 9.80015E-01 9.99713E-01
 5.75440E+01 6.39946E-01 8.09931E-01 9.80017E-01 9.99715E-01
 5.82103E+01 6.39947E-01 8.09933E-01 9.80019E-01 9.99717E-01
 5.88844E+01 6.39948E-01 8.09934E-01 9.80020E-01 9.99719E-01
 5.95662E+01 6.39949E-01 8.09936E-01 9.80022E-01 9.99721E-01
 6.02560E+01 6.39950E-01 8.09937E-01 9.80024E-01 9.99722E-01
 6.09537E+01 6.39952E-01 8.09939E-01 9.80026E-01 9.99724E-01
 6.16595E+01 6.39953E-01 8.09940E-01 9.80027E-01 9.99726E-01
 6.23735E+01 6.39954E-01 8.09941E-01 9.80029E-01 9.99728E-01
 6.30957E+01 6.39955E-01 8.09943E-01 9.80031E-01 9.99729E-01
 6.38263E+01 6.39956E-01 8.09944E-01 9.80032E-01 9.99731E-01
 6.45654E+01 6.39957E-01 8.09945E-01 9.80034E-01 9.99732E-01
 6.53131E+01 6.39958E-01 8.09947E-01 9.80035E-01 9.99734E-01
 6.60693E+01 6.39959E-01 8.09948E-01 9.80037E-01 9.99736E-01
 6.68344E+01 6.39960E-01 8.09949E-01 9.80038E-01 9.99737E-01
 6.76083E+01 6.39961E-01 8.09950E-01 9.80040E-01 9.99738E-01
 6.83912E+01 6.39961E-01 8.09951E-01 9.80041E-01 9.99740E-01
 6.91831E+01 6.39962E-01 8.09952E-01 9.80042E-01 9.99741E-01
 6.99842E+01 6.39963E-01 8.09953E-01 9.80044E-01 9.99743E-01
 7.07946E+01 6.39964E-01 8.09955E-01 9.80045E-01 9.99744E-01
 7.16143E+01 6.39965E-01 8.09956E-01 9.80046E-01 9.99745E-01
 7.24436E+01 6.39966E-01 8.09957E-01 9.80047E-01 9.99746E-01
 7.32825E+01 6.39966E-01 8.09958E-01 9.80049E-01 9.99748E-01
 7.41310E+01 6.39967E-01 8.09959E-01 9.80050E-01 9.99749E-01
 7.49894E+01 6.39968E-01 8.09959E-01 9.80051E-01 9.99750E-01
 7.58578E+01 6.39969E-01 8.09960E-01 9.80052E-01 9.99751E-01
 7.67361E+01 6.39969E-01 8.09961E-01 9.80053E-01 9.99752E-01
 7.76247E+01 6.39970E-01 8.09962E-01 9.80054E-01 9.99753E-01
 7.85236E+01 6.39971E-01 8.09963E-01 9.80055E-01 9.99754E-01
 7.94328E+01 6.39971E-01 8.09964E-01 9.80056E-01 9.99755E-01
 8.03526E+01 6.39972E-01 8.09965E-01 9.80057E-01 9.99756E-01
 8.12831E+01 6.39973E-01 8.09965E-01 9.80058E-01 9.99757E-01
 8.22243E+01 6.39973E-01 8.09966E-01 9.80059E-01 9.99758E-01
 8.31764E+01 6.39974E-01 8.09967E-01 9.80060E-01 9.99759E-01
 8.41395E+01 6.39975E-01 8.09968E-01 9.80061E-01 9.99760E-01
 8.51138E+01 6.39975E-01 8.09969E-01 9.80062E-01 9.99761E-01
 8.60994E+01 6.39976E-01 8.09969E-01 9.80063E-01 9.99762E-01
 8.70964E+01 6.39976E-01 8.09970E-01 9.80064E-01 9.99763E-01
 8.81049E+01 6.39977E-01 8.09971E-01 9.80064E-01 9.99764E-01
 8.91251E+01 6.39977E-01 8.09971E-01 9.80065E-01 9.99765E-01
 9.01571E+01 6.39978E-01 8.09972E-01 9.80066E-01 9.99765E-01
 9.12011E+01 6.39978E-01 8.09973E-01 9.80067E-01 9.99766E-01
 9.22571E+01 6.39979E-01 8.09973E-01 9.80068E-01 9.99767E-01
 9.33254E+01 6.39979E-01 8.09974E-01 9.80068E-01 9.99768E-01
 9.44061E+01 6.39980E-01 8.09974E-01 9.80069E-01 9.99768E-01
 9.54993E+01 6.39980E-01 8.09975E-01 9.80070E-01 9.99769E-01
 9.66051E+01 6.39981E-01 8.09976E-01 9.80070E-01 9.99770E-01
 9.77237E+01 6.39981E-01 8.09976E-01 9.80071E-01 9.99771E-01
 9.88553E+01 6.39982E-01 8.09977E-01 9.80072E-01 9.99771E-01
 1.00000E+02 6.39982E-01 8.09977E-01 9.80072E-01 9.99772E-01
