 1.00000E-02 7.25522E-02 1.00253E-01 1.34713E-01 1.39392E-01
 2.00000E-02 7.74221E-02 1.07554E-01 1.46035E-01 1.51413E-01
 3.00000E-02 8.23861E-02 1.15035E-01 1.57919E-01 1.64152E-01
 4.00000E-02 8.74445E-02 1.22681E-01 1.70418E-01 1.77697E-01
 5.00000E-02 9.26034E-02 1.30491E-01 1.83530E-01 1.92144E-01
 6.00000E-02 9.78645E-02 1.38455E-01 1.97236E-01 2.07572E-01
 7.00000E-02 1.03226E-01 1.46549E-01 2.11451E-01 2.24064E-01
 8.00000E-02 1.08677E-01 1.54749E-01 2.26044E-01 2.41669E-01
 9.00000E-02 1.14209E-01 1.63022E-01 2.40841E-01 2.60388E-01
 1.00000E-01 1.19805E-01 1.71336E-01 2.55668E-01 2.79960E-01
 1.10000E-01 1.25452E-01 1.79662E-01 2.70380E-01 2.99576E-01
 1.20000E-01 1.31135E-01 1.87973E-01 2.84871E-01 3.18639E-01
 1.30000E-01 1.36842E-01 1.96247E-01 2.99072E-01 3.36995E-01
 1.40000E-01 1.42561E-01 2.04467E-01 3.12939E-01 3.54629E-01
 1.50000E-01 1.48281E-01 2.12617E-01 3.26451E-01 3.71558E-01
 1.60000E-01 1.53994E-01 2.20687E-01 3.39596E-01 3.87814E-01
 1.70000E-01 1.59695E-01 2.28668E-01 3.52372E-01 4.03428E-01
 1.80000E-01 1.65378E-01 2.36555E-01 3.64786E-01 4.18432E-01
 1.90000E-01 1.71038E-01 2.44345E-01 3.76843E-01 4.32859E-01
 2.00000E-01 1.76673E-01 2.52034E-01 3.88554E-01 4.46740E-01
 2.10000E-01 1.82280E-01 2.59622E-01 3.99927E-01 4.60103E-01
 2.20000E-01 1.87858E-01 2.67108E-01 4.10976E-01 4.72976E-01
 2.30000E-01 1.93405E-01 2.74492E-01 4.21711E-01 4.85384E-01
 2.40000E-01 1.98921E-01 2.81776E-01 4.32144E-01 4.97351E-01
 2.50000E-01 2.04406E-01 2.88961E-01 4.42286E-01 5.08899E-01
 2.60000E-01 2.09859E-01 2.96048E-01 4.52148E-01 5.20048E-01
 2.70000E-01 2.15281E-01 3.03040E-01 4.61741E-01 5.30819E-01
 2.80000E-01 2.20673E-01 3.09936E-01 4.71075E-01 5.41229E-01
 2.90000E-01 2.26034E-01 3.16741E-01 4.80159E-01 5.51295E-01
 3.00000E-01 2.31365E-01 3.23456E-01 4.89003E-01 5.61033E-01
 3.10000E-01 2.36667E-01 3.30083E-01 4.97615E-01 5.70458E-01
 3.20000E-01 2.41941E-01 3.36623E-01 5.06006E-01 5.79583E-01
 3.30000E-01 2.47188E-01 3.43081E-01 5.14181E-01 5.88423E-01
 3.40000E-01 2.52408E-01 3.49457E-01 5.22149E-01 5.96989E-01
 3.50000E-01 2.57602E-01 3.55753E-01 5.29918E-01 6.05292E-01
 3.60000E-01 2.62772E-01 3.61972E-01 5.37495E-01 6.13345E-01
 3.70000E-01 2.67919E-01 3.68116E-01 5.44885E-01 6.21156E-01
 3.80000E-01 2.73042E-01 3.74186E-01 5.52097E-01 6.28738E-01
 3.90000E-01 2.78144E-01 3.80185E-01 5.59134E-01 6.36097E-01
 4.00000E-01 2.83224E-01 3.86115E-01 5.66005E-01 6.43244E-01
 4.10000E-01 2.88284E-01 3.91977E-01 5.72713E-01 6.50186E-01
 4.20000E-01 2.93325E-01 3.97774E-01 5.79266E-01 6.56931E-01
 4.30000E-01 2.98348E-01 4.03507E-01 5.85666E-01 6.63487E-01
 4.40000E-01 3.03352E-01 4.09178E-01 5.91921E-01 6.69860E-01
 4.50000E-01 3.08339E-01 4.14789E-01 5.98033E-01 6.76060E-01
 4.60000E-01 3.13310E-01 4.20340E-01 6.04009E-01 6.82089E-01
 4.70000E-01 3.18264E-01 4.25835E-01 6.09851E-01 6.87956E-01
 4.80000E-01 3.23203E-01 4.31274E-01 6.15564E-01 6.93667E-01
 4.90000E-01 3.28127E-01 4.36658E-01 6.21153E-01 6.99226E-01
 5.00000E-01 3.33036E-01 4.41990E-01 6.26620E-01 7.04638E-01
 5.10000E-01 3.37930E-01 4.47270E-01 6.31971E-01 7.09911E-01
 5.20000E-01 3.42811E-01 4.52500E-01 6.37207E-01 7.15047E-01
 5.30000E-01 3.47677E-01 4.57681E-01 6.42332E-01 7.20051E-01
 5.40000E-01 3.52530E-01 4.62814E-01 6.47351E-01 7.24929E-01
 5.50000E-01 3.57369E-01 4.67901E-01 6.52265E-01 7.29684E-01
 5.60000E-01 3.62194E-01 4.72942E-01 6.57078E-01 7.34320E-01
 5.70000E-01 3.67005E-01 4.77939E-01 6.61793E-01 7.38842E-01
 5.80000E-01 3.71803E-01 4.82892E-01 6.66413E-01 7.43252E-01
 5.90000E-01 3.76586E-01 4.87802E-01 6.70939E-01 7.47555E-01
 6.00000E-01 3.81355E-01 4.92671E-01 6.75375E-01 7.51754E-01
 6.10000E-01 3.86109E-01 4.97498E-01 6.79724E-01 7.55852E-01
 6.20000E-01 3.90810E-01 5.02285E-01 6.83988E-01 7.59853E-01
 6.30000E-01 3.95408E-01 5.07033E-01 6.88168E-01 7.63759E-01
 6.40000E-01 3.99907E-01 5.11742E-01 6.92268E-01 7.67573E-01
 6.50000E-01 4.04306E-01 5.16412E-01 6.96289E-01 7.71299E-01
 6.60000E-01 4.08609E-01 5.21045E-01 7.00233E-01 7.74938E-01
 6.70000E-01 4.12816E-01 5.25641E-01 7.04104E-01 7.78495E-01
 6.80000E-01 4.16931E-01 5.30200E-01 7.07901E-01 7.81970E-01
 6.90000E-01 4.20955E-01 5.34723E-01 7.11628E-01 7.85366E-01
 7.00000E-01 4.24889E-01 5.39210E-01 7.15286E-01 7.88686E-01
 7.10000E-01 4.28736E-01 5.43662E-01 7.18877E-01 7.91932E-01
 7.20000E-01 4.32497E-01 5.48079E-01 7.22403E-01 7.95106E-01
 7.30000E-01 4.36175E-01 5.52460E-01 7.25865E-01 7.98210E-01
 7.40000E-01 4.39771E-01 5.56808E-01 7.29265E-01 8.01247E-01
 7.50000E-01 4.43287E-01 5.61121E-01 7.32605E-01 8.04217E-01
 7.60000E-01 4.46725E-01 5.65400E-01 7.35885E-01 8.07123E-01
 7.70000E-01 4.50087E-01 5.69641E-01 7.39107E-01 8.09967E-01
 7.80000E-01 4.53374E-01 5.73801E-01 7.42274E-01 8.12751E-01
 7.90000E-01 4.56588E-01 5.77869E-01 7.45386E-01 8.15476E-01
 8.00000E-01 4.59731E-01 5.81847E-01 7.48444E-01 8.18143E-01
 8.10000E-01 4.62805E-01 5.85737E-01 7.51450E-01 8.20755E-01
 8.20000E-01 4.65810E-01 5.89541E-01 7.54404E-01 8.23312E-01
 8.30000E-01 4.68750E-01 5.93261E-01 7.57309E-01 8.25817E-01
 8.40000E-01 4.71625E-01 5.96900E-01 7.60166E-01 8.28270E-01
 8.50000E-01 4.74436E-01 6.00459E-01 7.62975E-01 8.30674E-01
 8.60000E-01 4.77187E-01 6.03939E-01 7.65737E-01 8.33029E-01
 8.70000E-01 4.79877E-01 6.07344E-01 7.68454E-01 8.35336E-01
 8.80000E-01 4.82509E-01 6.10675E-01 7.71127E-01 8.37598E-01
 8.90000E-01 4.85083E-01 6.13933E-01 7.73756E-01 8.39814E-01
 9.00000E-01 4.87602E-01 6.17121E-01 7.76343E-01 8.41986E-01
 9.10000E-01 4.90066E-01 6.20240E-01 7.78889E-01 8.44116E-01
 9.20000E-01 4.92477E-01 6.23291E-01 7.81394E-01 8.46205E-01
 9.30000E-01 4.94837E-01 6.26277E-01 7.83859E-01 8.48253E-01
 9.40000E-01 4.97145E-01 6.29200E-01 7.86286E-01 8.50261E-01
 9.50000E-01 4.99405E-01 6.32060E-01 7.88675E-01 8.52231E-01
 9.60000E-01 5.01617E-01 6.34859E-01 7.91027E-01 8.54163E-01
 9.70000E-01 5.03782E-01 6.37599E-01 7.93343E-01 8.56059E-01
 9.80000E-01 5.05901E-01 6.40281E-01 7.95623E-01 8.57918E-01
 9.90000E-01 5.07975E-01 6.42906E-01 7.97868E-01 8.59743E-01
 1.00000E+00 5.10006E-01 6.45477E-01 8.00079E-01 8.61535E-01
 1.01158E+00 5.12305E-01 6.48386E-01 8.02598E-01 8.63567E-01
 1.02329E+00 5.14575E-01 6.51258E-01 8.05102E-01 8.65579E-01
 1.03514E+00 5.16814E-01 6.54093E-01 8.07591E-01 8.67570E-01
 1.04713E+00 5.19024E-01 6.56890E-01 8.10064E-01 8.69541E-01
 1.05925E+00 5.21205E-01 6.59650E-01 8.12522E-01 8.71492E-01
 1.07152E+00 5.23356E-01 6.62373E-01 8.14964E-01 8.73422E-01
 1.08393E+00 5.25478E-01 6.65058E-01 8.17391E-01 8.75331E-01
 1.09648E+00 5.27570E-01 6.67706E-01 8.19801E-01 8.77220E-01
 1.10917E+00 5.29633E-01 6.70317E-01 8.22196E-01 8.79089E-01
 1.12202E+00 5.31667E-01 6.72891E-01 8.24575E-01 8.80937E-01
 1.13501E+00 5.33671E-01 6.75428E-01 8.26938E-01 8.82765E-01
 1.14815E+00 5.35647E-01 6.77928E-01 8.29284E-01 8.84572E-01
 1.16145E+00 5.37594E-01 6.80392E-01 8.31615E-01 8.86359E-01
 1.17490E+00 5.39512E-01 6.82820E-01 8.33929E-01 8.88126E-01
 1.18850E+00 5.41401E-01 6.85211E-01 8.36227E-01 8.89873E-01
 1.20226E+00 5.43262E-01 6.87566E-01 8.38508E-01 8.91600E-01
 1.21619E+00 5.45095E-01 6.89886E-01 8.40772E-01 8.93306E-01
 1.23027E+00 5.46899E-01 6.92170E-01 8.43021E-01 8.94992E-01
 1.24451E+00 5.48676E-01 6.94418E-01 8.45252E-01 8.96659E-01
 1.25893E+00 5.50425E-01 6.96632E-01 8.47467E-01 8.98305E-01
 1.27350E+00 5.52147E-01 6.98811E-01 8.49664E-01 8.99932E-01
 1.28825E+00 5.53841E-01 7.00955E-01 8.51845E-01 9.01538E-01
 1.30317E+00 5.55508E-01 7.03065E-01 8.54009E-01 9.03125E-01
 1.31826E+00 5.57148E-01 7.05140E-01 8.56156E-01 9.04693E-01
 1.33352E+00 5.58762E-01 7.07183E-01 8.58286E-01 9.06241E-01
 1.34896E+00 5.60349E-01 7.09191E-01 8.60399E-01 9.07770E-01
 1.36458E+00 5.61910E-01 7.11167E-01 8.62494E-01 9.09279E-01
 1.38038E+00 5.63445E-01 7.13110E-01 8.64572E-01 9.10769E-01
 1.39637E+00 5.64954E-01 7.15020E-01 8.66633E-01 9.12240E-01
 1.41254E+00 5.66438E-01 7.16898E-01 8.68677E-01 9.13692E-01
 1.42889E+00 5.67897E-01 7.18744E-01 8.70703E-01 9.15125E-01
 1.44544E+00 5.69330E-01 7.20559E-01 8.72712E-01 9.16539E-01
 1.46218E+00 5.70740E-01 7.22342E-01 8.74703E-01 9.17935E-01
 1.47911E+00 5.72125E-01 7.24095E-01 8.76677E-01 9.19311E-01
 1.49624E+00 5.73485E-01 7.25817E-01 8.78633E-01 9.20670E-01
 1.51356E+00 5.74822E-01 7.27509E-01 8.80571E-01 9.22010E-01
 1.53109E+00 5.76136E-01 7.29172E-01 8.82492E-01 9.23332E-01
 1.54882E+00 5.77426E-01 7.30805E-01 8.84395E-01 9.24636E-01
 1.56675E+00 5.78693E-01 7.32408E-01 8.86281E-01 9.25921E-01
 1.58489E+00 5.79938E-01 7.33984E-01 8.88148E-01 9.27189E-01
 1.60325E+00 5.81160E-01 7.35530E-01 8.89998E-01 9.28440E-01
 1.62181E+00 5.82360E-01 7.37049E-01 8.91829E-01 9.29673E-01
 1.64059E+00 5.83538E-01 7.38540E-01 8.93634E-01 9.30888E-01
 1.65959E+00 5.84695E-01 7.40004E-01 8.95405E-01 9.32086E-01
 1.67880E+00 5.85830E-01 7.41441E-01 8.97144E-01 9.33267E-01
 1.69824E+00 5.86945E-01 7.42852E-01 8.98850E-01 9.34431E-01
 1.71791E+00 5.88038E-01 7.44236E-01 9.00526E-01 9.35578E-01
 1.73780E+00 5.89112E-01 7.45595E-01 9.02169E-01 9.36708E-01
 1.75792E+00 5.90165E-01 7.46928E-01 9.03782E-01 9.37822E-01
 1.77828E+00 5.91199E-01 7.48236E-01 9.05365E-01 9.38919E-01
 1.79887E+00 5.92213E-01 7.49519E-01 9.06918E-01 9.40000E-01
 1.81970E+00 5.93208E-01 7.50778E-01 9.08442E-01 9.41065E-01
 1.84077E+00 5.94183E-01 7.52013E-01 9.09936E-01 9.42114E-01
 1.86209E+00 5.95141E-01 7.53225E-01 9.11402E-01 9.43147E-01
 1.88365E+00 5.96080E-01 7.54413E-01 9.12840E-01 9.44165E-01
 1.90546E+00 5.97000E-01 7.55579E-01 9.14250E-01 9.45167E-01
 1.92752E+00 5.97903E-01 7.56722E-01 9.15633E-01 9.46154E-01
 1.94984E+00 5.98789E-01 7.57842E-01 9.16989E-01 9.47125E-01
 1.97242E+00 5.99657E-01 7.58941E-01 9.18319E-01 9.48082E-01
 1.99526E+00 6.00509E-01 7.60019E-01 9.19623E-01 9.49023E-01
 2.01837E+00 6.01343E-01 7.61075E-01 9.20901E-01 9.49950E-01
 2.04174E+00 6.02162E-01 7.62111E-01 9.22154E-01 9.50862E-01
 2.06538E+00 6.02964E-01 7.63126E-01 9.23382E-01 9.51760E-01
 2.08930E+00 6.03750E-01 7.64121E-01 9.24586E-01 9.52644E-01
 2.11349E+00 6.04521E-01 7.65096E-01 9.25767E-01 9.53514E-01
 2.13796E+00 6.05276E-01 7.66052E-01 9.26923E-01 9.54369E-01
 2.16272E+00 6.06016E-01 7.66989E-01 9.28057E-01 9.55211E-01
 2.18776E+00 6.06741E-01 7.67907E-01 9.29168E-01 9.56040E-01
 2.21309E+00 6.07452E-01 7.68807E-01 9.30256E-01 9.56855E-01
 2.23872E+00 6.08149E-01 7.69688E-01 9.31323E-01 9.57657E-01
 2.26464E+00 6.08831E-01 7.70552E-01 9.32368E-01 9.58445E-01
 2.29087E+00 6.09500E-01 7.71398E-01 9.33392E-01 9.59221E-01
 2.31739E+00 6.10155E-01 7.72227E-01 9.34395E-01 9.59984E-01
 2.34423E+00 6.10797E-01 7.73040E-01 9.35378E-01 9.60734E-01
 2.37137E+00 6.11425E-01 7.73835E-01 9.36341E-01 9.61471E-01
 2.39883E+00 6.12041E-01 7.74615E-01 9.37284E-01 9.62197E-01
 2.42661E+00 6.12644E-01 7.75378E-01 9.38207E-01 9.62910E-01
 2.45471E+00 6.13235E-01 7.76126E-01 9.39112E-01 9.63611E-01
 2.48313E+00 6.13814E-01 7.76858E-01 9.39998E-01 9.64301E-01
 2.51189E+00 6.14380E-01 7.77575E-01 9.40866E-01 9.64978E-01
 2.54097E+00 6.14935E-01 7.78278E-01 9.41716E-01 9.65645E-01
 2.57040E+00 6.15479E-01 7.78965E-01 9.42548E-01 9.66299E-01
 2.60016E+00 6.16011E-01 7.79639E-01 9.43363E-01 9.66943E-01
 2.63027E+00 6.16532E-01 7.80299E-01 9.44161E-01 9.67576E-01
 2.66073E+00 6.17042E-01 7.80944E-01 9.44943E-01 9.68197E-01
 2.69153E+00 6.17542E-01 7.81577E-01 9.45708E-01 9.68808E-01
 2.72270E+00 6.18031E-01 7.82196E-01 9.46457E-01 9.69408E-01
 2.75423E+00 6.18510E-01 7.82802E-01 9.47190E-01 9.69998E-01
 2.78612E+00 6.18979E-01 7.83395E-01 9.47908E-01 9.70577E-01
 2.81838E+00 6.19438E-01 7.83976E-01 9.48611E-01 9.71147E-01
 2.85102E+00 6.19887E-01 7.84545E-01 9.49299E-01 9.71706E-01
 2.88403E+00 6.20327E-01 7.85102E-01 9.49973E-01 9.72255E-01
 2.91743E+00 6.20758E-01 7.85646E-01 9.50632E-01 9.72795E-01
 2.95121E+00 6.21179E-01 7.86180E-01 9.51278E-01 9.73325E-01
 2.98538E+00 6.21592E-01 7.86702E-01 9.51909E-01 9.73846E-01
 3.01995E+00 6.21995E-01 7.87213E-01 9.52528E-01 9.74357E-01
 3.05492E+00 6.22391E-01 7.87713E-01 9.53133E-01 9.74859E-01
 3.09030E+00 6.22777E-01 7.88202E-01 9.53725E-01 9.75352E-01
 3.12608E+00 6.23156E-01 7.88681E-01 9.54305E-01 9.75836E-01
 3.16228E+00 6.23526E-01 7.89150E-01 9.54872E-01 9.76312E-01
 3.19890E+00 6.23889E-01 7.89609E-01 9.55427E-01 9.76779E-01
 3.23594E+00 6.24243E-01 7.90058E-01 9.55970E-01 9.77237E-01
 3.27341E+00 6.24591E-01 7.90497E-01 9.56502E-01 9.77687E-01
 3.31131E+00 6.24930E-01 7.90927E-01 9.57022E-01 9.78129E-01
 3.34965E+00 6.25263E-01 7.91348E-01 9.57531E-01 9.78562E-01
 3.38844E+00 6.25588E-01 7.91760E-01 9.58029E-01 9.78988E-01
 3.42768E+00 6.25906E-01 7.92162E-01 9.58516E-01 9.79406E-01
 3.46737E+00 6.26217E-01 7.92556E-01 9.58993E-01 9.79816E-01
 3.50752E+00 6.26522E-01 7.92942E-01 9.59460E-01 9.80219E-01
 3.54813E+00 6.26820E-01 7.93319E-01 9.59916E-01 9.80614E-01
 3.58922E+00 6.27112E-01 7.93688E-01 9.60363E-01 9.81002E-01
 3.63078E+00 6.27397E-01 7.94049E-01 9.60800E-01 9.81382E-01
 3.67282E+00 6.27676E-01 7.94403E-01 9.61227E-01 9.81756E-01
 3.71535E+00 6.27949E-01 7.94748E-01 9.61645E-01 9.82122E-01
 3.75837E+00 6.28216E-01 7.95086E-01 9.62055E-01 9.82482E-01
 3.80189E+00 6.28478E-01 7.95417E-01 9.62455E-01 9.82835E-01
 3.84592E+00 6.28733E-01 7.95741E-01 9.62846E-01 9.83181E-01
 3.89045E+00 6.28983E-01 7.96057E-01 9.63229E-01 9.83521E-01
 3.93550E+00 6.29228E-01 7.96367E-01 9.63604E-01 9.83854E-01
 3.98107E+00 6.29467E-01 7.96670E-01 9.63970E-01 9.84181E-01
 4.02717E+00 6.29701E-01 7.96966E-01 9.64329E-01 9.84502E-01
 4.07380E+00 6.29930E-01 7.97256E-01 9.64679E-01 9.84816E-01
 4.12098E+00 6.30154E-01 7.97539E-01 9.65022E-01 9.85125E-01
 4.16869E+00 6.30373E-01 7.97816E-01 9.65358E-01 9.85428E-01
 4.21697E+00 6.30588E-01 7.98088E-01 9.65686E-01 9.85725E-01
 4.26580E+00 6.30797E-01 7.98353E-01 9.66007E-01 9.86016E-01
 4.31519E+00 6.31002E-01 7.98612E-01 9.66321E-01 9.86302E-01
 4.36516E+00 6.31203E-01 7.98866E-01 9.66628E-01 9.86582E-01
 4.41570E+00 6.31399E-01 7.99114E-01 9.66928E-01 9.86857E-01
 4.46684E+00 6.31591E-01 7.99357E-01 9.67222E-01 9.87126E-01
 4.51856E+00 6.31778E-01 7.99594E-01 9.67509E-01 9.87391E-01
 4.57088E+00 6.31962E-01 7.99826E-01 9.67790E-01 9.87650E-01
 4.62381E+00 6.32141E-01 8.00053E-01 9.68065E-01 9.87904E-01
 4.67735E+00 6.32316E-01 8.00275E-01 9.68333E-01 9.88153E-01
 4.73151E+00 6.32488E-01 8.00493E-01 9.68596E-01 9.88398E-01
 4.78630E+00 6.32656E-01 8.00705E-01 9.68853E-01 9.88637E-01
 4.84172E+00 6.32820E-01 8.00913E-01 9.69104E-01 9.88872E-01
 4.89779E+00 6.32980E-01 8.01116E-01 9.69350E-01 9.89103E-01
 4.95450E+00 6.33137E-01 8.01314E-01 9.69590E-01 9.89329E-01
 5.01187E+00 6.33291E-01 8.01509E-01 9.69825E-01 9.89550E-01
 5.06991E+00 6.33441E-01 8.01698E-01 9.70055E-01 9.89767E-01
 5.12861E+00 6.33587E-01 8.01884E-01 9.70280E-01 9.89980E-01
 5.18800E+00 6.33731E-01 8.02066E-01 9.70500E-01 9.90189E-01
 5.24807E+00 6.33871E-01 8.02243E-01 9.70714E-01 9.90394E-01
 5.30884E+00 6.34009E-01 8.02417E-01 9.70925E-01 9.90594E-01
 5.37032E+00 6.34143E-01 8.02587E-01 9.71130E-01 9.90791E-01
 5.43250E+00 6.34274E-01 8.02753E-01 9.71331E-01 9.90983E-01
 5.49541E+00 6.34402E-01 8.02915E-01 9.71527E-01 9.91172E-01
 5.55904E+00 6.34528E-01 8.03074E-01 9.71720E-01 9.91358E-01
 5.62341E+00 6.34650E-01 8.03229E-01 9.71907E-01 9.91539E-01
 5.68853E+00 6.34770E-01 8.03381E-01 9.72091E-01 9.91717E-01
 5.75440E+00 6.34887E-01 8.03529E-01 9.72271E-01 9.91891E-01
 5.82103E+00 6.35002E-01 8.03675E-01 9.72446E-01 9.92062E-01
 5.88844E+00 6.35114E-01 8.03817E-01 9.72618E-01 9.92230E-01
 5.95662E+00 6.35224E-01 8.03955E-01 9.72786E-01 9.92394E-01
 6.02560E+00 6.35331E-01 8.04091E-01 9.72950E-01 9.92555E-01
 6.09537E+00 6.35436E-01 8.04224E-01 9.73110E-01 9.92712E-01
 6.16595E+00 6.35538E-01 8.04353E-01 9.73267E-01 9.92867E-01
 6.23735E+00 6.35639E-01 8.04480E-01 9.73421E-01 9.93018E-01
 6.30957E+00 6.35736E-01 8.04604E-01 9.73571E-01 9.93167E-01
 6.38263E+00 6.35832E-01 8.04725E-01 9.73717E-01 9.93312E-01
 6.45654E+00 6.35926E-01 8.04844E-01 9.73861E-01 9.93454E-01
 6.53131E+00 6.36017E-01 8.04960E-01 9.74001E-01 9.93594E-01
 6.60693E+00 6.36107E-01 8.05073E-01 9.74138E-01 9.93731E-01
 6.68344E+00 6.36194E-01 8.05184E-01 9.74272E-01 9.93865E-01
 6.76083E+00 6.36280E-01 8.05292E-01 9.74403E-01 9.93996E-01
 6.83912E+00 6.36364E-01 8.05398E-01 9.74531E-01 9.94125E-01
 6.91831E+00 6.36445E-01 8.05501E-01 9.74657E-01 9.94251E-01
 6.99842E+00 6.36525E-01 8.05602E-01 9.74779E-01 9.94375E-01
 7.07946E+00 6.36604E-01 8.05701E-01 9.74899E-01 9.94496E-01
 7.16143E+00 6.36680E-01 8.05798E-01 9.75016E-01 9.94614E-01
 7.24436E+00 6.36755E-01 8.05893E-01 9.75130E-01 9.94731E-01
 7.32825E+00 6.36828E-01 8.05985E-01 9.75242E-01 9.94844E-01
 7.41310E+00 6.36899E-01 8.06075E-01 9.75351E-01 9.94956E-01
 7.49894E+00 6.36969E-01 8.06164E-01 9.75458E-01 9.95065E-01
 7.58578E+00 6.37037E-01 8.06250E-01 9.75563E-01 9.95172E-01
 7.67361E+00 6.37104E-01 8.06335E-01 9.75665E-01 9.95276E-01
 7.76247E+00 6.37169E-01 8.06417E-01 9.75765E-01 9.95378E-01
 7.85236E+00 6.37233E-01 8.06498E-01 9.75862E-01 9.95477E-01
 7.94328E+00 6.37295E-01 8.06577E-01 9.75958E-01 9.95575E-01
 8.03526E+00 6.37356E-01 8.06654E-01 9.76051E-01 9.95670E-01
 8.12831E+00 6.37416E-01 8.06729E-01 9.76142E-01 9.95763E-01
 8.22243E+00 6.37474E-01 8.06803E-01 9.76232E-01 9.95854E-01
 8.31764E+00 6.37531E-01 8.06875E-01 9.76319E-01 9.95943E-01
 8.41395E+00 6.37587E-01 8.06946E-01 9.76404E-01 9.96030E-01
 8.51138E+00 6.37641E-01 8.07014E-01 9.76487E-01 9.96115E-01
 8.60994E+00 6.37694E-01 8.07082E-01 9.76569E-01 9.96198E-01
 8.70964E+00 6.37746E-01 8.07148E-01 9.76649E-01 9.96279E-01
 8.81049E+00 6.37797E-01 8.07212E-01 9.76726E-01 9.96359E-01
 8.91251E+00 6.37847E-01 8.07275E-01 9.76802E-01 9.96436E-01
 9.01571E+00 6.37895E-01 8.07336E-01 9.76877E-01 9.96512E-01
 9.12011E+00 6.37943E-01 8.07396E-01 9.76950E-01 9.96586E-01
 9.22571E+00 6.37989E-01 8.07455E-01 9.77021E-01 9.96659E-01
 9.33254E+00 6.38035E-01 8.07513E-01 9.77090E-01 9.96730E-01
 9.44061E+00 6.38079E-01 8.07569E-01 9.77158E-01 9.96799E-01
 9.54993E+00 6.38122E-01 8.07624E-01 9.77224E-01 9.96867E-01
 9.66051E+00 6.38165E-01 8.07677E-01 9.77289E-01 9.96933E-01
 9.77237E+00 6.38206E-01 8.07730E-01 9.77353E-01 9.96998E-01
 9.88553E+00 6.38247E-01 8.07781E-01 9.77415E-01 9.97061E-01
 1.00000E+01 6.38286E-01 8.07831E-01 9.77476E-01 9.97123E-01
 1.01158E+01 6.38325E-01 8.07880E-01 9.77535E-01 9.97183E-01
 1.02329E+01 6.38363E-01 8.07928E-01 9.77593E-01 9.97242E-01
 1.03514E+01 6.38400E-01 8.07975E-01 9.77649E-01 9.97300E-01
 1.04713E+01 6.38436E-01 8.08020E-01 9.77705E-01 9.97357E-01
 1.05925E+01 6.38471E-01 8.08065E-01 9.77759E-01 9.97412E-01
 1.07152E+01 6.38506E-01 8.08109E-01 9.77812E-01 9.97466E-01
 1.08393E+01 6.38540E-01 8.08152E-01 9.77863E-01 9.97518E-01
 1.09648E+01 6.38573E-01 8.08193E-01 9.77914E-01 9.97570E-01
 1.10917E+01 6.38605E-01 8.08234E-01 9.77963E-01 9.97620E-01
 1.12202E+01 6.38636E-01 8.08274E-01 9.78012E-01 9.97670E-01
 1.13501E+01 6.38667E-01 8.08313E-01 9.78059E-01 9.97718E-01
 1.14815E+01 6.38697E-01 8.08351E-01 9.78105E-01 9.97765E-01
 1.16145E+01 6.38727E-01 8.08389E-01 9.78150E-01 9.97811E-01
 1.17490E+01 6.38756E-01 8.08425E-01 9.78194E-01 9.97856E-01
 1.18850E+01 6.38784E-01 8.08461E-01 9.78237E-01 9.97900E-01
 1.20226E+01 6.38811E-01 8.08495E-01 9.78279E-01 9.97943E-01
 1.21619E+01 6.38838E-01 8.08529E-01 9.78321E-01 9.97985E-01
 1.23027E+01 6.38864E-01 8.08563E-01 9.78361E-01 9.98026E-01
 1.24451E+01 6.38890E-01 8.08595E-01 9.78400E-01 9.98066E-01
 1.25893E+01 6.38915E-01 8.08627E-01 9.78439E-01 9.98105E-01
 1.27350E+01 6.38940E-01 8.08658E-01 9.78476E-01 9.98144E-01
 1.28825E+01 6.38964E-01 8.08688E-01 9.78513E-01 9.98181E-01
 1.30317E+01 6.38987E-01 8.08718E-01 9.78549E-01 9.98218E-01
 1.31826E+01 6.39010E-01 8.08747E-01 9.78584E-01 9.98253E-01
 1.33352E+01 6.39032E-01 8.08775E-01 9.78618E-01 9.98288E-01
 1.34896E+01 6.39054E-01 8.08803E-01 9.78652E-01 9.98323E-01
 1.36458E+01 6.39076E-01 8.08830E-01 9.78685E-01 9.98356E-01
 1.38038E+01 6.39097E-01 8.08857E-01 9.78717E-01 9.98389E-01
 1.39637E+01 6.39117E-01 8.08883E-01 9.78748E-01 9.98421E-01
 1.41254E+01 6.39137E-01 8.08908E-01 9.78779E-01 9.98452E-01
 1.42889E+01 6.39157E-01 8.08933E-01 9.78808E-01 9.98482E-01
 1.44544E+01 6.39176E-01 8.08957E-01 9.78838E-01 9.98512E-01
 1.46218E+01 6.39194E-01 8.08980E-01 9.78866E-01 9.98541E-01
 1.47911E+01 6.39213E-01 8.09003E-01 9.78894E-01 9.98570E-01
 1.49624E+01 6.39230E-01 8.09026E-01 9.78921E-01 9.98598E-01
 1.51356E+01 6.39248E-01 8.09048E-01 9.78948E-01 9.98625E-01
 1.53109E+01 6.39265E-01 8.09070E-01 9.78974E-01 9.98652E-01
 1.54882E+01 6.39282E-01 8.09091E-01 9.79000E-01 9.98678E-01
 1.56675E+01 6.39298E-01 8.09111E-01 9.79025E-01 9.98703E-01
 1.58489E+01 6.39314E-01 8.09131E-01 9.79049E-01 9.98728E-01
 1.60325E+01 6.39329E-01 8.09151E-01 9.79073E-01 9.98752E-01
 1.62181E+01 6.39344E-01 8.09170E-01 9.79096E-01 9.98776E-01
 1.64059E+01 6.39359E-01 8.09189E-01 9.79119E-01 9.98799E-01
 1.65959E+01 6.39374E-01 8.09208E-01 9.79141E-01 9.98822E-01
 1.67880E+01 6.39388E-01 8.09225E-01 9.79163E-01 9.98844E-01
 1.69824E+01 6.39402E-01 8.09243E-01 9.79184E-01 9.98866E-01
 1.71791E+01 6.39415E-01 8.09260E-01 9.79205E-01 9.98887E-01
 1.73780E+01 6.39429E-01 8.09277E-01 9.79225E-01 9.98908E-01
 1.75792E+01 6.39442E-01 8.09293E-01 9.79245E-01 9.98928E-01
 1.77828E+01 6.39454E-01 8.09309E-01 9.79264E-01 9.98948E-01
 1.79887E+01 6.39467E-01 8.09325E-01 9.79283E-01 9.98967E-01
 1.81970E+01 6.39479E-01 8.09340E-01 9.79302E-01 9.98986E-01
 1.84077E+01 6.39491E-01 8.09355E-01 9.79320E-01 9.99004E-01
 1.86209E+01 6.39502E-01 8.09370E-01 9.79338E-01 9.99022E-01
 1.88365E+01 6.39513E-01 8.09384E-01 9.79355E-01 9.99040E-01
 1.90546E+01 6.39524E-01 8.09398E-01 9.79372E-01 9.99057E-01
 1.92752E+01 6.39535E-01 8.09412E-01 9.79388E-01 9.99074E-01
 1.94984E+01 6.39546E-01 8.09425E-01 9.79404E-01 9.99090E-01
 1.97242E+01 6.39556E-01 8.09438E-01 9.79420E-01 9.99106E-01
 1.99526E+01 6.39566E-01 8.09451E-01 9.79436E-01 9.99122E-01
 2.01837E+01 6.39576E-01 8.09463E-01 9.79451E-01 9.99138E-01
 2.04174E+01 6.39586E-01 8.09475E-01 9.79465E-01 9.99153E-01
 2.06538E+01 6.39595E-01 8.09487E-01 9.79480E-01 9.99167E-01
 2.08930E+01 6.39604E-01 8.09499E-01 9.79494E-01 9.99182E-01
 2.11349E+01 6.39613E-01 8.09510E-01 9.79508E-01 9.99196E-01
 2.13796E+01 6.39622E-01 8.09521E-01 9.79521E-01 9.99209E-01
 2.16272E+01 6.39630E-01 8.09532E-01 9.79534E-01 9.99223E-01
 2.18776E+01 6.39639E-01 8.09543E-01 9.79547E-01 9.99236E-01
 2.21309E+01 6.39647E-01 8.09553E-01 9.79559E-01 9.99249E-01
 2.23872E+01 6.39655E-01 8.09563E-01 9.79572E-01 9.99261E-01
 2.26464E+01 6.39663E-01 8.09573E-01 9.79584E-01 9.99273E-01
 2.29087E+01 6.39671E-01 8.09583E-01 9.79595E-01 9.99285E-01
 2.31739E+01 6.39678E-01 8.09592E-01 9.79607E-01 9.99297E-01
 2.34423E+01 6.39685E-01 8.09602E-01 9.79618E-01 9.99308E-01
 2.37137E+01 6.39692E-01 8.09611E-01 9.79629E-01 9.99320E-01
 2.39883E+01 6.39699E-01 8.09620E-01 9.79640E-01 9.99330E-01
 2.42661E+01 6.39706E-01 8.09628E-01 9.79650E-01 9.99341E-01
 2.45471E+01 6.39713E-01 8.09637E-01 9.79660E-01 9.99352E-01
 2.48313E+01 6.39719E-01 8.09645E-01 9.79670E-01 9.99362E-01
 2.51189E+01 6.39726E-01 8.09653E-01 9.79680E-01 9.99372E-01
 2.54097E+01 6.39732E-01 8.09661E-01 9.79690E-01 9.99381E-01
 2.57040E+01 6.39738E-01 8.09669E-01 9.79699E-01 9.99391E-01
 2.60016E+01 6.39744E-01 8.09676E-01 9.79708E-01 9.99400E-01
 2.63027E+01 6.39750E-01 8.09683E-01 9.79717E-01 9.99409E-01
 2.66073E+01 6.39756E-01 8.09691E-01 9.79726E-01 9.99418E-01
 2.69153E+01 6.39761E-01 8.09698E-01 9.79734E-01 9.99427E-01
 2.72270E+01 6.39767E-01 8.09704E-01 9.79742E-01 9.99435E-01
 2.75423E+01 6.39772E-01 8.09711E-01 9.79751E-01 9.99444E-01
 2.78612E+01 6.39777E-01 8.09718E-01 9.79758E-01 9.99452E-01
 2.81838E+01 6.39782E-01 8.09724E-01 9.79766E-01 9.99460E-01
 2.85102E+01 6.39787E-01 8.09730E-01 9.79774E-01 9.99467E-01
 2.88403E+01 6.39792E-01 8.09737E-01 9.79781E-01 9.99475E-01
 2.91743E+01 6.39797E-01 8.09743E-01 9.79788E-01 9.99482E-01
 2.95121E+01 6.39801E-01 8.09748E-01 9.79796E-01 9.99489E-01
 2.98538E+01 6.39806E-01 8.09754E-01 9.79802E-01 9.99496E-01
 3.01995E+01 6.39810E-01 8.09760E-01 9.79809E-01 9.99503E-01
 3.05492E+01 6.39814E-01 8.09765E-01 9.79816E-01 9.99510E-01
 3.09030E+01 6.39819E-01 8.09770E-01 9.79822E-01 9.99517E-01
 3.12608E+01 6.39823E-01 8.09776E-01 9.79829E-01 9.99523E-01
 3.16228E+01 6.39827E-01 8.09781E-01 9.79835E-01 9.99529E-01
 3.19890E+01 6.39831E-01 8.09786E-01 9.79841E-01 9.99536E-01
 3.23594E+01 6.39835E-01 8.09791E-01 9.79847E-01 9.99542E-01
 3.27341E+01 6.39838E-01 8.09795E-01 9.79852E-01 9.99547E-01
 3.31131E+01 6.39842E-01 8.09800E-01 9.79858E-01 9.99553E-01
 3.34965E+01 6.39846E-01 8.09805E-01 9.79864E-01 9.99559E-01
 3.38844E+01 6.39849E-01 8.09809E-01 9.79869E-01 9.99564E-01
 3.42768E+01 6.39853E-01 8.09813E-01 9.79874E-01 9.99570E-01
 3.46737E+01 6.39856E-01 8.09818E-01 9.79879E-01 9.99575E-01
 3.50752E+01 6.39859E-01 8.09822E-01 9.79884E-01 9.99580E-01
 3.54813E+01 6.39862E-01 8.09826E-01 9.79889E-01 9.99585E-01
 3.58922E+01 6.39865E-01 8.09830E-01 9.79894E-01 9.99590E-01
 3.63078E+01 6.39869E-01 8.09834E-01 9.79899E-01 9.99595E-01
 3.67282E+01 6.39872E-01 8.09837E-01 9.79903E-01 9.99599E-01
 3.71535E+01 6.39874E-01 8.09841E-01 9.79908E-01 9.99604E-01
 3.75837E+01 6.39877E-01 8.09845E-01 9.79912E-01 9.99608E-01
 3.80189E+01 6.39880E-01 8.09848E-01 9.79916E-01 9.99613E-01
 3.84592E+01 6.39883E-01 8.09852E-01 9.79920E-01 9.99617E-01
 3.89045E+01 6.39885E-01 8.09855E-01 9.79925E-01 9.99621E-01
 3.93550E+01 6.39888E-01 8.09858E-01 9.79929E-01 9.99625E-01
 3.98107E+01 6.39891E-01 8.09862E-01 9.79932E-01 9.99629E-01
 4.02717E+01 6.39893E-01 8.09865E-01 9.79936E-01 9.99633E-01
 4.07380E+01 6.39896E-01 8.09868E-01 9.79940E-01 9.99637E-01
 4.12098E+01 6.39898E-01 8.09871E-01 9.79944E-01 9.99640E-01
 4.16869E+01 6.39900E-01 8.09874E-01 9.79947E-01 9.99644E-01
 4.21697E+01 6.39902E-01 8.09877E-01 9.79951E-01 9.99648E-01
 4.26580E+01 6.39905E-01 8.09879E-01 9.79954E-01 9.99651E-01
 4.31519E+01 6.39907E-01 8.09882E-01 9.79957E-01 9.99654E-01
 4.36516E+01 6.39909E-01 8.09885E-01 9.79961E-01 9.99658E-01
 4.41570E+01 6.39911E-01 8.09887E-01 9.79964E-01 9.99661E-01
 4.46684E+01 6.39913E-01 8.09890E-01 9.79967E-01 9.99664E-01
 4.51856E+01 6.39915E-01 8.09892E-01 9.79970E-01 9.99667E-01
 4.57088E+01 6.39917E-01 8.09895E-01 9.79973E-01 9.99670E-01
 4.62381E+01 6.39919E-01 8.09897E-01 9.79976E-01 9.99673E-01
 4.67735E+01 6.39921E-01 8.09900E-01 9.79979E-01 9.99676E-01
 4.73151E+01 6.39922E-01 8.09902E-01 9.79981E-01 9.99679E-01
 4.78630E+01 6.39924E-01 8.09904E-01 9.79984E-01 9.99682E-01
 4.84172E+01 6.39926E-01 8.09906E-01 9.79987E-01 9.99684E-01
 4.89779E+01 6.39928E-01 8.09908E-01 9.79989E-01 9.99687E-01
 4.95450E+01 6.39929E-01 8.09911E-01 9.79992E-01 9.99690E-01
 5.01187E+01 6.39931E-01 8.09913E-01 9.79994E-01 9.99692E-01
 5.06991E+01 6.39932E-01 8.09915E-01 9.79997E-01 9.99695E-01
 5.12861E+01 6.39934E-01 8.09916E-01 9.79999E-01 9.99697E-01
 5.18800E+01 6.39936E-01 8.09918E-01 9.80001E-01 9.99699E-01
 5.24807E+01 6.39937E-01 8.09920E-01 9.80003E-01 9.99702E-01
 5.30884E+01 6.39938E-01 8.09922E-01 9.80006E-01 9.99704E-01
 5.37032E+01 6.39940E-01 8.09924E-01 9.80008E-01 9.99706E-01
 5.43250E+01 6.39941E-01 8.09926E-01 9.80010E-01 9.99708E-01
 5.49541E+01 6.39943E-01 8.09927E-01 9.80012E-01 9.99710E-01
 5.55904E+01 6.39944E-01 8.09929E-01 9.80014E-01 9.99712E-01
 5.62341E+01 6.39945E-01 8.09931E-01 9.80016E-01 9.99714E-01
 5.68853E+01 6.39946E-01 8.09932E-01 9.80018E-01 9.99716E-01
 5.75440E+01 6.39948E-01 8.09934E-01 9.80020E-01 9.99718E-01
 5.82103E+01 6.39949E-01 8.09935E-01 9.80022E-01 9.99720E-01
 5.88844E+01 6.39950E-01 8.09937E-01 9.80023E-01 9.99722E-01
 5.95662E+01 6.39951E-01 8.09938E-01 9.80025E-01 9.99724E-01
 6.02560E+01 6.39952E-01 8.09939E-01 9.80027E-01 9.99725E-01
 6.09537E+01 6.39953E-01 8.09941E-01 9.80028E-01 9.99727E-01
 6.16595E+01 6.39954E-01 8.09942E-01 9.80030E-01 9.99729E-01
 6.23735E+01 6.39955E-01 8.09944E-01 9.80032E-01 9.99730E-01
 6.30957E+01 6.39956E-01 8.09945E-01 9.80033E-01 9.99732E-01
 6.38263E+01 6.39957E-01 8.09946E-01 9.80035E-01 9.99733E-01
 6.45654E+01 6.39958E-01 8.09947E-01 9.80036E-01 9.99735E-01
 6.53131E+01 6.39959E-01 8.09948E-01 9.80038E-01 9.99736E-01
 6.60693E+01 6.39960E-01 8.09950E-01 9.80039E-01 9.99738E-01
 6.68344E+01 6.39961E-01 8.09951E-01 9.80040E-01 9.99739E-01
 6.76083E+01 6.39962E-01 8.09952E-01 9.80042E-01 9.99741E-01
 6.83912E+01 6.39963E-01 8.09953E-01 9.80043E-01 9.99742E-01
 6.91831E+01 6.39964E-01 8.09954E-01 9.80044E-01 9.99743E-01
 6.99842E+01 6.39965E-01 8.09955E-01 9.80046E-01 9.99745E-01
 7.07946E+01 6.39965E-01 8.09956E-01 9.80047E-01 9.99746E-01
 7.16143E+01 6.39966E-01 8.09957E-01 9.80048E-01 9.99747E-01
 7.24436E+01 6.39967E-01 8.09958E-01 9.80049E-01 9.99748E-01
 7.32825E+01 6.39968E-01 8.09959E-01 9.80050E-01 9.99749E-01
 7.41310E+01 6.39968E-01 8.09960E-01 9.80052E-01 9.99751E-01
 7.49894E+01 6.39969E-01 8.09961E-01 9.80053E-01 9.99752E-01
 7.58578E+01 6.39970E-01 8.09962E-01 9.80054E-01 9.99753E-01
 7.67361E+01 6.39970E-01 8.09963E-01 9.80055E-01 9.99754E-01
 7.76247E+01 6.39971E-01 8.09964E-01 9.80056E-01 9.99755E-01
 7.85236E+01 6.39972E-01 8.09964E-01 9.80057E-01 9.99756E-01
 7.94328E+01 6.39972E-01 8.09965E-01 9.80058E-01 9.99757E-01
 8.03526E+01 6.39973E-01 8.09966E-01 9.80059E-01 9.99758E-01
 8.12831E+01 6.39974E-01 8.09967E-01 9.80060E-01 9.99759E-01
 8.22243E+01 6.39974E-01 8.09967E-01 9.80061E-01 9.99760E-01
 8.31764E+01 6.39975E-01 8.09968E-01 9.80062E-01 9.99761E-01
 8.41395E+01 6.39975E-01 8.09969E-01 9.80062E-01 9.99762E-01
 8.51138E+01 6.39976E-01 8.09970E-01 9.80063E-01 9.99763E-01
 8.60994E+01 6.39977E-01 8.09970E-01 9.80064E-01 9.99763E-01
 8.70964E+01 6.39977E-01 8.09971E-01 9.80065E-01 9.99764E-01
 8.81049E+01 6.39978E-01 8.09972E-01 9.80066E-01 9.99765E-01
 8.91251E+01 6.39978E-01 8.09972E-01 9.80067E-01 9.99766E-01
 9.01571E+01 6.39979E-01 8.09973E-01 9.80067E-01 9.99767E-01
 9.12011E+01 6.39979E-01 8.09974E-01 9.80068E-01 9.99767E-01
 9.22571E+01 6.39980E-01 8.09974E-01 9.80069E-01 9.99768E-01
 9.33254E+01 6.39980E-01 8.09975E-01 9.80069E-01 9.99769E-01
 9.44061E+01 6.39981E-01 8.09975E-01 9.80070E-01 9.99770E-01
 9.54993E+01 6.39981E-01 8.09976E-01 9.80071E-01 9.99770E-01
 9.66051E+01 6.39981E-01 8.09976E-01 9.80071E-01 9.99771E-01
 9.77237E+01 6.39982E-01 8.09977E-01 9.80072E-01 9.99772E-01
 9.88553E+01 6.39982E-01 8.09977E-01 9.80073E-01 9.99772E-01
 1.00000E+02 6.39983E-01 8.09978E-01 9.80073E-01 9.99773E-01
