 1.00000E-02 1.68787E-01 1.96861E-01 2.25061E-01 2.28364E-01
 2.00000E-02 1.71304E-01 1.99925E-01 2.28846E-01 2.32255E-01
 3.00000E-02 1.73834E-01 2.03070E-01 2.32719E-01 2.36241E-01
 4.00000E-02 1.76406E-01 2.06265E-01 2.36683E-01 2.40326E-01
 5.00000E-02 1.79018E-01 2.09519E-01 2.40759E-01 2.44511E-01
 6.00000E-02 1.81674E-01 2.12832E-01 2.44928E-01 2.48800E-01
 7.00000E-02 1.84369E-01 2.16211E-01 2.49200E-01 2.53206E-01
 8.00000E-02 1.87106E-01 2.19648E-01 2.53577E-01 2.57721E-01
 9.00000E-02 1.89883E-01 2.23146E-01 2.58060E-01 2.62352E-01
 1.00000E-01 1.92701E-01 2.26703E-01 2.62651E-01 2.67103E-01
 1.10000E-01 1.95559E-01 2.30319E-01 2.67349E-01 2.71973E-01
 1.20000E-01 1.98455E-01 2.33992E-01 2.72156E-01 2.76966E-01
 1.30000E-01 2.01390E-01 2.37719E-01 2.77070E-01 2.82080E-01
 1.40000E-01 2.04361E-01 2.41501E-01 2.82092E-01 2.87321E-01
 1.50000E-01 2.07368E-01 2.45332E-01 2.87222E-01 2.92686E-01
 1.60000E-01 2.10409E-01 2.49211E-01 2.92457E-01 2.98177E-01
 1.70000E-01 2.13482E-01 2.53135E-01 2.97794E-01 3.03795E-01
 1.80000E-01 2.16586E-01 2.57099E-01 3.03230E-01 3.09540E-01
 1.90000E-01 2.19718E-01 2.61100E-01 3.08762E-01 3.15410E-01
 2.00000E-01 2.22877E-01 2.65135E-01 3.14385E-01 3.21408E-01
 2.10000E-01 2.26060E-01 2.69199E-01 3.20093E-01 3.27530E-01
 2.20000E-01 2.29265E-01 2.73288E-01 3.25880E-01 3.33776E-01
 2.30000E-01 2.32490E-01 2.77399E-01 3.31737E-01 3.40145E-01
 2.40000E-01 2.35733E-01 2.81527E-01 3.37656E-01 3.46636E-01
 2.50000E-01 2.38992E-01 2.85668E-01 3.43628E-01 3.53248E-01
 2.60000E-01 2.42264E-01 2.89818E-01 3.49643E-01 3.59978E-01
 2.70000E-01 2.45547E-01 2.93973E-01 3.55689E-01 3.66825E-01
 2.80000E-01 2.48841E-01 2.98131E-01 3.61755E-01 3.73786E-01
 2.90000E-01 2.52141E-01 3.02287E-01 3.67830E-01 3.80858E-01
 3.00000E-01 2.55448E-01 3.06439E-01 3.73902E-01 3.88036E-01
 3.10000E-01 2.58759E-01 3.10584E-01 3.79961E-01 3.95313E-01
 3.20000E-01 2.62071E-01 3.14718E-01 3.85997E-01 4.02672E-01
 3.30000E-01 2.65385E-01 3.18840E-01 3.92000E-01 4.10085E-01
 3.40000E-01 2.68698E-01 3.22947E-01 3.97962E-01 4.17506E-01
 3.50000E-01 2.72009E-01 3.27038E-01 4.03877E-01 4.24884E-01
 3.60000E-01 2.75316E-01 3.31110E-01 4.09739E-01 4.32179E-01
 3.70000E-01 2.78619E-01 3.35161E-01 4.15543E-01 4.39368E-01
 3.80000E-01 2.81915E-01 3.39191E-01 4.21285E-01 4.46440E-01
 3.90000E-01 2.85204E-01 3.43198E-01 4.26962E-01 4.53390E-01
 4.00000E-01 2.88485E-01 3.47181E-01 4.32571E-01 4.60216E-01
 4.10000E-01 2.91756E-01 3.51138E-01 4.38110E-01 4.66917E-01
 4.20000E-01 2.95017E-01 3.55069E-01 4.43579E-01 4.73494E-01
 4.30000E-01 2.98267E-01 3.58972E-01 4.48976E-01 4.79949E-01
 4.40000E-01 3.01504E-01 3.62848E-01 4.54302E-01 4.86285E-01
 4.50000E-01 3.04727E-01 3.66695E-01 4.59555E-01 4.92503E-01
 4.60000E-01 3.07937E-01 3.70513E-01 4.64736E-01 4.98606E-01
 4.70000E-01 3.11131E-01 3.74301E-01 4.69845E-01 5.04596E-01
 4.80000E-01 3.14310E-01 3.78060E-01 4.74882E-01 5.10475E-01
 4.90000E-01 3.17472E-01 3.81787E-01 4.79848E-01 5.16248E-01
 5.00000E-01 3.20617E-01 3.85484E-01 4.84745E-01 5.21915E-01
 5.10000E-01 3.23744E-01 3.89149E-01 4.89571E-01 5.27479E-01
 5.20000E-01 3.26853E-01 3.92783E-01 4.94329E-01 5.32944E-01
 5.30000E-01 3.29943E-01 3.96385E-01 4.99019E-01 5.38310E-01
 5.40000E-01 3.33014E-01 3.99955E-01 5.03643E-01 5.43582E-01
 5.50000E-01 3.36065E-01 4.03494E-01 5.08200E-01 5.48759E-01
 5.60000E-01 3.39096E-01 4.07000E-01 5.12693E-01 5.53846E-01
 5.70000E-01 3.42107E-01 4.10474E-01 5.17122E-01 5.58844E-01
 5.80000E-01 3.45097E-01 4.13915E-01 5.21487E-01 5.63755E-01
 5.90000E-01 3.48066E-01 4.17325E-01 5.25791E-01 5.68581E-01
 6.00000E-01 3.51014E-01 4.20702E-01 5.30034E-01 5.73326E-01
 6.10000E-01 3.53942E-01 4.24047E-01 5.34217E-01 5.77989E-01
 6.20000E-01 3.56847E-01 4.27361E-01 5.38342E-01 5.82573E-01
 6.30000E-01 3.59732E-01 4.30642E-01 5.42408E-01 5.87080E-01
 6.40000E-01 3.62596E-01 4.33892E-01 5.46418E-01 5.91512E-01
 6.50000E-01 3.65439E-01 4.37110E-01 5.50371E-01 5.95871E-01
 6.60000E-01 3.68260E-01 4.40297E-01 5.54270E-01 6.00157E-01
 6.70000E-01 3.71061E-01 4.43452E-01 5.58114E-01 6.04373E-01
 6.80000E-01 3.73841E-01 4.46577E-01 5.61906E-01 6.08521E-01
 6.90000E-01 3.76601E-01 4.49672E-01 5.65645E-01 6.12601E-01
 7.00000E-01 3.79340E-01 4.52736E-01 5.69334E-01 6.16617E-01
 7.10000E-01 3.82059E-01 4.55770E-01 5.72971E-01 6.20567E-01
 7.20000E-01 3.84759E-01 4.58775E-01 5.76559E-01 6.24455E-01
 7.30000E-01 3.87439E-01 4.61750E-01 5.80098E-01 6.28282E-01
 7.40000E-01 3.90099E-01 4.64696E-01 5.83590E-01 6.32048E-01
 7.50000E-01 3.92741E-01 4.67614E-01 5.87034E-01 6.35757E-01
 7.60000E-01 3.95364E-01 4.70503E-01 5.90432E-01 6.39407E-01
 7.70000E-01 3.97969E-01 4.73365E-01 5.93785E-01 6.43001E-01
 7.80000E-01 4.00555E-01 4.76200E-01 5.97092E-01 6.46540E-01
 7.90000E-01 4.03124E-01 4.79007E-01 6.00356E-01 6.50025E-01
 8.00000E-01 4.05676E-01 4.81788E-01 6.03577E-01 6.53458E-01
 8.10000E-01 4.08211E-01 4.84542E-01 6.06755E-01 6.56839E-01
 8.20000E-01 4.10729E-01 4.87271E-01 6.09891E-01 6.60169E-01
 8.30000E-01 4.13230E-01 4.89974E-01 6.12986E-01 6.63450E-01
 8.40000E-01 4.15716E-01 4.92653E-01 6.16041E-01 6.66682E-01
 8.50000E-01 4.18186E-01 4.95306E-01 6.19056E-01 6.69867E-01
 8.60000E-01 4.20641E-01 4.97936E-01 6.22032E-01 6.73005E-01
 8.70000E-01 4.23080E-01 5.00542E-01 6.24970E-01 6.76097E-01
 8.80000E-01 4.25505E-01 5.03125E-01 6.27870E-01 6.79145E-01
 8.90000E-01 4.27916E-01 5.05684E-01 6.30733E-01 6.82149E-01
 9.00000E-01 4.30313E-01 5.08221E-01 6.33559E-01 6.85110E-01
 9.10000E-01 4.32695E-01 5.10736E-01 6.36349E-01 6.88029E-01
 9.20000E-01 4.35065E-01 5.13229E-01 6.39104E-01 6.90906E-01
 9.30000E-01 4.37421E-01 5.15701E-01 6.41825E-01 6.93743E-01
 9.40000E-01 4.39765E-01 5.18152E-01 6.44511E-01 6.96541E-01
 9.50000E-01 4.42095E-01 5.20582E-01 6.47163E-01 6.99299E-01
 9.60000E-01 4.44414E-01 5.22992E-01 6.49783E-01 7.02019E-01
 9.70000E-01 4.46721E-01 5.25382E-01 6.52371E-01 7.04702E-01
 9.80000E-01 4.49016E-01 5.27752E-01 6.54926E-01 7.07347E-01
 9.90000E-01 4.51299E-01 5.30104E-01 6.57450E-01 7.09957E-01
 1.00000E+00 4.53571E-01 5.32436E-01 6.59943E-01 7.12531E-01
 1.01158E+00 4.56189E-01 5.35114E-01 6.62792E-01 7.15469E-01
 1.02329E+00 4.58822E-01 5.37798E-01 6.65633E-01 7.18394E-01
 1.03514E+00 4.61472E-01 5.40488E-01 6.68467E-01 7.21306E-01
 1.04713E+00 4.64137E-01 5.43185E-01 6.71293E-01 7.24206E-01
 1.05925E+00 4.66819E-01 5.45888E-01 6.74110E-01 7.27092E-01
 1.07152E+00 4.69518E-01 5.48597E-01 6.76918E-01 7.29966E-01
 1.08393E+00 4.72234E-01 5.51312E-01 6.79718E-01 7.32826E-01
 1.09648E+00 4.74967E-01 5.54035E-01 6.82510E-01 7.35673E-01
 1.10917E+00 4.77717E-01 5.56763E-01 6.85292E-01 7.38505E-01
 1.12202E+00 4.80486E-01 5.59499E-01 6.88065E-01 7.41323E-01
 1.13501E+00 4.83272E-01 5.62241E-01 6.90828E-01 7.44128E-01
 1.14815E+00 4.86077E-01 5.64989E-01 6.93581E-01 7.46918E-01
 1.16145E+00 4.88901E-01 5.67744E-01 6.96325E-01 7.49694E-01
 1.17490E+00 4.91744E-01 5.70507E-01 6.99059E-01 7.52454E-01
 1.18850E+00 4.94606E-01 5.73276E-01 7.01783E-01 7.55200E-01
 1.20226E+00 4.97488E-01 5.76052E-01 7.04496E-01 7.57931E-01
 1.21619E+00 5.00391E-01 5.78835E-01 7.07199E-01 7.60646E-01
 1.23027E+00 5.03313E-01 5.81625E-01 7.09891E-01 7.63346E-01
 1.24451E+00 5.06257E-01 5.84422E-01 7.12573E-01 7.66031E-01
 1.25893E+00 5.09222E-01 5.87227E-01 7.15243E-01 7.68700E-01
 1.27350E+00 5.12208E-01 5.90039E-01 7.17903E-01 7.71352E-01
 1.28825E+00 5.15217E-01 5.92858E-01 7.20551E-01 7.73989E-01
 1.30317E+00 5.18248E-01 5.95686E-01 7.23188E-01 7.76609E-01
 1.31826E+00 5.21302E-01 5.98520E-01 7.25813E-01 7.79214E-01
 1.33352E+00 5.24380E-01 6.01363E-01 7.28427E-01 7.81801E-01
 1.34896E+00 5.27482E-01 6.04214E-01 7.31030E-01 7.84372E-01
 1.36458E+00 5.30608E-01 6.07073E-01 7.33620E-01 7.86927E-01
 1.38038E+00 5.33759E-01 6.09940E-01 7.36199E-01 7.89464E-01
 1.39637E+00 5.36926E-01 6.12816E-01 7.38766E-01 7.91984E-01
 1.41254E+00 5.40084E-01 6.15700E-01 7.41321E-01 7.94487E-01
 1.42889E+00 5.43231E-01 6.18593E-01 7.43863E-01 7.96973E-01
 1.44544E+00 5.46367E-01 6.21495E-01 7.46393E-01 7.99441E-01
 1.46218E+00 5.49491E-01 6.24406E-01 7.48911E-01 8.01892E-01
 1.47911E+00 5.52603E-01 6.27326E-01 7.51416E-01 8.04325E-01
 1.49624E+00 5.55702E-01 6.30255E-01 7.53909E-01 8.06740E-01
 1.51356E+00 5.58788E-01 6.33195E-01 7.56390E-01 8.09137E-01
 1.53109E+00 5.61861E-01 6.36144E-01 7.58857E-01 8.11517E-01
 1.54882E+00 5.64919E-01 6.39104E-01 7.61312E-01 8.13878E-01
 1.56675E+00 5.67963E-01 6.42074E-01 7.63754E-01 8.16222E-01
 1.58489E+00 5.70991E-01 6.45054E-01 7.66183E-01 8.18547E-01
 1.60325E+00 5.74005E-01 6.48046E-01 7.68599E-01 8.20853E-01
 1.62181E+00 5.77002E-01 6.51048E-01 7.71002E-01 8.23142E-01
 1.64059E+00 5.79983E-01 6.54062E-01 7.73392E-01 8.25411E-01
 1.65959E+00 5.82947E-01 6.57088E-01 7.75769E-01 8.27663E-01
 1.67880E+00 5.85894E-01 6.60127E-01 7.78132E-01 8.29895E-01
 1.69824E+00 5.88823E-01 6.63177E-01 7.80483E-01 8.32109E-01
 1.71791E+00 5.91735E-01 6.66241E-01 7.82819E-01 8.34304E-01
 1.73780E+00 5.94628E-01 6.69317E-01 7.85143E-01 8.36481E-01
 1.75792E+00 5.97502E-01 6.72407E-01 7.87453E-01 8.38639E-01
 1.77828E+00 6.00357E-01 6.75511E-01 7.89750E-01 8.40778E-01
 1.79887E+00 6.03193E-01 6.78629E-01 7.92033E-01 8.42897E-01
 1.81970E+00 6.06008E-01 6.81762E-01 7.94302E-01 8.44999E-01
 1.84077E+00 6.08803E-01 6.84904E-01 7.96558E-01 8.47081E-01
 1.86209E+00 6.11578E-01 6.88026E-01 7.98800E-01 8.49144E-01
 1.88365E+00 6.14332E-01 6.91124E-01 8.01029E-01 8.51188E-01
 1.90546E+00 6.17065E-01 6.94198E-01 8.03244E-01 8.53213E-01
 1.92752E+00 6.19776E-01 6.97248E-01 8.05445E-01 8.55219E-01
 1.94984E+00 6.22465E-01 7.00273E-01 8.07633E-01 8.57206E-01
 1.97242E+00 6.25132E-01 7.03273E-01 8.09806E-01 8.59175E-01
 1.99526E+00 6.27777E-01 7.06249E-01 8.11966E-01 8.61124E-01
 2.01837E+00 6.30398E-01 7.09198E-01 8.14112E-01 8.63054E-01
 2.04174E+00 6.32997E-01 7.12122E-01 8.16245E-01 8.64965E-01
 2.06538E+00 6.35573E-01 7.15020E-01 8.18363E-01 8.66857E-01
 2.08930E+00 6.38125E-01 7.17891E-01 8.20468E-01 8.68731E-01
 2.11349E+00 6.40654E-01 7.20736E-01 8.22559E-01 8.70585E-01
 2.13796E+00 6.43159E-01 7.23554E-01 8.24636E-01 8.72421E-01
 2.16272E+00 6.45639E-01 7.26344E-01 8.26699E-01 8.74237E-01
 2.18776E+00 6.48096E-01 7.29108E-01 8.28748E-01 8.76035E-01
 2.21309E+00 6.50528E-01 7.31844E-01 8.30784E-01 8.77815E-01
 2.23872E+00 6.52935E-01 7.34552E-01 8.32806E-01 8.83485E-01
 2.26464E+00 6.55318E-01 7.37232E-01 8.34814E-01 8.92829E-01
 2.29087E+00 6.57675E-01 7.39885E-01 8.36808E-01 9.02249E-01
 2.31739E+00 6.60008E-01 7.42509E-01 8.38789E-01 9.11745E-01
 2.34423E+00 6.62315E-01 7.45105E-01 8.40756E-01 9.21318E-01
 2.37137E+00 6.64597E-01 7.47672E-01 8.42709E-01 9.30966E-01
 2.39883E+00 6.66854E-01 7.50211E-01 8.44649E-01 9.40696E-01
 2.42661E+00 6.69085E-01 7.52721E-01 8.46575E-01 9.50505E-01
 2.45471E+00 6.71291E-01 7.55202E-01 8.48488E-01 9.60391E-01
 2.48313E+00 6.73471E-01 7.57655E-01 8.50387E-01 9.70353E-01
 2.51189E+00 6.75625E-01 7.60079E-01 8.52272E-01 9.80392E-01
 2.54097E+00 6.77754E-01 7.62473E-01 8.54145E-01 9.90507E-01
 2.57040E+00 6.79857E-01 7.64839E-01 8.56004E-01 1.00070E+00
 2.60016E+00 6.81934E-01 7.67176E-01 8.57849E-01 1.01096E+00
 2.63027E+00 6.83986E-01 7.69484E-01 8.59682E-01 1.02131E+00
 2.66073E+00 6.86012E-01 7.71763E-01 8.61501E-01 1.03172E+00
 2.69153E+00 6.88012E-01 7.74013E-01 8.63307E-01 1.04222E+00
 2.72270E+00 6.89986E-01 7.76234E-01 8.65100E-01 1.05279E+00
 2.75423E+00 6.91934E-01 7.78426E-01 8.66881E-01 1.06343E+00
 2.78612E+00 6.93857E-01 7.80590E-01 8.68648E-01 1.07415E+00
 2.81838E+00 6.95755E-01 7.82724E-01 8.70402E-01 1.08494E+00
 2.85102E+00 6.97626E-01 7.84830E-01 8.72144E-01 1.09580E+00
 2.88403E+00 6.99473E-01 7.86907E-01 8.73873E-01 1.10674E+00
 2.91743E+00 7.01294E-01 7.88955E-01 8.75590E-01 1.11776E+00
 2.95121E+00 7.03089E-01 7.90975E-01 8.77294E-01 1.12884E+00
 2.98538E+00 7.04860E-01 7.92967E-01 8.78986E-01 1.14000E+00
 3.01995E+00 7.06605E-01 7.94931E-01 8.80665E-01 1.15123E+00
 3.05492E+00 7.08325E-01 7.96866E-01 8.82332E-01 1.16253E+00
 3.09030E+00 7.10021E-01 7.98773E-01 8.83987E-01 1.17390E+00
 3.12608E+00 7.11691E-01 8.00653E-01 8.85630E-01 1.18535E+00
 3.16228E+00 7.13337E-01 8.02504E-01 8.87261E-01 1.19686E+00
 3.19890E+00 7.14959E-01 8.04329E-01 8.88880E-01 1.20845E+00
 3.23594E+00 7.16556E-01 8.06126E-01 8.90487E-01 1.22012E+00
 3.27341E+00 7.18129E-01 8.07895E-01 8.92083E-01 1.23186E+00
 3.31131E+00 7.19678E-01 8.09638E-01 8.93667E-01 1.24367E+00
 3.34965E+00 7.21204E-01 8.11354E-01 8.95240E-01 1.25555E+00
 3.38844E+00 7.22705E-01 8.13043E-01 8.96801E-01 1.26749E+00
 3.42768E+00 7.24183E-01 8.14706E-01 8.98351E-01 1.27950E+00
 3.46737E+00 7.25638E-01 8.16343E-01 8.99890E-01 1.29158E+00
 3.50752E+00 7.27070E-01 8.17953E-01 9.01418E-01 1.30372E+00
 3.54813E+00 7.28478E-01 8.19538E-01 9.02935E-01 1.31593E+00
 3.58922E+00 7.29864E-01 8.21098E-01 9.04441E-01 1.32821E+00
 3.63078E+00 7.31228E-01 8.22632E-01 9.05936E-01 1.34054E+00
 3.67282E+00 7.32569E-01 8.24140E-01 9.07420E-01 1.35295E+00
 3.71535E+00 7.33888E-01 8.25624E-01 9.08894E-01 1.36541E+00
 3.75837E+00 7.35186E-01 8.27084E-01 9.10357E-01 1.37794E+00
 3.80189E+00 7.36461E-01 8.28519E-01 9.11810E-01 1.39052E+00
 3.84592E+00 7.37715E-01 8.29930E-01 9.13253E-01 1.40317E+00
 3.89045E+00 7.38948E-01 8.31317E-01 9.14685E-01 1.41587E+00
 3.93550E+00 7.40160E-01 8.32680E-01 9.16107E-01 1.42864E+00
 3.98107E+00 7.41351E-01 8.34020E-01 9.17519E-01 1.44150E+00
 4.02717E+00 7.42522E-01 8.35337E-01 9.18922E-01 1.45441E+00
 4.07380E+00 7.43672E-01 8.36631E-01 9.20314E-01 1.46738E+00
 4.12098E+00 7.44803E-01 8.37903E-01 9.21696E-01 1.48040E+00
 4.16869E+00 7.45913E-01 8.39152E-01 9.23068E-01 1.49349E+00
 4.21697E+00 7.47004E-01 8.40380E-01 9.24417E-01 1.50662E+00
 4.26580E+00 7.48076E-01 8.41585E-01 9.25744E-01 1.51982E+00
 4.31519E+00 7.49128E-01 8.42769E-01 9.27046E-01 1.53306E+00
 4.36516E+00 7.50162E-01 8.43932E-01 9.28325E-01 1.54636E+00
 4.41570E+00 7.51177E-01 8.45074E-01 9.29581E-01 1.55971E+00
 4.46684E+00 7.52173E-01 8.46195E-01 9.30814E-01 1.57311E+00
 4.51856E+00 7.53152E-01 8.47295E-01 9.32025E-01 1.58656E+00
 4.57088E+00 7.54112E-01 8.48376E-01 9.33214E-01 1.60005E+00
 4.62381E+00 7.55055E-01 8.49437E-01 9.34381E-01 1.61362E+00
 4.67735E+00 7.55980E-01 8.50478E-01 9.35526E-01 1.62726E+00
 4.73151E+00 7.56889E-01 8.51500E-01 9.36650E-01 1.64094E+00
 4.78630E+00 7.57780E-01 8.52503E-01 9.37753E-01 1.65468E+00
 4.84172E+00 7.58655E-01 8.53487E-01 9.38836E-01 1.66845E+00
 4.89779E+00 7.59513E-01 8.54452E-01 9.39898E-01 1.68228E+00
 4.95450E+00 7.60355E-01 8.55400E-01 9.40940E-01 1.69614E+00
 5.01187E+00 7.61182E-01 8.56329E-01 9.41962E-01 1.71005E+00
 5.06991E+00 7.61992E-01 8.57241E-01 9.42965E-01 1.72400E+00
 5.12861E+00 7.62787E-01 8.58136E-01 9.43949E-01 1.73798E+00
 5.18800E+00 7.63567E-01 8.59013E-01 9.44914E-01 1.75201E+00
 5.24807E+00 7.64332E-01 8.59873E-01 9.45860E-01 1.76610E+00
 5.30884E+00 7.65082E-01 8.60717E-01 9.46789E-01 1.78027E+00
 5.37032E+00 7.65817E-01 8.61544E-01 9.47699E-01 1.79447E+00
 5.43250E+00 7.66538E-01 8.62356E-01 9.48591E-01 1.80870E+00
 5.49541E+00 7.67245E-01 8.63151E-01 9.49466E-01 1.82297E+00
 5.55904E+00 7.67939E-01 8.63931E-01 9.50324E-01 1.83727E+00
 5.62341E+00 7.68618E-01 8.64696E-01 9.51165E-01 1.85161E+00
 5.68853E+00 7.69285E-01 8.65445E-01 9.51990E-01 1.86597E+00
 5.75440E+00 7.69938E-01 8.66180E-01 9.52798E-01 1.88036E+00
 5.82103E+00 7.70578E-01 8.66900E-01 9.53590E-01 1.89479E+00
 5.88844E+00 7.71205E-01 8.67606E-01 9.54366E-01 1.90930E+00
 5.95662E+00 7.71820E-01 8.68298E-01 9.55127E-01 1.92384E+00
 6.02560E+00 7.72423E-01 8.68976E-01 9.55873E-01 1.93841E+00
 6.09537E+00 7.73013E-01 8.69640E-01 9.56604E-01 1.95301E+00
 6.16595E+00 7.73592E-01 8.70291E-01 9.57320E-01 1.96762E+00
 6.23735E+00 7.74159E-01 8.70929E-01 9.58021E-01 1.98226E+00
 6.30957E+00 7.74714E-01 8.71554E-01 9.58709E-01 1.99691E+00
 6.38263E+00 7.75258E-01 8.72166E-01 9.59382E-01 2.01158E+00
 6.45654E+00 7.75792E-01 8.72766E-01 9.60042E-01 2.02627E+00
 6.53131E+00 7.76314E-01 8.73353E-01 9.60688E-01 2.04103E+00
 6.60693E+00 7.76825E-01 8.73929E-01 9.61322E-01 2.05582E+00
 6.68344E+00 7.77327E-01 8.74492E-01 9.61942E-01 2.07062E+00
 6.76083E+00 7.77817E-01 8.75045E-01 9.62549E-01 2.08543E+00
 6.83912E+00 7.78298E-01 8.75585E-01 9.63144E-01 2.10025E+00
 6.91831E+00 7.78769E-01 8.76115E-01 9.63727E-01 2.11507E+00
 6.99842E+00 7.79230E-01 8.76634E-01 9.64297E-01 2.12989E+00
 7.07946E+00 7.79682E-01 8.77142E-01 9.64856E-01 2.14471E+00
 7.16143E+00 7.80124E-01 8.77639E-01 9.65403E-01 2.15953E+00
 7.24436E+00 7.80557E-01 8.78126E-01 9.65939E-01 2.17439E+00
 7.32825E+00 7.80981E-01 8.78603E-01 9.66464E-01 2.18927E+00
 7.41310E+00 7.81396E-01 8.79070E-01 9.66977E-01 2.20415E+00
 7.49894E+00 7.81802E-01 8.79528E-01 9.67480E-01 2.21902E+00
 7.58578E+00 7.82200E-01 8.79975E-01 9.67973E-01 2.23387E+00
 7.67361E+00 7.82590E-01 8.80413E-01 9.68455E-01 2.24871E+00
 7.76247E+00 7.82971E-01 8.80842E-01 9.68927E-01 2.26352E+00
 7.85236E+00 7.83344E-01 8.81262E-01 9.69389E-01 2.27831E+00
 7.94328E+00 7.83710E-01 8.81673E-01 9.69841E-01 2.29308E+00
 8.03526E+00 7.84067E-01 8.82076E-01 9.70283E-01 2.30782E+00
 8.12831E+00 7.84418E-01 8.82470E-01 9.70717E-01 2.32253E+00
 8.22243E+00 7.84760E-01 8.82855E-01 9.71141E-01 2.33728E+00
 8.31764E+00 7.85096E-01 8.83233E-01 9.71556E-01 2.35198E+00
 8.41395E+00 7.85424E-01 8.83602E-01 9.71962E-01 2.36665E+00
 8.51138E+00 7.85745E-01 8.83963E-01 9.72360E-01 2.38127E+00
 8.60994E+00 7.86060E-01 8.84317E-01 9.72749E-01 2.39584E+00
 8.70964E+00 7.86367E-01 8.84663E-01 9.73130E-01 2.41036E+00
 8.81049E+00 7.86668E-01 8.85002E-01 9.73502E-01 2.42482E+00
 8.91251E+00 7.86963E-01 8.85334E-01 9.73867E-01 2.43922E+00
 9.01571E+00 7.87251E-01 8.85658E-01 9.74224E-01 2.45356E+00
 9.12011E+00 7.87534E-01 8.85975E-01 9.74573E-01 2.46783E+00
 9.22571E+00 7.87810E-01 8.86286E-01 9.74914E-01 2.48204E+00
 9.33254E+00 7.88080E-01 8.86590E-01 9.75249E-01 2.49616E+00
 9.44061E+00 7.88344E-01 8.86887E-01 9.75576E-01 2.51021E+00
 9.54993E+00 7.88603E-01 8.87178E-01 9.75896E-01 2.52418E+00
 9.66051E+00 7.88856E-01 8.87463E-01 9.76209E-01 2.53812E+00
 9.77237E+00 7.89103E-01 8.87741E-01 9.76515E-01 2.55196E+00
 9.88553E+00 7.89345E-01 8.88014E-01 9.76815E-01 2.56570E+00
 1.00000E+01 7.89582E-01 8.88280E-01 9.77108E-01 2.57935E+00
 1.01158E+01 7.89814E-01 8.88541E-01 9.77395E-01 2.59289E+00
 1.02329E+01 7.90041E-01 8.88796E-01 9.77675E-01 2.60631E+00
 1.03514E+01 7.90262E-01 8.89045E-01 9.77950E-01 2.61963E+00
 1.04713E+01 7.90479E-01 8.89289E-01 9.78218E-01 2.63282E+00
 1.05925E+01 7.90692E-01 8.89528E-01 9.78481E-01 2.64590E+00
 1.07152E+01 7.90899E-01 8.89762E-01 9.78738E-01 2.65884E+00
 1.08393E+01 7.91102E-01 8.89990E-01 9.78989E-01 2.67165E+00
 1.09648E+01 7.91301E-01 8.90213E-01 9.79235E-01 2.68432E+00
 1.10917E+01 7.91495E-01 8.90432E-01 9.79475E-01 2.69686E+00
 1.12202E+01 7.91685E-01 8.90646E-01 9.79710E-01 2.70924E+00
 1.13501E+01 7.91871E-01 8.90855E-01 9.79940E-01 2.72147E+00
 1.14815E+01 7.92053E-01 8.91059E-01 9.80165E-01 2.73355E+00
 1.16145E+01 7.92230E-01 8.91259E-01 9.80385E-01 2.74546E+00
 1.17490E+01 7.92404E-01 8.91455E-01 9.80600E-01 2.75721E+00
 1.18850E+01 7.92574E-01 8.91646E-01 9.80811E-01 2.76879E+00
 1.20226E+01 7.92741E-01 8.91833E-01 9.81017E-01 2.78019E+00
 1.21619E+01 7.92903E-01 8.92016E-01 9.81218E-01 2.79141E+00
 1.23027E+01 7.93062E-01 8.92195E-01 9.81415E-01 2.80245E+00
 1.24451E+01 7.93218E-01 8.92370E-01 9.81607E-01 2.81329E+00
 1.25893E+01 7.93370E-01 8.92541E-01 9.81795E-01 2.82394E+00
 1.27350E+01 7.93519E-01 8.92708E-01 9.81979E-01 2.83439E+00
 1.28825E+01 7.93664E-01 8.92872E-01 9.82159E-01 2.84463E+00
 1.30317E+01 7.93806E-01 8.93032E-01 9.82335E-01 2.85467E+00
 1.31826E+01 7.93945E-01 8.93189E-01 9.82507E-01 2.86448E+00
 1.33352E+01 7.94081E-01 8.93342E-01 9.82676E-01 2.87408E+00
 1.34896E+01 7.94214E-01 8.93491E-01 9.82840E-01 2.88345E+00
 1.36458E+01 7.94344E-01 8.93637E-01 9.83001E-01 2.89260E+00
 1.38038E+01 7.94472E-01 8.93780E-01 9.83159E-01 2.90151E+00
 1.39637E+01 7.94596E-01 8.93920E-01 9.83312E-01 2.91017E+00
 1.41254E+01 7.94717E-01 8.94057E-01 9.83463E-01 2.91860E+00
 1.42889E+01 7.94836E-01 8.94191E-01 9.83610E-01 2.92678E+00
 1.44544E+01 7.94952E-01 8.94322E-01 9.83754E-01 2.93470E+00
 1.46218E+01 7.95066E-01 8.94449E-01 9.83894E-01 2.94236E+00
 1.47911E+01 7.95177E-01 8.94574E-01 9.84032E-01 2.94977E+00
 1.49624E+01 7.95286E-01 8.94697E-01 9.84166E-01 2.95690E+00
 1.51356E+01 7.95392E-01 8.94816E-01 9.84298E-01 2.96376E+00
 1.53109E+01 7.95496E-01 8.94933E-01 9.84426E-01 2.97035E+00
 1.54882E+01 7.95597E-01 8.95047E-01 9.84552E-01 2.97665E+00
 1.56675E+01 7.95697E-01 8.95159E-01 9.84675E-01 2.98267E+00
 1.58489E+01 7.95794E-01 8.95268E-01 9.84795E-01 2.98840E+00
 1.60325E+01 7.95889E-01 8.95375E-01 9.84912E-01 2.99384E+00
 1.62181E+01 7.95981E-01 8.95479E-01 9.85027E-01 2.99898E+00
 1.64059E+01 7.96072E-01 8.95581E-01 9.85139E-01 3.00382E+00
 1.65959E+01 7.96161E-01 8.95681E-01 9.85249E-01 3.00835E+00
 1.67880E+01 7.96247E-01 8.95778E-01 9.85356E-01 3.01257E+00
 1.69824E+01 7.96332E-01 8.95873E-01 9.85461E-01 3.01648E+00
 1.71791E+01 7.96415E-01 8.95967E-01 9.85563E-01 3.02007E+00
 1.73780E+01 7.96496E-01 8.96058E-01 9.85663E-01 3.02334E+00
 1.75792E+01 7.96575E-01 8.96147E-01 9.85761E-01 3.02628E+00
 1.77828E+01 7.96652E-01 8.96234E-01 9.85857E-01 3.02889E+00
 1.79887E+01 7.96728E-01 8.96319E-01 9.85951E-01 3.03118E+00
 1.81970E+01 7.96802E-01 8.96402E-01 9.86042E-01 3.03312E+00
 1.84077E+01 7.96874E-01 8.96483E-01 9.86132E-01 3.03473E+00
 1.86209E+01 7.96945E-01 8.96563E-01 9.86219E-01 3.03600E+00
 1.88365E+01 7.97014E-01 8.96641E-01 9.86305E-01 3.03696E+00
 1.90546E+01 7.97081E-01 8.96717E-01 9.86388E-01 3.03763E+00
 1.92752E+01 7.97147E-01 8.96791E-01 9.86470E-01 3.03796E+00
 1.94984E+01 7.97212E-01 8.96863E-01 9.86550E-01 3.03793E+00
 1.97242E+01 7.97275E-01 8.96934E-01 9.86628E-01 3.03755E+00
 1.99526E+01 7.97337E-01 8.97004E-01 9.86704E-01 3.03683E+00
 2.01837E+01 7.97397E-01 8.97072E-01 9.86779E-01 3.03574E+00
 2.04174E+01 7.97456E-01 8.97138E-01 9.86852E-01 3.03430E+00
 2.06538E+01 7.97513E-01 8.97203E-01 9.86923E-01 3.03249E+00
 2.08930E+01 7.97570E-01 8.97266E-01 9.86993E-01 3.03033E+00
 2.11349E+01 7.97625E-01 8.97328E-01 9.87061E-01 3.02780E+00
 2.13796E+01 7.97679E-01 8.97388E-01 9.87127E-01 3.02490E+00
 2.16272E+01 7.97731E-01 8.97448E-01 9.87192E-01 3.02164E+00
 2.18776E+01 7.97783E-01 8.97505E-01 9.87256E-01 3.01802E+00
 2.21309E+01 7.97833E-01 8.97562E-01 9.87318E-01 3.01402E+00
 2.23872E+01 7.97882E-01 8.97617E-01 9.87379E-01 3.00965E+00
 2.26464E+01 7.97930E-01 8.97671E-01 9.87438E-01 3.00492E+00
 2.29087E+01 7.97977E-01 8.97724E-01 9.87496E-01 2.99981E+00
 2.31739E+01 7.98023E-01 8.97775E-01 9.87553E-01 2.99436E+00
 2.34423E+01 7.98067E-01 8.97826E-01 9.87608E-01 2.98866E+00
 2.37137E+01 7.98111E-01 8.97875E-01 9.87663E-01 2.98260E+00
 2.39883E+01 7.98154E-01 8.97923E-01 9.87716E-01 2.97616E+00
 2.42661E+01 7.98196E-01 8.97970E-01 9.87767E-01 2.96936E+00
 2.45471E+01 7.98237E-01 8.98016E-01 9.87818E-01 2.96219E+00
 2.48313E+01 7.98277E-01 8.98061E-01 9.87868E-01 2.95465E+00
 2.51189E+01 7.98316E-01 8.98105E-01 9.87916E-01 2.94675E+00
 2.54097E+01 7.98354E-01 8.98148E-01 9.87963E-01 2.93848E+00
 2.57040E+01 7.98391E-01 8.98190E-01 9.88009E-01 2.92985E+00
 2.60016E+01 7.98428E-01 8.98231E-01 9.88054E-01 2.92085E+00
 2.63027E+01 7.98464E-01 8.98271E-01 9.88099E-01 2.91149E+00
 2.66073E+01 7.98498E-01 8.98311E-01 9.88142E-01 2.90177E+00
 2.69153E+01 7.98532E-01 8.98349E-01 9.88184E-01 2.89169E+00
 2.72270E+01 7.98566E-01 8.98386E-01 9.88225E-01 2.88136E+00
 2.75423E+01 7.98598E-01 8.98423E-01 9.88265E-01 2.87077E+00
 2.78612E+01 7.98630E-01 8.98459E-01 9.88305E-01 2.85983E+00
 2.81838E+01 7.98661E-01 8.98494E-01 9.88343E-01 2.84854E+00
 2.85102E+01 7.98692E-01 8.98528E-01 9.88381E-01 2.83691E+00
 2.88403E+01 7.98721E-01 8.98561E-01 9.88418E-01 2.82493E+00
 2.91743E+01 7.98750E-01 8.98594E-01 9.88453E-01 2.81262E+00
 2.95121E+01 7.98779E-01 8.98626E-01 9.88489E-01 2.79996E+00
 2.98538E+01 7.98806E-01 8.98657E-01 9.88523E-01 2.78698E+00
 3.01995E+01 7.98833E-01 8.98688E-01 9.88556E-01 2.77367E+00
 3.05492E+01 7.98860E-01 8.98717E-01 9.88589E-01 2.76003E+00
 3.09030E+01 7.98886E-01 8.98747E-01 9.88621E-01 2.74608E+00
 3.12608E+01 7.98911E-01 8.98775E-01 9.88653E-01 2.73203E+00
 3.16228E+01 7.98936E-01 8.98803E-01 9.88683E-01 2.71767E+00
 3.19890E+01 7.98960E-01 8.98830E-01 9.88713E-01 2.70300E+00
 3.23594E+01 7.98984E-01 8.98857E-01 9.88742E-01 2.68803E+00
 3.27341E+01 7.99007E-01 8.98883E-01 9.88771E-01 2.67276E+00
 3.31131E+01 7.99029E-01 8.98908E-01 9.88799E-01 2.65719E+00
 3.34965E+01 7.99051E-01 8.98933E-01 9.88826E-01 2.64133E+00
 3.38844E+01 7.99073E-01 8.98957E-01 9.88853E-01 2.62519E+00
 3.42768E+01 7.99094E-01 8.98981E-01 9.88879E-01 2.60876E+00
 3.46737E+01 7.99115E-01 8.99004E-01 9.88904E-01 2.59206E+00
 3.50752E+01 7.99135E-01 8.99027E-01 9.88929E-01 2.57533E+00
 3.54813E+01 7.99154E-01 8.99049E-01 9.88953E-01 2.55835E+00
 3.58922E+01 7.99174E-01 8.99070E-01 9.88977E-01 2.54112E+00
 3.63078E+01 7.99192E-01 8.99091E-01 9.89000E-01 2.52363E+00
 3.67282E+01 7.99211E-01 8.99112E-01 9.89023E-01 2.50590E+00
 3.71535E+01 7.99229E-01 8.99132E-01 9.89045E-01 2.48792E+00
 3.75837E+01 7.99246E-01 8.99152E-01 9.89067E-01 2.46971E+00
 3.80189E+01 7.99263E-01 8.99171E-01 9.89088E-01 2.45127E+00
 3.84592E+01 7.99280E-01 8.99190E-01 9.89109E-01 2.43260E+00
 3.89045E+01 7.99296E-01 8.99208E-01 9.89129E-01 2.41392E+00
 3.93550E+01 7.99312E-01 8.99226E-01 9.89149E-01 2.39510E+00
 3.98107E+01 7.99328E-01 8.99244E-01 9.89168E-01 2.37608E+00
 4.02717E+01 7.99343E-01 8.99261E-01 9.89187E-01 2.35686E+00
 4.07380E+01 7.99358E-01 8.99278E-01 9.89206E-01 2.33745E+00
 4.12098E+01 7.99373E-01 8.99294E-01 9.89224E-01 2.31785E+00
 4.16869E+01 7.99387E-01 8.99310E-01 9.89241E-01 2.29807E+00
 4.21697E+01 7.99401E-01 8.99326E-01 9.89259E-01 2.27812E+00
 4.26580E+01 7.99415E-01 8.99341E-01 9.89276E-01 2.25807E+00
 4.31519E+01 7.99428E-01 8.99356E-01 9.89292E-01 2.23808E+00
 4.36516E+01 7.99441E-01 8.99371E-01 9.89308E-01 2.21794E+00
 4.41570E+01 7.99454E-01 8.99385E-01 9.89324E-01 2.19766E+00
 4.46684E+01 7.99466E-01 8.99399E-01 9.89339E-01 2.17723E+00
 4.51856E+01 7.99478E-01 8.99413E-01 9.89354E-01 2.15666E+00
 4.57088E+01 7.99490E-01 8.99426E-01 9.89369E-01 2.13598E+00
 4.62381E+01 7.99502E-01 8.99439E-01 9.89383E-01 2.11517E+00
 4.67735E+01 7.99513E-01 8.99452E-01 9.89397E-01 2.09434E+00
 4.73151E+01 7.99524E-01 8.99465E-01 9.89411E-01 2.07360E+00
 4.78630E+01 7.99535E-01 8.99477E-01 9.89424E-01 2.05277E+00
 4.84172E+01 7.99545E-01 8.99489E-01 9.89437E-01 2.03184E+00
 4.89779E+01 7.99556E-01 8.99500E-01 9.89450E-01 2.01083E+00
 4.95450E+01 7.99566E-01 8.99512E-01 9.89463E-01 1.98973E+00
 5.01187E+01 7.99576E-01 8.99523E-01 9.89475E-01 1.96856E+00
 5.06991E+01 7.99585E-01 8.99534E-01 9.89487E-01 1.94733E+00
 5.12861E+01 7.99595E-01 8.99544E-01 9.89499E-01 1.92626E+00
 5.18800E+01 7.99604E-01 8.99555E-01 9.89510E-01 1.90521E+00
 5.24807E+01 7.99613E-01 8.99565E-01 9.89521E-01 1.88410E+00
 5.30884E+01 7.99622E-01 8.99575E-01 9.89532E-01 1.86295E+00
 5.37032E+01 7.99630E-01 8.99584E-01 9.89543E-01 1.84176E+00
 5.43250E+01 7.99639E-01 8.99594E-01 9.89553E-01 1.82054E+00
 5.49541E+01 7.99647E-01 8.99603E-01 9.89563E-01 1.79930E+00
 5.55904E+01 7.99655E-01 8.99612E-01 9.89573E-01 1.77823E+00
 5.62341E+01 7.99663E-01 8.99621E-01 9.89583E-01 1.75725E+00
 5.68853E+01 7.99671E-01 8.99629E-01 9.89592E-01 1.73627E+00
 5.75440E+01 7.99678E-01 8.99638E-01 9.89602E-01 1.71528E+00
 5.82103E+01 7.99685E-01 8.99646E-01 9.89611E-01 1.69429E+00
 5.88844E+01 7.99693E-01 8.99654E-01 9.89620E-01 1.67332E+00
 5.95662E+01 7.99700E-01 8.99662E-01 9.89628E-01 1.65236E+00
 6.02560E+01 7.99706E-01 8.99670E-01 9.89637E-01 1.63165E+00
 6.09537E+01 7.99713E-01 8.99677E-01 9.89645E-01 1.61102E+00
 6.16595E+01 7.99720E-01 8.99685E-01 9.89653E-01 1.59042E+00
 6.23735E+01 7.99726E-01 8.99692E-01 9.89661E-01 1.56986E+00
 6.30957E+01 7.99732E-01 8.99699E-01 9.89669E-01 1.54934E+00
 6.38263E+01 7.99738E-01 8.99706E-01 9.89676E-01 1.52887E+00
 6.45654E+01 7.99744E-01 8.99712E-01 9.89684E-01 1.50849E+00
 6.53131E+01 7.99750E-01 8.99719E-01 9.89691E-01 1.48840E+00
 6.60693E+01 7.99756E-01 8.99725E-01 9.89698E-01 1.46837E+00
 6.68344E+01 7.99761E-01 8.99731E-01 9.89705E-01 1.44840E+00
 6.76083E+01 7.99767E-01 8.99738E-01 9.89711E-01 1.42850E+00
 6.83912E+01 7.99772E-01 8.99744E-01 9.89718E-01 1.40867E+00
 6.91831E+01 7.99777E-01 8.99749E-01 9.89724E-01 1.38891E+00
 6.99842E+01 7.99782E-01 8.99755E-01 9.89731E-01 1.36945E+00
 7.07946E+01 7.99787E-01 8.99761E-01 9.89737E-01 1.35013E+00
 7.16143E+01 7.99792E-01 8.99766E-01 9.89743E-01 1.33089E+00
 7.24436E+01 7.99797E-01 8.99771E-01 9.89749E-01 1.31174E+00
 7.32825E+01 7.99801E-01 8.99777E-01 9.89754E-01 1.29269E+00
 7.41310E+01 7.99806E-01 8.99782E-01 9.89760E-01 1.27373E+00
 7.49894E+01 7.99810E-01 8.99787E-01 9.89765E-01 1.25503E+00
 7.58578E+01 7.99815E-01 8.99792E-01 9.89771E-01 1.23653E+00
 7.67361E+01 7.99819E-01 8.99796E-01 9.89776E-01 1.21814E+00
 7.76247E+01 7.99823E-01 8.99801E-01 9.89781E-01 1.19986E+00
 7.85236E+01 7.99827E-01 8.99805E-01 9.89786E-01 1.18169E+00
 7.94328E+01 7.99831E-01 8.99810E-01 9.89791E-01 1.16364E+00
 8.03526E+01 7.99835E-01 8.99814E-01 9.89796E-01 1.14583E+00
 8.12831E+01 7.99839E-01 8.99818E-01 9.89800E-01 1.12825E+00
 8.22243E+01 7.99842E-01 8.99823E-01 9.89805E-01 1.11080E+00
 8.31764E+01 7.99846E-01 8.99827E-01 9.89809E-01 1.09347E+00
 8.41395E+01 7.99849E-01 8.99831E-01 9.89814E-01 1.07627E+00
 8.51138E+01 7.99853E-01 8.99834E-01 9.89818E-01 1.05919E+00
 8.60994E+01 7.99856E-01 8.99838E-01 9.89822E-01 1.04238E+00
 8.70964E+01 7.99859E-01 8.99842E-01 9.89826E-01 1.02579E+00
 8.81049E+01 7.99863E-01 8.99845E-01 9.89830E-01 1.00934E+00
 8.91251E+01 7.99866E-01 8.99849E-01 9.89834E-01 9.99732E-01
 9.01571E+01 7.99869E-01 8.99852E-01 9.89838E-01 9.99736E-01
 9.12011E+01 7.99872E-01 8.99856E-01 9.89841E-01 9.99740E-01
 9.22571E+01 7.99875E-01 8.99859E-01 9.89845E-01 9.99743E-01
 9.33254E+01 7.99878E-01 8.99862E-01 9.89848E-01 9.99747E-01
 9.44061E+01 7.99880E-01 8.99865E-01 9.89852E-01 9.99750E-01
 9.54993E+01 7.99883E-01 8.99868E-01 9.89855E-01 9.99754E-01
 9.66051E+01 7.99886E-01 8.99871E-01 9.89859E-01 9.99757E-01
 9.77237E+01 7.99888E-01 8.99874E-01 9.89862E-01 9.99760E-01
 9.88553E+01 7.99891E-01 8.99877E-01 9.89865E-01 9.99764E-01
 1.00000E+02 7.99893E-01 8.99880E-01 9.89868E-01 9.99767E-01
