 1.00000E-02 1.74440E-01 2.03630E-01 2.33174E-01 2.36697E-01
 2.00000E-02 1.83874E-01 2.14829E-01 2.46455E-01 2.50251E-01
 3.00000E-02 1.94353E-01 2.27081E-01 2.60802E-01 2.64885E-01
 4.00000E-02 2.05602E-01 2.40088E-01 2.75879E-01 2.80252E-01
 5.00000E-02 2.17392E-01 2.53601E-01 2.91412E-01 2.96076E-01
 6.00000E-02 2.29530E-01 2.67418E-01 3.07182E-01 3.12132E-01
 7.00000E-02 2.41863E-01 2.81377E-01 3.23014E-01 3.28244E-01
 8.00000E-02 2.54270E-01 2.95353E-01 3.38774E-01 3.44276E-01
 9.00000E-02 2.66655E-01 3.09251E-01 3.54362E-01 3.60125E-01
 1.00000E-01 2.78949E-01 3.22999E-01 3.69704E-01 3.75715E-01
 1.10000E-01 2.91099E-01 3.36547E-01 3.84745E-01 3.90991E-01
 1.20000E-01 3.03068E-01 3.49857E-01 3.99450E-01 4.05913E-01
 1.30000E-01 3.14829E-01 3.62902E-01 4.13791E-01 4.20457E-01
 1.40000E-01 3.26360E-01 3.75665E-01 4.27755E-01 4.34604E-01
 1.50000E-01 3.37649E-01 3.88133E-01 4.41332E-01 4.48346E-01
 1.60000E-01 3.48687E-01 4.00300E-01 4.54519E-01 4.61679E-01
 1.70000E-01 3.59467E-01 4.12161E-01 4.67316E-01 4.74603E-01
 1.80000E-01 3.69987E-01 4.23716E-01 4.79727E-01 4.87124E-01
 1.90000E-01 3.80245E-01 4.34967E-01 4.91759E-01 4.99247E-01
 2.00000E-01 3.90242E-01 4.45916E-01 5.03419E-01 5.10982E-01
 2.10000E-01 3.99982E-01 4.56568E-01 5.14716E-01 5.22337E-01
 2.20000E-01 4.09466E-01 4.66928E-01 5.25660E-01 5.33324E-01
 2.30000E-01 4.18700E-01 4.77003E-01 5.36261E-01 5.43954E-01
 2.40000E-01 4.27687E-01 4.86799E-01 5.46531E-01 5.54239E-01
 2.50000E-01 4.36433E-01 4.96324E-01 5.56479E-01 5.64191E-01
 2.60000E-01 4.44943E-01 5.05584E-01 5.66118E-01 5.73822E-01
 2.70000E-01 4.53224E-01 5.14588E-01 5.75458E-01 5.83143E-01
 2.80000E-01 4.61279E-01 5.23343E-01 5.84509E-01 5.92167E-01
 2.90000E-01 4.69116E-01 5.31856E-01 5.93283E-01 6.00904E-01
 3.00000E-01 4.76740E-01 5.40135E-01 6.01790E-01 6.09365E-01
 3.10000E-01 4.84228E-01 5.48187E-01 6.10039E-01 6.17562E-01
 3.20000E-01 4.93224E-01 5.56019E-01 6.18040E-01 6.25505E-01
 3.30000E-01 5.01916E-01 5.64656E-01 6.25802E-01 6.33202E-01
 3.40000E-01 5.10316E-01 5.74105E-01 6.33336E-01 6.40664E-01
 3.50000E-01 5.18432E-01 5.83236E-01 6.41560E-01 6.47975E-01
 3.60000E-01 5.26274E-01 5.92059E-01 6.51265E-01 6.57777E-01
 3.70000E-01 5.33852E-01 6.00584E-01 6.60642E-01 6.67249E-01
 3.80000E-01 5.41175E-01 6.08822E-01 6.69704E-01 6.76401E-01
 3.90000E-01 5.48251E-01 6.16782E-01 6.78460E-01 6.85245E-01
 4.00000E-01 5.55088E-01 6.24474E-01 6.86922E-01 6.93791E-01
 4.10000E-01 5.61696E-01 6.31908E-01 6.95099E-01 7.02050E-01
 4.20000E-01 5.68082E-01 6.39093E-01 7.03002E-01 7.10032E-01
 4.30000E-01 5.74255E-01 6.46036E-01 7.10640E-01 7.17746E-01
 4.40000E-01 5.80221E-01 6.52748E-01 7.18023E-01 7.25203E-01
 4.50000E-01 5.85988E-01 6.59237E-01 7.25160E-01 7.32412E-01
 4.60000E-01 5.91564E-01 6.65509E-01 7.32060E-01 7.39381E-01
 4.70000E-01 5.96955E-01 6.71574E-01 7.38731E-01 7.46119E-01
 4.80000E-01 6.02168E-01 6.77439E-01 7.45182E-01 7.52634E-01
 4.90000E-01 6.07209E-01 6.83110E-01 7.51421E-01 7.58935E-01
 5.00000E-01 6.12085E-01 6.88596E-01 7.57455E-01 7.65030E-01
 5.10000E-01 6.16802E-01 6.93902E-01 7.63293E-01 7.70925E-01
 5.20000E-01 6.21365E-01 6.99036E-01 7.68940E-01 7.76629E-01
 5.30000E-01 6.25781E-01 7.04004E-01 7.74404E-01 7.82148E-01
 5.40000E-01 6.30054E-01 7.08811E-01 7.79692E-01 7.87489E-01
 5.50000E-01 6.34190E-01 7.13464E-01 7.84811E-01 7.92659E-01
 5.60000E-01 6.38194E-01 7.17969E-01 7.89765E-01 7.97663E-01
 5.70000E-01 6.42071E-01 7.22330E-01 7.94563E-01 8.02508E-01
 5.80000E-01 6.45825E-01 7.26553E-01 7.99208E-01 8.07200E-01
 5.90000E-01 6.49461E-01 7.30643E-01 8.03707E-01 8.11744E-01
 6.00000E-01 6.52982E-01 7.34605E-01 8.08066E-01 8.16146E-01
 6.10000E-01 6.56395E-01 7.38444E-01 8.12288E-01 8.20411E-01
 6.20000E-01 6.59701E-01 7.42164E-01 8.16380E-01 8.24544E-01
 6.30000E-01 6.62905E-01 7.45769E-01 8.20346E-01 8.28549E-01
 6.40000E-01 6.66012E-01 7.49263E-01 8.24190E-01 8.32432E-01
 6.50000E-01 6.69023E-01 7.52651E-01 8.27917E-01 8.36196E-01
 6.60000E-01 6.71944E-01 7.55937E-01 8.31531E-01 8.39846E-01
 6.70000E-01 6.74776E-01 7.59123E-01 8.35036E-01 8.43386E-01
 6.80000E-01 6.77524E-01 7.62215E-01 8.38436E-01 8.46820E-01
 6.90000E-01 6.80190E-01 7.65214E-01 8.41735E-01 8.50152E-01
 7.00000E-01 6.82777E-01 7.68124E-01 8.44936E-01 8.53386E-01
 7.10000E-01 6.85288E-01 7.70949E-01 8.48044E-01 8.56524E-01
 7.20000E-01 6.87725E-01 7.73691E-01 8.51060E-01 8.59571E-01
 7.30000E-01 6.90092E-01 7.76353E-01 8.53989E-01 8.62529E-01
 7.40000E-01 6.92390E-01 7.78939E-01 8.56833E-01 8.65401E-01
 7.50000E-01 6.94623E-01 7.81451E-01 8.59596E-01 8.68192E-01
 7.60000E-01 6.96791E-01 7.83890E-01 8.62279E-01 8.70902E-01
 7.70000E-01 6.98899E-01 7.86261E-01 8.64887E-01 8.73536E-01
 7.80000E-01 7.00947E-01 7.88565E-01 8.67422E-01 8.76096E-01
 7.90000E-01 7.02937E-01 7.90805E-01 8.69885E-01 8.78584E-01
 8.00000E-01 7.04873E-01 7.92982E-01 8.72280E-01 8.81003E-01
 8.10000E-01 7.06755E-01 7.95099E-01 8.74609E-01 8.83355E-01
 8.20000E-01 7.08585E-01 7.97158E-01 8.76874E-01 8.85643E-01
 8.30000E-01 7.10365E-01 7.99161E-01 8.79077E-01 8.87868E-01
 8.40000E-01 7.12097E-01 8.01110E-01 8.81221E-01 8.90033E-01
 8.50000E-01 7.13783E-01 8.03006E-01 8.83306E-01 8.92139E-01
 8.60000E-01 7.15423E-01 8.04851E-01 8.85336E-01 8.94190E-01
 8.70000E-01 7.17020E-01 8.06648E-01 8.87312E-01 8.96185E-01
 8.80000E-01 7.18575E-01 8.08397E-01 8.89236E-01 8.98129E-01
 8.90000E-01 7.20089E-01 8.10100E-01 8.91110E-01 9.00021E-01
 9.00000E-01 7.21563E-01 8.11758E-01 8.92934E-01 9.01864E-01
 9.10000E-01 7.22999E-01 8.13374E-01 8.94712E-01 9.03659E-01
 9.20000E-01 7.24399E-01 8.14948E-01 8.96443E-01 9.05408E-01
 9.30000E-01 7.25762E-01 8.16482E-01 8.98131E-01 9.07112E-01
 9.40000E-01 7.27091E-01 8.17977E-01 8.99775E-01 9.08773E-01
 9.50000E-01 7.28386E-01 8.19435E-01 9.01378E-01 9.10392E-01
 9.60000E-01 7.29649E-01 8.20856E-01 9.02941E-01 9.11971E-01
 9.70000E-01 7.30881E-01 8.22241E-01 9.04465E-01 9.13510E-01
 9.80000E-01 7.32082E-01 8.23592E-01 9.05951E-01 9.15011E-01
 9.90000E-01 7.33253E-01 8.24910E-01 9.07401E-01 9.16475E-01
 1.00000E+00 7.34396E-01 8.26196E-01 9.08815E-01 9.17904E-01
 1.01158E+00 7.35685E-01 8.27646E-01 9.10410E-01 9.19514E-01
 1.02329E+00 7.36952E-01 8.29071E-01 9.11978E-01 9.21098E-01
 1.03514E+00 7.38198E-01 8.30473E-01 9.13520E-01 9.22655E-01
 1.04713E+00 7.39423E-01 8.31851E-01 9.15036E-01 9.24186E-01
 1.05925E+00 7.40627E-01 8.33205E-01 9.16525E-01 9.25691E-01
 1.07152E+00 7.41810E-01 8.34536E-01 9.17990E-01 9.27170E-01
 1.08393E+00 7.42973E-01 8.35844E-01 9.19428E-01 9.28623E-01
 1.09648E+00 7.44115E-01 8.37129E-01 9.20842E-01 9.30051E-01
 1.10917E+00 7.45238E-01 8.38392E-01 9.22231E-01 9.31454E-01
 1.12202E+00 7.46340E-01 8.39633E-01 9.23596E-01 9.32832E-01
 1.13501E+00 7.47424E-01 8.40852E-01 9.24937E-01 9.34186E-01
 1.14815E+00 7.48488E-01 8.42049E-01 9.26254E-01 9.35516E-01
 1.16145E+00 7.49533E-01 8.43224E-01 9.27547E-01 9.36822E-01
 1.17490E+00 7.50559E-01 8.44379E-01 9.28817E-01 9.38105E-01
 1.18850E+00 7.51567E-01 8.45513E-01 9.30064E-01 9.39365E-01
 1.20226E+00 7.52556E-01 8.46626E-01 9.31288E-01 9.40601E-01
 1.21619E+00 7.53528E-01 8.47719E-01 9.32491E-01 9.41816E-01
 1.23027E+00 7.54481E-01 8.48792E-01 9.33671E-01 9.43007E-01
 1.24451E+00 7.55418E-01 8.49845E-01 9.34829E-01 9.44177E-01
 1.25893E+00 7.56336E-01 8.50878E-01 9.35966E-01 9.45326E-01
 1.27350E+00 7.57238E-01 8.51893E-01 9.37082E-01 9.46453E-01
 1.28825E+00 7.58123E-01 8.52888E-01 9.38177E-01 9.47559E-01
 1.30317E+00 7.58991E-01 8.53865E-01 9.39252E-01 9.48644E-01
 1.31826E+00 7.59843E-01 8.54824E-01 9.40306E-01 9.49709E-01
 1.33352E+00 7.60679E-01 8.55764E-01 9.41340E-01 9.50754E-01
 1.34896E+00 7.61499E-01 8.56687E-01 9.42355E-01 9.51779E-01
 1.36458E+00 7.62304E-01 8.57592E-01 9.43351E-01 9.52784E-01
 1.38038E+00 7.63093E-01 8.58479E-01 9.44327E-01 9.53770E-01
 1.39637E+00 7.63867E-01 8.59350E-01 9.45285E-01 9.54738E-01
 1.41254E+00 7.64626E-01 8.60204E-01 9.46224E-01 9.55686E-01
 1.42889E+00 7.65370E-01 8.61041E-01 9.47145E-01 9.56617E-01
 1.44544E+00 7.66100E-01 8.61862E-01 9.48048E-01 9.57529E-01
 1.46218E+00 7.66815E-01 8.62667E-01 9.48934E-01 9.58423E-01
 1.47911E+00 7.67517E-01 8.63457E-01 9.49802E-01 9.59300E-01
 1.49624E+00 7.68205E-01 8.64231E-01 9.50654E-01 9.60160E-01
 1.51356E+00 7.68879E-01 8.64989E-01 9.51488E-01 9.61003E-01
 1.53109E+00 7.69541E-01 8.65733E-01 9.52306E-01 9.61830E-01
 1.54882E+00 7.70189E-01 8.66462E-01 9.53108E-01 9.62639E-01
 1.56675E+00 7.70824E-01 8.67177E-01 9.53894E-01 9.63433E-01
 1.58489E+00 7.71446E-01 8.67877E-01 9.54665E-01 9.64211E-01
 1.60325E+00 7.72056E-01 8.68563E-01 9.55420E-01 9.64974E-01
 1.62181E+00 7.72654E-01 8.69236E-01 9.56160E-01 9.65721E-01
 1.64059E+00 7.73240E-01 8.69895E-01 9.56884E-01 9.66453E-01
 1.65959E+00 7.73814E-01 8.70541E-01 9.57595E-01 9.67171E-01
 1.67880E+00 7.74376E-01 8.71174E-01 9.58291E-01 9.67874E-01
 1.69824E+00 7.74928E-01 8.71793E-01 9.58973E-01 9.68563E-01
 1.71791E+00 7.75467E-01 8.72401E-01 9.59641E-01 9.69237E-01
 1.73780E+00 7.75996E-01 8.72996E-01 9.60295E-01 9.69898E-01
 1.75792E+00 7.76514E-01 8.73579E-01 9.60937E-01 9.70546E-01
 1.77828E+00 7.77022E-01 8.74150E-01 9.61565E-01 9.71180E-01
 1.79887E+00 7.77519E-01 8.74709E-01 9.62180E-01 9.71802E-01
 1.81970E+00 7.78006E-01 8.75257E-01 9.62782E-01 9.72410E-01
 1.84077E+00 7.78483E-01 8.75793E-01 9.63372E-01 9.73006E-01
 1.86209E+00 7.78950E-01 8.76318E-01 9.63950E-01 9.73590E-01
 1.88365E+00 7.79407E-01 8.76833E-01 9.64516E-01 9.74161E-01
 1.90546E+00 7.79855E-01 8.77337E-01 9.65071E-01 9.74721E-01
 1.92752E+00 7.80294E-01 8.77830E-01 9.65613E-01 9.75269E-01
 1.94984E+00 7.80723E-01 8.78313E-01 9.66145E-01 9.75806E-01
 1.97242E+00 7.81143E-01 8.78786E-01 9.66665E-01 9.76332E-01
 1.99526E+00 7.81555E-01 8.79250E-01 9.67175E-01 9.76846E-01
 2.01837E+00 7.81958E-01 8.79703E-01 9.67673E-01 9.77350E-01
 2.04174E+00 7.82353E-01 8.80147E-01 9.68162E-01 9.77843E-01
 2.06538E+00 7.82739E-01 8.80582E-01 9.68640E-01 9.78326E-01
 2.08930E+00 7.83117E-01 8.81007E-01 9.69108E-01 9.78799E-01
 2.11349E+00 7.83488E-01 8.81424E-01 9.69566E-01 9.79262E-01
 2.13796E+00 7.83850E-01 8.81831E-01 9.70014E-01 9.79715E-01
 2.16272E+00 7.84205E-01 8.82230E-01 9.70453E-01 9.80158E-01
 2.18776E+00 7.84552E-01 8.82621E-01 9.70883E-01 9.80592E-01
 2.21309E+00 7.84892E-01 8.83003E-01 9.71304E-01 9.81017E-01
 2.23872E+00 7.85224E-01 8.83377E-01 9.71715E-01 9.81432E-01
 2.26464E+00 7.85550E-01 8.83744E-01 9.72118E-01 9.81839E-01
 2.29087E+00 7.85869E-01 8.84102E-01 9.72512E-01 9.82237E-01
 2.31739E+00 7.86180E-01 8.84453E-01 9.72898E-01 9.82627E-01
 2.34423E+00 7.86485E-01 8.84796E-01 9.73276E-01 9.83008E-01
 2.37137E+00 7.86784E-01 8.85132E-01 9.73645E-01 9.83382E-01
 2.39883E+00 7.87076E-01 8.85461E-01 9.74007E-01 9.83747E-01
 2.42661E+00 7.87362E-01 8.85782E-01 9.74361E-01 9.84104E-01
 2.45471E+00 7.87642E-01 8.86097E-01 9.74707E-01 9.84454E-01
 2.48313E+00 7.87916E-01 8.86405E-01 9.75046E-01 9.84796E-01
 2.51189E+00 7.88183E-01 8.86706E-01 9.75377E-01 9.85131E-01
 2.54097E+00 7.88445E-01 8.87001E-01 9.75701E-01 9.85458E-01
 2.57040E+00 7.88702E-01 8.87290E-01 9.76019E-01 9.85779E-01
 2.60016E+00 7.88953E-01 8.87572E-01 9.76329E-01 9.86092E-01
 2.63027E+00 7.89198E-01 8.87848E-01 9.76633E-01 9.86399E-01
 2.66073E+00 7.89438E-01 8.88118E-01 9.76930E-01 9.86699E-01
 2.69153E+00 7.89673E-01 8.88382E-01 9.77220E-01 9.86993E-01
 2.72270E+00 7.89903E-01 8.88641E-01 9.77505E-01 9.87280E-01
 2.75423E+00 7.90128E-01 8.88894E-01 9.77783E-01 9.87561E-01
 2.78612E+00 7.90348E-01 8.89141E-01 9.78055E-01 9.87836E-01
 2.81838E+00 7.90563E-01 8.89383E-01 9.78321E-01 9.88104E-01
 2.85102E+00 7.90773E-01 8.89620E-01 9.78582E-01 9.88367E-01
 2.88403E+00 7.90979E-01 8.89851E-01 9.78836E-01 9.88625E-01
 2.91743E+00 7.91180E-01 8.90078E-01 9.79085E-01 9.88876E-01
 2.95121E+00 7.91377E-01 8.90299E-01 9.79329E-01 9.89122E-01
 2.98538E+00 7.91570E-01 8.90516E-01 9.79567E-01 9.89363E-01
 3.01995E+00 7.91758E-01 8.90728E-01 9.79801E-01 9.89599E-01
 3.05492E+00 7.91942E-01 8.90935E-01 9.80028E-01 9.89829E-01
 3.09030E+00 7.92122E-01 8.91138E-01 9.80251E-01 9.90054E-01
 3.12608E+00 7.92299E-01 8.91336E-01 9.80470E-01 9.90274E-01
 3.16228E+00 7.92471E-01 8.91530E-01 9.80683E-01 9.90490E-01
 3.19890E+00 7.92640E-01 8.91719E-01 9.80891E-01 9.90700E-01
 3.23594E+00 7.92804E-01 8.91905E-01 9.81095E-01 9.90906E-01
 3.27341E+00 7.92966E-01 8.92086E-01 9.81295E-01 9.91108E-01
 3.31131E+00 7.93123E-01 8.92264E-01 9.81490E-01 9.91305E-01
 3.34965E+00 7.93277E-01 8.92437E-01 9.81681E-01 9.91498E-01
 3.38844E+00 7.93428E-01 8.92607E-01 9.81867E-01 9.91686E-01
 3.42768E+00 7.93576E-01 8.92773E-01 9.82050E-01 9.91870E-01
 3.46737E+00 7.93720E-01 8.92935E-01 9.82228E-01 9.92051E-01
 3.50752E+00 7.93861E-01 8.93093E-01 9.82403E-01 9.92227E-01
 3.54813E+00 7.93999E-01 8.93249E-01 9.82573E-01 9.92399E-01
 3.58922E+00 7.94134E-01 8.93400E-01 9.82740E-01 9.92568E-01
 3.63078E+00 7.94265E-01 8.93549E-01 9.82903E-01 9.92732E-01
 3.67282E+00 7.94394E-01 8.93694E-01 9.83063E-01 9.92894E-01
 3.71535E+00 7.94520E-01 8.93835E-01 9.83219E-01 9.93051E-01
 3.75837E+00 7.94644E-01 8.93974E-01 9.83371E-01 9.93205E-01
 3.80189E+00 7.94764E-01 8.94110E-01 9.83520E-01 9.93356E-01
 3.84592E+00 7.94882E-01 8.94242E-01 9.83666E-01 9.93503E-01
 3.89045E+00 7.94997E-01 8.94372E-01 9.83809E-01 9.93647E-01
 3.93550E+00 7.95110E-01 8.94498E-01 9.83948E-01 9.93788E-01
 3.98107E+00 7.95220E-01 8.94622E-01 9.84084E-01 9.93925E-01
 4.02717E+00 7.95327E-01 8.94743E-01 9.84218E-01 9.94060E-01
 4.07380E+00 7.95433E-01 8.94862E-01 9.84348E-01 9.94191E-01
 4.12098E+00 7.95536E-01 8.94978E-01 9.84475E-01 9.94320E-01
 4.16869E+00 7.95636E-01 8.95091E-01 9.84600E-01 9.94446E-01
 4.21697E+00 7.95735E-01 8.95201E-01 9.84722E-01 9.94569E-01
 4.26580E+00 7.95831E-01 8.95310E-01 9.84841E-01 9.94689E-01
 4.31519E+00 7.95925E-01 8.95415E-01 9.84957E-01 9.94807E-01
 4.36516E+00 7.96017E-01 8.95519E-01 9.85071E-01 9.94922E-01
 4.41570E+00 7.96107E-01 8.95620E-01 9.85182E-01 9.95034E-01
 4.46684E+00 7.96195E-01 8.95719E-01 9.85291E-01 9.95144E-01
 4.51856E+00 7.96280E-01 8.95816E-01 9.85397E-01 9.95251E-01
 4.57088E+00 7.96364E-01 8.95910E-01 9.85501E-01 9.95356E-01
 4.62381E+00 7.96447E-01 8.96002E-01 9.85603E-01 9.95459E-01
 4.67735E+00 7.96527E-01 8.96093E-01 9.85702E-01 9.95559E-01
 4.73151E+00 7.96605E-01 8.96181E-01 9.85799E-01 9.95657E-01
 4.78630E+00 7.96682E-01 8.96267E-01 9.85894E-01 9.95753E-01
 4.84172E+00 7.96757E-01 8.96352E-01 9.85987E-01 9.95847E-01
 4.89779E+00 7.96830E-01 8.96434E-01 9.86077E-01 9.95938E-01
 4.95450E+00 7.96902E-01 8.96515E-01 9.86166E-01 9.96028E-01
 5.01187E+00 7.96972E-01 8.96593E-01 9.86253E-01 9.96115E-01
 5.06991E+00 7.97040E-01 8.96670E-01 9.86337E-01 9.96201E-01
 5.12861E+00 7.97107E-01 8.96746E-01 9.86420E-01 9.96285E-01
 5.18800E+00 7.97173E-01 8.96819E-01 9.86501E-01 9.96366E-01
 5.24807E+00 7.97237E-01 8.96891E-01 9.86580E-01 9.96446E-01
 5.30884E+00 7.97299E-01 8.96962E-01 9.86658E-01 9.96524E-01
 5.37032E+00 7.97360E-01 8.97030E-01 9.86733E-01 9.96601E-01
 5.43250E+00 7.97420E-01 8.97098E-01 9.86807E-01 9.96675E-01
 5.49541E+00 7.97478E-01 8.97163E-01 9.86880E-01 9.96748E-01
 5.55904E+00 7.97536E-01 8.97227E-01 9.86950E-01 9.96820E-01
 5.62341E+00 7.97591E-01 8.97290E-01 9.87019E-01 9.96889E-01
 5.68853E+00 7.97646E-01 8.97352E-01 9.87087E-01 9.96958E-01
 5.75440E+00 7.97699E-01 8.97412E-01 9.87153E-01 9.97024E-01
 5.82103E+00 7.97751E-01 8.97470E-01 9.87217E-01 9.97089E-01
 5.88844E+00 7.97802E-01 8.97528E-01 9.87280E-01 9.97153E-01
 5.95662E+00 7.97852E-01 8.97584E-01 9.87342E-01 9.97215E-01
 6.02560E+00 7.97901E-01 8.97638E-01 9.87402E-01 9.97276E-01
 6.09537E+00 7.97948E-01 8.97692E-01 9.87461E-01 9.97336E-01
 6.16595E+00 7.97995E-01 8.97744E-01 9.87518E-01 9.97394E-01
 6.23735E+00 7.98040E-01 8.97795E-01 9.87575E-01 9.97450E-01
 6.30957E+00 7.98085E-01 8.97845E-01 9.87630E-01 9.97506E-01
 6.38263E+00 7.98128E-01 8.97894E-01 9.87683E-01 9.97560E-01
 6.45654E+00 7.98170E-01 8.97942E-01 9.87736E-01 9.97613E-01
 6.53131E+00 7.98212E-01 8.97988E-01 9.87787E-01 9.97665E-01
 6.60693E+00 7.98252E-01 8.98034E-01 9.87837E-01 9.97716E-01
 6.68344E+00 7.98292E-01 8.98079E-01 9.87886E-01 9.97765E-01
 6.76083E+00 7.98331E-01 8.98122E-01 9.87934E-01 9.97814E-01
 6.83912E+00 7.98369E-01 8.98165E-01 9.87981E-01 9.97861E-01
 6.91831E+00 7.98406E-01 8.98206E-01 9.88027E-01 9.97907E-01
 6.99842E+00 7.98442E-01 8.98247E-01 9.88072E-01 9.97953E-01
 7.07946E+00 7.98477E-01 8.98287E-01 9.88116E-01 9.97997E-01
 7.16143E+00 7.98512E-01 8.98326E-01 9.88158E-01 9.98040E-01
 7.24436E+00 7.98546E-01 8.98364E-01 9.88200E-01 9.98082E-01
 7.32825E+00 7.98579E-01 8.98401E-01 9.88241E-01 9.98123E-01
 7.41310E+00 7.98611E-01 8.98437E-01 9.88281E-01 9.98164E-01
 7.49894E+00 7.98642E-01 8.98473E-01 9.88320E-01 9.98203E-01
 7.58578E+00 7.98673E-01 8.98507E-01 9.88358E-01 9.98242E-01
 7.67361E+00 7.98703E-01 8.98541E-01 9.88395E-01 9.98279E-01
 7.76247E+00 7.98733E-01 8.98574E-01 9.88432E-01 9.98316E-01
 7.85236E+00 7.98761E-01 8.98607E-01 9.88467E-01 9.98352E-01
 7.94328E+00 7.98790E-01 8.98638E-01 9.88502E-01 9.98387E-01
 8.03526E+00 7.98817E-01 8.98669E-01 9.88536E-01 9.98421E-01
 8.12831E+00 7.98844E-01 8.98699E-01 9.88569E-01 9.98455E-01
 8.22243E+00 7.98870E-01 8.98729E-01 9.88602E-01 9.98488E-01
 8.31764E+00 7.98896E-01 8.98758E-01 9.88634E-01 9.98520E-01
 8.41395E+00 7.98921E-01 8.98786E-01 9.88665E-01 9.98551E-01
 8.51138E+00 7.98945E-01 8.98814E-01 9.88695E-01 9.98582E-01
 8.60994E+00 7.98969E-01 8.98840E-01 9.88725E-01 9.98612E-01
 8.70964E+00 7.98993E-01 8.98867E-01 9.88753E-01 9.98641E-01
 8.81049E+00 7.99016E-01 8.98893E-01 9.88782E-01 9.98670E-01
 8.91251E+00 7.99038E-01 8.98918E-01 9.88809E-01 9.98698E-01
 9.01571E+00 7.99060E-01 8.98942E-01 9.88837E-01 9.98725E-01
 9.12011E+00 7.99081E-01 8.98966E-01 9.88863E-01 9.98752E-01
 9.22571E+00 7.99102E-01 8.98990E-01 9.88889E-01 9.98778E-01
 9.33254E+00 7.99122E-01 8.99013E-01 9.88914E-01 9.98803E-01
 9.44061E+00 7.99142E-01 8.99035E-01 9.88939E-01 9.98828E-01
 9.54993E+00 7.99162E-01 8.99057E-01 9.88963E-01 9.98852E-01
 9.66051E+00 7.99181E-01 8.99079E-01 9.88986E-01 9.98876E-01
 9.77237E+00 7.99200E-01 8.99099E-01 9.89009E-01 9.98899E-01
 9.88553E+00 7.99218E-01 8.99120E-01 9.89032E-01 9.98922E-01
 1.00000E+01 7.99235E-01 8.99140E-01 9.89054E-01 9.98944E-01
 1.01158E+01 7.99253E-01 8.99159E-01 9.89075E-01 9.98966E-01
 1.02329E+01 7.99270E-01 8.99179E-01 9.89096E-01 9.98987E-01
 1.03514E+01 7.99286E-01 8.99197E-01 9.89117E-01 9.99008E-01
 1.04713E+01 7.99303E-01 8.99215E-01 9.89137E-01 9.99028E-01
 1.05925E+01 7.99318E-01 8.99233E-01 9.89157E-01 9.99048E-01
 1.07152E+01 7.99334E-01 8.99251E-01 9.89176E-01 9.99068E-01
 1.08393E+01 7.99349E-01 8.99268E-01 9.89195E-01 9.99086E-01
 1.09648E+01 7.99364E-01 8.99284E-01 9.89213E-01 9.99105E-01
 1.10917E+01 7.99378E-01 8.99301E-01 9.89231E-01 9.99123E-01
 1.12202E+01 7.99393E-01 8.99317E-01 9.89248E-01 9.99141E-01
 1.13501E+01 7.99406E-01 8.99332E-01 9.89265E-01 9.99158E-01
 1.14815E+01 7.99420E-01 8.99347E-01 9.89282E-01 9.99175E-01
 1.16145E+01 7.99433E-01 8.99362E-01 9.89298E-01 9.99191E-01
 1.17490E+01 7.99446E-01 8.99377E-01 9.89314E-01 9.99207E-01
 1.18850E+01 7.99458E-01 8.99391E-01 9.89330E-01 9.99223E-01
 1.20226E+01 7.99471E-01 8.99405E-01 9.89345E-01 9.99239E-01
 1.21619E+01 7.99483E-01 8.99418E-01 9.89360E-01 9.99254E-01
 1.23027E+01 7.99495E-01 8.99431E-01 9.89375E-01 9.99268E-01
 1.24451E+01 7.99506E-01 8.99444E-01 9.89389E-01 9.99283E-01
 1.25893E+01 7.99517E-01 8.99457E-01 9.89403E-01 9.99297E-01
 1.27350E+01 7.99528E-01 8.99469E-01 9.89416E-01 9.99310E-01
 1.28825E+01 7.99539E-01 8.99481E-01 9.89430E-01 9.99324E-01
 1.30317E+01 7.99550E-01 8.99493E-01 9.89443E-01 9.99337E-01
 1.31826E+01 7.99560E-01 8.99505E-01 9.89455E-01 9.99350E-01
 1.33352E+01 7.99570E-01 8.99516E-01 9.89468E-01 9.99362E-01
 1.34896E+01 7.99580E-01 8.99527E-01 9.89480E-01 9.99374E-01
 1.36458E+01 7.99589E-01 8.99538E-01 9.89492E-01 9.99386E-01
 1.38038E+01 7.99598E-01 8.99548E-01 9.89503E-01 9.99398E-01
 1.39637E+01 7.99608E-01 8.99559E-01 9.89514E-01 9.99410E-01
 1.41254E+01 7.99617E-01 8.99569E-01 9.89525E-01 9.99421E-01
 1.42889E+01 7.99625E-01 8.99578E-01 9.89536E-01 9.99432E-01
 1.44544E+01 7.99634E-01 8.99588E-01 9.89547E-01 9.99442E-01
 1.46218E+01 7.99642E-01 8.99597E-01 9.89557E-01 9.99453E-01
 1.47911E+01 7.99650E-01 8.99607E-01 9.89567E-01 9.99463E-01
 1.49624E+01 7.99658E-01 8.99615E-01 9.89577E-01 9.99473E-01
 1.51356E+01 7.99666E-01 8.99624E-01 9.89587E-01 9.99482E-01
 1.53109E+01 7.99674E-01 8.99633E-01 9.89596E-01 9.99492E-01
 1.54882E+01 7.99681E-01 8.99641E-01 9.89605E-01 9.99501E-01
 1.56675E+01 7.99688E-01 8.99649E-01 9.89614E-01 9.99510E-01
 1.58489E+01 7.99695E-01 8.99657E-01 9.89623E-01 9.99519E-01
 1.60325E+01 7.99702E-01 8.99665E-01 9.89632E-01 9.99528E-01
 1.62181E+01 7.99709E-01 8.99673E-01 9.89640E-01 9.99536E-01
 1.64059E+01 7.99716E-01 8.99680E-01 9.89648E-01 9.99545E-01
 1.65959E+01 7.99722E-01 8.99687E-01 9.89656E-01 9.99553E-01
 1.67880E+01 7.99728E-01 8.99694E-01 9.89664E-01 9.99561E-01
 1.69824E+01 7.99735E-01 8.99701E-01 9.89672E-01 9.99568E-01
 1.71791E+01 7.99741E-01 8.99708E-01 9.89679E-01 9.99576E-01
 1.73780E+01 7.99747E-01 8.99715E-01 9.89686E-01 9.99583E-01
 1.75792E+01 7.99752E-01 8.99721E-01 9.89693E-01 9.99590E-01
 1.77828E+01 7.99758E-01 8.99728E-01 9.89700E-01 9.99597E-01
 1.79887E+01 7.99763E-01 8.99734E-01 9.89707E-01 9.99604E-01
 1.81970E+01 7.99769E-01 8.99740E-01 9.89714E-01 9.99611E-01
 1.84077E+01 7.99774E-01 8.99746E-01 9.89720E-01 9.99618E-01
 1.86209E+01 7.99779E-01 8.99752E-01 9.89727E-01 9.99624E-01
 1.88365E+01 7.99784E-01 8.99757E-01 9.89733E-01 9.99630E-01
 1.90546E+01 7.99789E-01 8.99763E-01 9.89739E-01 9.99636E-01
 1.92752E+01 7.99794E-01 8.99768E-01 9.89745E-01 9.99642E-01
 1.94984E+01 7.99799E-01 8.99773E-01 9.89751E-01 9.99648E-01
 1.97242E+01 7.99803E-01 8.99779E-01 9.89757E-01 9.99654E-01
 1.99526E+01 7.99808E-01 8.99784E-01 9.89762E-01 9.99660E-01
 2.01837E+01 7.99812E-01 8.99789E-01 9.89767E-01 9.99665E-01
 2.04174E+01 7.99816E-01 8.99793E-01 9.89773E-01 9.99670E-01
 2.06538E+01 7.99821E-01 8.99798E-01 9.89778E-01 9.99676E-01
 2.08930E+01 7.99825E-01 8.99803E-01 9.89783E-01 9.99681E-01
 2.11349E+01 7.99829E-01 8.99807E-01 9.89788E-01 9.99686E-01
 2.13796E+01 7.99833E-01 8.99812E-01 9.89793E-01 9.99691E-01
 2.16272E+01 7.99836E-01 8.99816E-01 9.89797E-01 9.99695E-01
 2.18776E+01 7.99840E-01 8.99820E-01 9.89802E-01 9.99700E-01
 2.21309E+01 7.99844E-01 8.99824E-01 9.89807E-01 9.99705E-01
 2.23872E+01 7.99847E-01 8.99828E-01 9.89811E-01 9.99709E-01
 2.26464E+01 7.99851E-01 8.99832E-01 9.89815E-01 9.99713E-01
 2.29087E+01 7.99854E-01 8.99836E-01 9.89819E-01 9.99718E-01
 2.31739E+01 7.99857E-01 8.99840E-01 9.89824E-01 9.99722E-01
 2.34423E+01 7.99861E-01 8.99843E-01 9.89828E-01 9.99726E-01
 2.37137E+01 7.99864E-01 8.99847E-01 9.89832E-01 9.99730E-01
 2.39883E+01 7.99867E-01 8.99850E-01 9.89835E-01 9.99734E-01
 2.42661E+01 7.99870E-01 8.99854E-01 9.89839E-01 9.99737E-01
 2.45471E+01 7.99873E-01 8.99857E-01 9.89843E-01 9.99741E-01
 2.48313E+01 7.99876E-01 8.99860E-01 9.89846E-01 9.99745E-01
 2.51189E+01 7.99879E-01 8.99863E-01 9.89850E-01 9.99748E-01
 2.54097E+01 7.99881E-01 8.99867E-01 9.89853E-01 9.99752E-01
 2.57040E+01 7.99884E-01 8.99870E-01 9.89857E-01 9.99755E-01
 2.60016E+01 7.99887E-01 8.99873E-01 9.89860E-01 9.99758E-01
 2.63027E+01 7.99889E-01 8.99875E-01 9.89863E-01 9.99762E-01
 2.66073E+01 7.99892E-01 8.99878E-01 9.89866E-01 9.99765E-01
 2.69153E+01 7.99894E-01 8.99881E-01 9.89869E-01 9.99768E-01
 2.72270E+01 7.99897E-01 8.99884E-01 9.89872E-01 9.99771E-01
 2.75423E+01 7.99899E-01 8.99886E-01 9.89875E-01 9.99774E-01
 2.78612E+01 7.99901E-01 8.99889E-01 9.89878E-01 9.99777E-01
 2.81838E+01 7.99904E-01 8.99892E-01 9.89881E-01 9.99780E-01
 2.85102E+01 7.99906E-01 8.99894E-01 9.89883E-01 9.99782E-01
 2.88403E+01 7.99908E-01 8.99896E-01 9.89886E-01 9.99785E-01
 2.91743E+01 7.99910E-01 8.99899E-01 9.89889E-01 9.99788E-01
 2.95121E+01 7.99912E-01 8.99901E-01 9.89891E-01 9.99790E-01
 2.98538E+01 7.99914E-01 8.99903E-01 9.89894E-01 9.99793E-01
 3.01995E+01 7.99916E-01 8.99906E-01 9.89896E-01 9.99795E-01
 3.05492E+01 7.99918E-01 8.99908E-01 9.89898E-01 9.99797E-01
 3.09030E+01 7.99920E-01 8.99910E-01 9.89901E-01 9.99800E-01
 3.12608E+01 7.99922E-01 8.99912E-01 9.89903E-01 9.99802E-01
 3.16228E+01 7.99923E-01 8.99914E-01 9.89905E-01 9.99804E-01
 3.19890E+01 7.99925E-01 8.99916E-01 9.89907E-01 9.99806E-01
 3.23594E+01 7.99927E-01 8.99918E-01 9.89910E-01 9.99809E-01
 3.27341E+01 7.99929E-01 8.99920E-01 9.89912E-01 9.99811E-01
 3.31131E+01 7.99930E-01 8.99921E-01 9.89914E-01 9.99813E-01
 3.34965E+01 7.99932E-01 8.99923E-01 9.89916E-01 9.99815E-01
 3.38844E+01 7.99933E-01 8.99925E-01 9.89917E-01 9.99817E-01
 3.42768E+01 7.99935E-01 8.99927E-01 9.89919E-01 9.99819E-01
 3.46737E+01 7.99936E-01 8.99928E-01 9.89921E-01 9.99820E-01
 3.50752E+01 7.99938E-01 8.99930E-01 9.89923E-01 9.99822E-01
 3.54813E+01 7.99939E-01 8.99932E-01 9.89925E-01 9.99824E-01
 3.58922E+01 7.99941E-01 8.99933E-01 9.89926E-01 9.99826E-01
 3.63078E+01 7.99942E-01 8.99935E-01 9.89928E-01 9.99827E-01
 3.67282E+01 7.99943E-01 8.99936E-01 9.89930E-01 9.99829E-01
 3.71535E+01 7.99945E-01 8.99938E-01 9.89931E-01 9.99831E-01
 3.75837E+01 7.99946E-01 8.99939E-01 9.89933E-01 9.99832E-01
 3.80189E+01 7.99947E-01 8.99940E-01 9.89934E-01 9.99834E-01
 3.84592E+01 7.99948E-01 8.99942E-01 9.89936E-01 9.99835E-01
 3.89045E+01 7.99949E-01 8.99943E-01 9.89937E-01 9.99837E-01
 3.93550E+01 7.99951E-01 8.99944E-01 9.89939E-01 9.99838E-01
 3.98107E+01 7.99952E-01 8.99946E-01 9.89940E-01 9.99840E-01
 4.02717E+01 7.99953E-01 8.99947E-01 9.89942E-01 9.99841E-01
 4.07380E+01 7.99954E-01 8.99948E-01 9.89943E-01 9.99842E-01
 4.12098E+01 7.99955E-01 8.99949E-01 9.89944E-01 9.99844E-01
 4.16869E+01 7.99956E-01 8.99950E-01 9.89945E-01 9.99845E-01
 4.21697E+01 7.99957E-01 8.99952E-01 9.89947E-01 9.99846E-01
 4.26580E+01 7.99958E-01 8.99953E-01 9.89948E-01 9.99847E-01
 4.31519E+01 7.99959E-01 8.99954E-01 9.89949E-01 9.99849E-01
 4.36516E+01 7.99960E-01 8.99955E-01 9.89950E-01 9.99850E-01
 4.41570E+01 7.99961E-01 8.99956E-01 9.89951E-01 9.99851E-01
 4.46684E+01 7.99962E-01 8.99957E-01 9.89953E-01 9.99852E-01
 4.51856E+01 7.99962E-01 8.99958E-01 9.89954E-01 9.99853E-01
 4.57088E+01 7.99963E-01 8.99959E-01 9.89955E-01 9.99854E-01
 4.62381E+01 7.99964E-01 8.99960E-01 9.89956E-01 9.99855E-01
 4.67735E+01 7.99965E-01 8.99961E-01 9.89957E-01 9.99856E-01
 4.73151E+01 7.99966E-01 8.99962E-01 9.89958E-01 9.99857E-01
 4.78630E+01 7.99967E-01 8.99962E-01 9.89959E-01 9.99858E-01
 4.84172E+01 7.99967E-01 8.99963E-01 9.89960E-01 9.99859E-01
 4.89779E+01 7.99968E-01 8.99964E-01 9.89960E-01 9.99860E-01
 4.95450E+01 7.99969E-01 8.99965E-01 9.89961E-01 9.99861E-01
 5.01187E+01 7.99970E-01 8.99966E-01 9.89962E-01 9.99862E-01
 5.06991E+01 7.99970E-01 8.99966E-01 9.89963E-01 9.99863E-01
 5.12861E+01 7.99971E-01 8.99967E-01 9.89964E-01 9.99864E-01
 5.18800E+01 7.99972E-01 8.99968E-01 9.89965E-01 9.99864E-01
 5.24807E+01 7.99972E-01 8.99969E-01 9.89966E-01 9.99865E-01
 5.30884E+01 7.99973E-01 8.99969E-01 9.89966E-01 9.99866E-01
 5.37032E+01 7.99973E-01 8.99970E-01 9.89967E-01 9.99867E-01
 5.43250E+01 7.99974E-01 8.99971E-01 9.89968E-01 9.99868E-01
 5.49541E+01 7.99975E-01 8.99971E-01 9.89969E-01 9.99868E-01
 5.55904E+01 7.99975E-01 8.99972E-01 9.89969E-01 9.99869E-01
 5.62341E+01 7.99976E-01 8.99973E-01 9.89970E-01 9.99870E-01
 5.68853E+01 7.99976E-01 8.99973E-01 9.89971E-01 9.99870E-01
 5.75440E+01 7.99977E-01 8.99974E-01 9.89971E-01 9.99871E-01
 5.82103E+01 7.99977E-01 8.99975E-01 9.89972E-01 9.99872E-01
 5.88844E+01 7.99978E-01 8.99975E-01 9.89973E-01 9.99872E-01
 5.95662E+01 7.99978E-01 8.99976E-01 9.89973E-01 9.99873E-01
 6.02560E+01 7.99979E-01 8.99976E-01 9.89974E-01 9.99874E-01
 6.09537E+01 7.99979E-01 8.99977E-01 9.89974E-01 9.99874E-01
 6.16595E+01 7.99980E-01 8.99977E-01 9.89975E-01 9.99875E-01
 6.23735E+01 7.99980E-01 8.99978E-01 9.89976E-01 9.99875E-01
 6.30957E+01 7.99981E-01 8.99978E-01 9.89976E-01 9.99876E-01
 6.38263E+01 7.99981E-01 8.99979E-01 9.89977E-01 9.99877E-01
 6.45654E+01 7.99982E-01 8.99979E-01 9.89977E-01 9.99877E-01
 6.53131E+01 7.99982E-01 8.99980E-01 9.89978E-01 9.99878E-01
 6.60693E+01 7.99982E-01 8.99980E-01 9.89978E-01 9.99878E-01
 6.68344E+01 7.99983E-01 8.99981E-01 9.89979E-01 9.99879E-01
 6.76083E+01 7.99983E-01 8.99981E-01 9.89979E-01 9.99879E-01
 6.83912E+01 7.99984E-01 8.99982E-01 9.89980E-01 9.99880E-01
 6.91831E+01 7.99984E-01 8.99982E-01 9.89980E-01 9.99880E-01
 6.99842E+01 7.99984E-01 8.99982E-01 9.89981E-01 9.99880E-01
 7.07946E+01 7.99985E-01 8.99983E-01 9.89981E-01 9.99881E-01
 7.16143E+01 7.99985E-01 8.99983E-01 9.89982E-01 9.99881E-01
 7.24436E+01 7.99985E-01 8.99984E-01 9.89982E-01 9.99882E-01
 7.32825E+01 7.99986E-01 8.99984E-01 9.89982E-01 9.99882E-01
 7.41310E+01 7.99986E-01 8.99984E-01 9.89983E-01 9.99883E-01
 7.49894E+01 7.99986E-01 8.99985E-01 9.89983E-01 9.99883E-01
 7.58578E+01 7.99987E-01 8.99985E-01 9.89984E-01 9.99883E-01
 7.67361E+01 7.99987E-01 8.99985E-01 9.89984E-01 9.99884E-01
 7.76247E+01 7.99987E-01 8.99986E-01 9.89984E-01 9.99884E-01
 7.85236E+01 7.99988E-01 8.99986E-01 9.89985E-01 9.99884E-01
 7.94328E+01 7.99988E-01 8.99986E-01 9.89985E-01 9.99885E-01
 8.03526E+01 7.99988E-01 8.99987E-01 9.89985E-01 9.99885E-01
 8.12831E+01 7.99988E-01 8.99987E-01 9.89986E-01 9.99886E-01
 8.22243E+01 7.99989E-01 8.99987E-01 9.89986E-01 9.99886E-01
 8.31764E+01 7.99989E-01 8.99988E-01 9.89986E-01 9.99886E-01
 8.41395E+01 7.99989E-01 8.99988E-01 9.89987E-01 9.99886E-01
 8.51138E+01 7.99989E-01 8.99988E-01 9.89987E-01 9.99887E-01
 8.60994E+01 7.99990E-01 8.99988E-01 9.89987E-01 9.99887E-01
 8.70964E+01 7.99990E-01 8.99989E-01 9.89988E-01 9.99887E-01
 8.81049E+01 7.99990E-01 8.99989E-01 9.89988E-01 9.99888E-01
 8.91251E+01 7.99990E-01 8.99989E-01 9.89988E-01 9.99888E-01
 9.01571E+01 7.99991E-01 8.99989E-01 9.89988E-01 9.99888E-01
 9.12011E+01 7.99991E-01 8.99990E-01 9.89989E-01 9.99888E-01
 9.22571E+01 7.99991E-01 8.99990E-01 9.89989E-01 9.99889E-01
 9.33254E+01 7.99991E-01 8.99990E-01 9.89989E-01 9.99889E-01
 9.44061E+01 7.99991E-01 8.99990E-01 9.89989E-01 9.99889E-01
 9.54993E+01 7.99992E-01 8.99991E-01 9.89990E-01 9.99890E-01
 9.66051E+01 7.99992E-01 8.99991E-01 9.89990E-01 9.99890E-01
 9.77237E+01 7.99992E-01 8.99991E-01 9.89990E-01 9.99890E-01
 9.88553E+01 7.99992E-01 8.99991E-01 9.89990E-01 9.99890E-01
 1.00000E+02 7.99992E-01 8.99991E-01 9.89991E-01 9.99890E-01
