 1.00000E-02 2.03866E-02 3.86384E-02 7.08771E-02 7.61632E-02
 2.00000E-02 2.20349E-02 4.20750E-02 7.83610E-02 8.48310E-02
 3.00000E-02 2.37304E-02 4.55780E-02 8.65124E-02 9.41848E-02
 4.00000E-02 2.54988E-02 4.92279E-02 9.51450E-02 1.04375E-01
 5.00000E-02 2.73240E-02 5.29818E-02 1.04219E-01 1.15450E-01
 6.00000E-02 2.92024E-02 5.68195E-02 1.13653E-01 1.27381E-01
 7.00000E-02 3.11236E-02 6.07275E-02 1.23318E-01 1.40173E-01
 8.00000E-02 3.30816E-02 6.46802E-02 1.33103E-01 1.53763E-01
 9.00000E-02 3.50691E-02 6.86630E-02 1.42909E-01 1.67907E-01
 1.00000E-01 3.70837E-02 7.26633E-02 1.52664E-01 1.82113E-01
 1.10000E-01 3.91186E-02 7.66742E-02 1.62316E-01 1.96051E-01
 1.20000E-01 4.11701E-02 8.06855E-02 1.71830E-01 2.09603E-01
 1.30000E-01 4.32353E-02 8.46899E-02 1.81184E-01 2.22749E-01
 1.40000E-01 4.53115E-02 8.86844E-02 1.90364E-01 2.35482E-01
 1.50000E-01 4.73962E-02 9.26632E-02 1.99363E-01 2.47822E-01
 1.60000E-01 4.94871E-02 9.66227E-02 2.08177E-01 2.59777E-01
 1.70000E-01 5.15836E-02 1.00560E-01 2.16806E-01 2.71361E-01
 1.80000E-01 5.36835E-02 1.04475E-01 2.25255E-01 2.82590E-01
 1.90000E-01 5.57848E-02 1.08366E-01 2.33525E-01 2.93478E-01
 2.00000E-01 5.78880E-02 1.12230E-01 2.41618E-01 3.04040E-01
 2.10000E-01 5.99906E-02 1.16068E-01 2.49537E-01 3.14291E-01
 2.20000E-01 6.20928E-02 1.19879E-01 2.57288E-01 3.24244E-01
 2.30000E-01 6.41929E-02 1.23662E-01 2.64874E-01 3.33910E-01
 2.40000E-01 6.62913E-02 1.27417E-01 2.72304E-01 3.43303E-01
 2.50000E-01 6.83861E-02 1.31143E-01 2.79581E-01 3.52433E-01
 2.60000E-01 7.04781E-02 1.34842E-01 2.86708E-01 3.61312E-01
 2.70000E-01 7.25660E-02 1.38511E-01 2.93689E-01 3.69949E-01
 2.80000E-01 7.46492E-02 1.42154E-01 3.00530E-01 3.78355E-01
 2.90000E-01 7.67278E-02 1.45766E-01 3.07234E-01 3.86538E-01
 3.00000E-01 7.88013E-02 1.49352E-01 3.13807E-01 3.94508E-01
 3.10000E-01 8.08691E-02 1.52908E-01 3.20254E-01 4.02272E-01
 3.20000E-01 8.29310E-02 1.56437E-01 3.26576E-01 4.09838E-01
 3.30000E-01 8.49865E-02 1.59939E-01 3.32778E-01 4.17215E-01
 3.40000E-01 8.70355E-02 1.63412E-01 3.38863E-01 4.24408E-01
 3.50000E-01 8.90778E-02 1.66858E-01 3.44835E-01 4.31426E-01
 3.60000E-01 9.11131E-02 1.70278E-01 3.50697E-01 4.38274E-01
 3.70000E-01 9.31411E-02 1.73670E-01 3.56455E-01 4.44958E-01
 3.80000E-01 9.51616E-02 1.77035E-01 3.62109E-01 4.51484E-01
 3.90000E-01 9.71744E-02 1.80374E-01 3.67663E-01 4.57859E-01
 4.00000E-01 9.91793E-02 1.83687E-01 3.73120E-01 4.64086E-01
 4.10000E-01 1.01176E-01 1.86974E-01 3.78482E-01 4.70172E-01
 4.20000E-01 1.03164E-01 1.90235E-01 3.83753E-01 4.76121E-01
 4.30000E-01 1.05144E-01 1.93470E-01 3.88934E-01 4.81938E-01
 4.40000E-01 1.07115E-01 1.96680E-01 3.94029E-01 4.87627E-01
 4.50000E-01 1.09078E-01 1.99865E-01 3.99040E-01 4.93192E-01
 4.60000E-01 1.11031E-01 2.03025E-01 4.03970E-01 4.98637E-01
 4.70000E-01 1.12975E-01 2.06160E-01 4.08820E-01 5.03967E-01
 4.80000E-01 1.14910E-01 2.09271E-01 4.13592E-01 5.09185E-01
 4.90000E-01 1.16836E-01 2.12357E-01 4.18288E-01 5.14294E-01
 5.00000E-01 1.18752E-01 2.15419E-01 4.22911E-01 5.19298E-01
 5.10000E-01 1.20658E-01 2.18457E-01 4.27463E-01 5.24201E-01
 5.20000E-01 1.22555E-01 2.21471E-01 4.31945E-01 5.29004E-01
 5.30000E-01 1.24442E-01 2.24462E-01 4.36359E-01 5.33712E-01
 5.40000E-01 1.26319E-01 2.27430E-01 4.40707E-01 5.38327E-01
 5.50000E-01 1.28186E-01 2.30374E-01 4.44991E-01 5.42852E-01
 5.60000E-01 1.30043E-01 2.33295E-01 4.49211E-01 5.47290E-01
 5.70000E-01 1.31889E-01 2.36193E-01 4.53370E-01 5.51642E-01
 5.80000E-01 1.33726E-01 2.39069E-01 4.57470E-01 5.55912E-01
 5.90000E-01 1.35552E-01 2.41922E-01 4.61510E-01 5.60103E-01
 6.00000E-01 1.37367E-01 2.44753E-01 4.65494E-01 5.64215E-01
 6.10000E-01 1.39172E-01 2.47562E-01 4.69422E-01 5.68252E-01
 6.20000E-01 1.40967E-01 2.50349E-01 4.73295E-01 5.72215E-01
 6.30000E-01 1.42751E-01 2.53113E-01 4.77115E-01 5.76107E-01
 6.40000E-01 1.44524E-01 2.55857E-01 4.80883E-01 5.79929E-01
 6.50000E-01 1.46287E-01 2.58579E-01 4.84601E-01 5.83683E-01
 6.60000E-01 1.48039E-01 2.61279E-01 4.88269E-01 5.87372E-01
 6.70000E-01 1.49781E-01 2.63959E-01 4.91888E-01 5.90997E-01
 6.80000E-01 1.51511E-01 2.66617E-01 4.95460E-01 5.94559E-01
 6.90000E-01 1.53231E-01 2.69255E-01 4.98986E-01 5.98060E-01
 7.00000E-01 1.54940E-01 2.71872E-01 5.02465E-01 6.01502E-01
 7.10000E-01 1.56638E-01 2.74468E-01 5.05901E-01 6.04887E-01
 7.20000E-01 1.58325E-01 2.77044E-01 5.09292E-01 6.08215E-01
 7.30000E-01 1.60002E-01 2.79600E-01 5.12641E-01 6.11489E-01
 7.40000E-01 1.61667E-01 2.82135E-01 5.15949E-01 6.14709E-01
 7.50000E-01 1.63322E-01 2.84651E-01 5.19215E-01 6.17877E-01
 7.60000E-01 1.64966E-01 2.87147E-01 5.22441E-01 6.20994E-01
 7.70000E-01 1.66598E-01 2.89623E-01 5.25628E-01 6.24062E-01
 7.80000E-01 1.68221E-01 2.92080E-01 5.28777E-01 6.27082E-01
 7.90000E-01 1.69832E-01 2.94518E-01 5.31888E-01 6.30054E-01
 8.00000E-01 1.71432E-01 2.96936E-01 5.34962E-01 6.32980E-01
 8.10000E-01 1.73021E-01 2.99335E-01 5.37999E-01 6.35861E-01
 8.20000E-01 1.74600E-01 3.01716E-01 5.41001E-01 6.38698E-01
 8.30000E-01 1.76168E-01 3.04077E-01 5.43968E-01 6.41492E-01
 8.40000E-01 1.77725E-01 3.06420E-01 5.46901E-01 6.44245E-01
 8.50000E-01 1.79271E-01 3.08745E-01 5.49800E-01 6.46956E-01
 8.60000E-01 1.80807E-01 3.11051E-01 5.52666E-01 6.49627E-01
 8.70000E-01 1.82331E-01 3.13339E-01 5.55500E-01 6.52259E-01
 8.80000E-01 1.83845E-01 3.15609E-01 5.58302E-01 6.54853E-01
 8.90000E-01 1.85349E-01 3.17861E-01 5.61073E-01 6.57409E-01
 9.00000E-01 1.86841E-01 3.20095E-01 5.63813E-01 6.59929E-01
 9.10000E-01 1.88323E-01 3.22312E-01 5.66522E-01 6.62414E-01
 9.20000E-01 1.89795E-01 3.24511E-01 5.69203E-01 6.64863E-01
 9.30000E-01 1.91256E-01 3.26693E-01 5.71854E-01 6.67278E-01
 9.40000E-01 1.92706E-01 3.28857E-01 5.74476E-01 6.69659E-01
 9.50000E-01 1.94146E-01 3.31004E-01 5.77071E-01 6.72008E-01
 9.60000E-01 1.95576E-01 3.33135E-01 5.79638E-01 6.74324E-01
 9.70000E-01 1.96995E-01 3.35248E-01 5.82177E-01 6.76609E-01
 9.80000E-01 1.98404E-01 3.37345E-01 5.84690E-01 6.78863E-01
 9.90000E-01 1.99802E-01 3.39426E-01 5.87177E-01 6.81088E-01
 1.00000E+00 2.01191E-01 3.41490E-01 5.89638E-01 6.83282E-01
 1.01158E+00 2.02785E-01 3.43859E-01 5.92456E-01 6.85788E-01
 1.02329E+00 2.04385E-01 3.46234E-01 5.95272E-01 6.88283E-01
 1.03514E+00 2.05989E-01 3.48615E-01 5.98087E-01 6.90769E-01
 1.04713E+00 2.07597E-01 3.50999E-01 6.00900E-01 6.93246E-01
 1.05925E+00 2.09209E-01 3.53389E-01 6.03712E-01 6.95712E-01
 1.07152E+00 2.10825E-01 3.55784E-01 6.06521E-01 6.98170E-01
 1.08393E+00 2.12444E-01 3.58182E-01 6.09328E-01 7.00616E-01
 1.09648E+00 2.14068E-01 3.60584E-01 6.12133E-01 7.03054E-01
 1.10917E+00 2.15694E-01 3.62990E-01 6.14935E-01 7.05481E-01
 1.12202E+00 2.17323E-01 3.65399E-01 6.17735E-01 7.07898E-01
 1.13501E+00 2.18955E-01 3.67812E-01 6.20532E-01 7.10305E-01
 1.14815E+00 2.20590E-01 3.70227E-01 6.23325E-01 7.12701E-01
 1.16145E+00 2.22227E-01 3.72645E-01 6.26116E-01 7.15088E-01
 1.17490E+00 2.23866E-01 3.75065E-01 6.28903E-01 7.17464E-01
 1.18850E+00 2.25507E-01 3.77487E-01 6.31686E-01 7.19830E-01
 1.20226E+00 2.27149E-01 3.79911E-01 6.34466E-01 7.22186E-01
 1.21619E+00 2.28793E-01 3.82336E-01 6.37242E-01 7.24531E-01
 1.23027E+00 2.30439E-01 3.84763E-01 6.40014E-01 7.26865E-01
 1.24451E+00 2.32085E-01 3.87190E-01 6.42782E-01 7.29189E-01
 1.25893E+00 2.33732E-01 3.89618E-01 6.45545E-01 7.31503E-01
 1.27350E+00 2.35380E-01 3.92046E-01 6.48304E-01 7.33806E-01
 1.28825E+00 2.37027E-01 3.94474E-01 6.51058E-01 7.36098E-01
 1.30317E+00 2.38675E-01 3.96902E-01 6.53807E-01 7.38380E-01
 1.31826E+00 2.40323E-01 3.99329E-01 6.56551E-01 7.40651E-01
 1.33352E+00 2.41970E-01 4.01756E-01 6.59289E-01 7.42911E-01
 1.34896E+00 2.43617E-01 4.04181E-01 6.62022E-01 7.45161E-01
 1.36458E+00 2.45262E-01 4.06604E-01 6.64750E-01 7.47400E-01
 1.38038E+00 2.46907E-01 4.09026E-01 6.67471E-01 7.49628E-01
 1.39637E+00 2.48549E-01 4.11445E-01 6.70187E-01 7.51846E-01
 1.41254E+00 2.50191E-01 4.13862E-01 6.72896E-01 7.54053E-01
 1.42889E+00 2.51830E-01 4.16276E-01 6.75599E-01 7.56248E-01
 1.44544E+00 2.53467E-01 4.18687E-01 6.78295E-01 7.58434E-01
 1.46218E+00 2.55102E-01 4.21095E-01 6.80985E-01 7.60608E-01
 1.47911E+00 2.56733E-01 4.23498E-01 6.83667E-01 7.62772E-01
 1.49624E+00 2.58362E-01 4.25898E-01 6.86343E-01 7.64925E-01
 1.51356E+00 2.59988E-01 4.28293E-01 6.89010E-01 7.67067E-01
 1.53109E+00 2.61610E-01 4.30684E-01 6.91671E-01 7.69199E-01
 1.54882E+00 2.63229E-01 4.33070E-01 6.94323E-01 7.71320E-01
 1.56675E+00 2.64844E-01 4.35450E-01 6.96968E-01 7.73430E-01
 1.58489E+00 2.66454E-01 4.37825E-01 6.99604E-01 7.75529E-01
 1.60325E+00 2.68060E-01 4.40193E-01 7.02233E-01 7.77618E-01
 1.62181E+00 2.69662E-01 4.42555E-01 7.04852E-01 7.79696E-01
 1.64059E+00 2.71258E-01 4.44911E-01 7.07463E-01 7.81764E-01
 1.65959E+00 2.72849E-01 4.47260E-01 7.10066E-01 7.83821E-01
 1.67880E+00 2.74435E-01 4.49601E-01 7.12659E-01 7.85868E-01
 1.69824E+00 2.76016E-01 4.51935E-01 7.15242E-01 7.87904E-01
 1.71791E+00 2.77590E-01 4.54262E-01 7.17816E-01 7.89930E-01
 1.73780E+00 2.79158E-01 4.56579E-01 7.20381E-01 7.91945E-01
 1.75792E+00 2.80720E-01 4.58889E-01 7.22935E-01 7.93951E-01
 1.77828E+00 2.82275E-01 4.61189E-01 7.25480E-01 7.95946E-01
 1.79887E+00 2.83824E-01 4.63481E-01 7.28014E-01 7.97931E-01
 1.81970E+00 2.85366E-01 4.65763E-01 7.30538E-01 7.99905E-01
 1.84077E+00 2.86900E-01 4.68036E-01 7.33051E-01 8.01870E-01
 1.86209E+00 2.88427E-01 4.70298E-01 7.35554E-01 8.03825E-01
 1.88365E+00 2.89946E-01 4.72550E-01 7.38045E-01 8.05770E-01
 1.90546E+00 2.91457E-01 4.74792E-01 7.40525E-01 8.07706E-01
 1.92752E+00 2.92960E-01 4.77023E-01 7.42994E-01 8.09631E-01
 1.94984E+00 2.94455E-01 4.79242E-01 7.45451E-01 8.11547E-01
 1.97242E+00 2.95942E-01 4.81450E-01 7.47897E-01 8.13454E-01
 1.99526E+00 2.97419E-01 4.83647E-01 7.50330E-01 8.15351E-01
 2.01837E+00 2.98888E-01 4.85831E-01 7.52752E-01 8.17239E-01
 2.04174E+00 3.00348E-01 4.88004E-01 7.55161E-01 8.19118E-01
 2.06538E+00 3.01798E-01 4.90164E-01 7.57558E-01 8.20987E-01
 2.08930E+00 3.03239E-01 4.92311E-01 7.59942E-01 8.22848E-01
 2.11349E+00 3.04671E-01 4.94445E-01 7.62313E-01 8.24700E-01
 2.13796E+00 3.06093E-01 4.96565E-01 7.64671E-01 8.26543E-01
 2.16272E+00 3.07505E-01 4.98673E-01 7.67016E-01 8.28377E-01
 2.18776E+00 3.08906E-01 5.00766E-01 7.69347E-01 8.30202E-01
 2.21309E+00 3.10592E-01 5.02846E-01 7.71666E-01 8.32019E-01
 2.23872E+00 3.12378E-01 5.04912E-01 7.73970E-01 8.33828E-01
 2.26464E+00 3.14139E-01 5.06963E-01 7.76261E-01 8.35628E-01
 2.29087E+00 3.15876E-01 5.08999E-01 7.78537E-01 8.37419E-01
 2.31739E+00 3.17589E-01 5.11021E-01 7.80800E-01 8.39203E-01
 2.34423E+00 3.19278E-01 5.13028E-01 7.83048E-01 8.40977E-01
 2.37137E+00 3.20943E-01 5.15019E-01 7.85282E-01 8.42744E-01
 2.39883E+00 3.22584E-01 5.16995E-01 7.87501E-01 8.44502E-01
 2.42661E+00 3.24201E-01 5.19307E-01 7.89705E-01 8.46252E-01
 2.45471E+00 3.25794E-01 5.21859E-01 7.91895E-01 8.47993E-01
 2.48313E+00 3.27364E-01 5.24374E-01 7.94070E-01 8.49726E-01
 2.51189E+00 3.28910E-01 5.26850E-01 7.96229E-01 8.51450E-01
 2.54097E+00 3.30433E-01 5.29289E-01 7.98373E-01 8.53165E-01
 2.57040E+00 3.31932E-01 5.31691E-01 8.00502E-01 8.54871E-01
 2.60016E+00 3.33408E-01 5.34055E-01 8.02615E-01 8.56569E-01
 2.63027E+00 3.34861E-01 5.36383E-01 8.04712E-01 8.58258E-01
 2.66073E+00 3.36292E-01 5.38674E-01 8.06794E-01 8.59937E-01
 2.69153E+00 3.37699E-01 5.40929E-01 8.08860E-01 8.61607E-01
 2.72270E+00 3.39084E-01 5.43148E-01 8.10910E-01 8.63268E-01
 2.75423E+00 3.40447E-01 5.45331E-01 8.12944E-01 8.64919E-01
 2.78612E+00 3.41788E-01 5.47478E-01 8.14961E-01 8.66560E-01
 2.81838E+00 3.43107E-01 5.49591E-01 8.16963E-01 8.68192E-01
 2.85102E+00 3.44404E-01 5.51668E-01 8.18948E-01 8.69813E-01
 2.88403E+00 3.45679E-01 5.53711E-01 8.20916E-01 8.71425E-01
 2.91743E+00 3.46933E-01 5.55720E-01 8.22868E-01 8.73025E-01
 2.95121E+00 3.48166E-01 5.57695E-01 8.24803E-01 8.74616E-01
 2.98538E+00 3.49378E-01 5.59636E-01 8.26722E-01 8.76195E-01
 3.01995E+00 3.50570E-01 5.61545E-01 8.28624E-01 8.77764E-01
 3.05492E+00 3.51740E-01 5.63420E-01 8.30508E-01 8.79322E-01
 3.09030E+00 3.52891E-01 5.65263E-01 8.32376E-01 8.80868E-01
 3.12608E+00 3.54022E-01 5.67074E-01 8.34227E-01 8.82404E-01
 3.16228E+00 3.55132E-01 5.68854E-01 8.36061E-01 8.83928E-01
 3.19890E+00 3.56224E-01 5.70602E-01 8.37878E-01 8.85440E-01
 3.23594E+00 3.57296E-01 5.72319E-01 8.39678E-01 8.86941E-01
 3.27341E+00 3.58349E-01 5.74005E-01 8.41460E-01 8.88430E-01
 3.31131E+00 3.59383E-01 5.75661E-01 8.43225E-01 8.89907E-01
 3.34965E+00 3.60398E-01 5.77288E-01 8.45207E-01 8.91372E-01
 3.38844E+00 3.61395E-01 5.78885E-01 8.47545E-01 8.92825E-01
 3.42768E+00 3.62374E-01 5.80453E-01 8.49841E-01 8.94266E-01
 3.46737E+00 3.63335E-01 5.81992E-01 8.52095E-01 8.95694E-01
 3.50752E+00 3.64278E-01 5.83504E-01 8.54308E-01 8.97110E-01
 3.54813E+00 3.65204E-01 5.84987E-01 8.56479E-01 8.98513E-01
 3.58922E+00 3.66113E-01 5.86443E-01 8.58611E-01 8.99904E-01
 3.63078E+00 3.67005E-01 5.87872E-01 8.60703E-01 9.01283E-01
 3.67282E+00 3.67881E-01 5.89274E-01 8.62756E-01 9.02648E-01
 3.71535E+00 3.68740E-01 5.90649E-01 8.64770E-01 9.04001E-01
 3.75837E+00 3.69582E-01 5.91999E-01 8.66746E-01 9.05341E-01
 3.80189E+00 3.70409E-01 5.93324E-01 8.68685E-01 9.06668E-01
 3.84592E+00 3.71220E-01 5.94623E-01 8.70588E-01 9.07982E-01
 3.89045E+00 3.72016E-01 5.95898E-01 8.72454E-01 9.09283E-01
 3.93550E+00 3.72796E-01 5.97148E-01 8.74284E-01 9.10571E-01
 3.98107E+00 3.73562E-01 5.98374E-01 8.76079E-01 9.11847E-01
 4.02717E+00 3.74313E-01 5.99576E-01 8.77840E-01 9.13484E-01
 4.07380E+00 3.75049E-01 6.00756E-01 8.79566E-01 9.15280E-01
 4.12098E+00 3.75771E-01 6.01912E-01 8.81260E-01 9.17042E-01
 4.16869E+00 3.76479E-01 6.03046E-01 8.82920E-01 9.18770E-01
 4.21697E+00 3.77173E-01 6.04158E-01 8.84548E-01 9.20464E-01
 4.26580E+00 3.77853E-01 6.05248E-01 8.86144E-01 9.22125E-01
 4.31519E+00 3.78521E-01 6.06317E-01 8.87708E-01 9.23753E-01
 4.36516E+00 3.79175E-01 6.07364E-01 8.89242E-01 9.25349E-01
 4.41570E+00 3.79816E-01 6.08391E-01 8.90746E-01 9.26914E-01
 4.46684E+00 3.80444E-01 6.09398E-01 8.92220E-01 9.28447E-01
 4.51856E+00 3.81060E-01 6.10385E-01 8.93664E-01 9.29951E-01
 4.57088E+00 3.81664E-01 6.11352E-01 8.95080E-01 9.31424E-01
 4.62381E+00 3.82256E-01 6.12300E-01 8.96468E-01 9.32868E-01
 4.67735E+00 3.82835E-01 6.13228E-01 8.97828E-01 9.34283E-01
 4.73151E+00 3.83404E-01 6.14138E-01 8.99160E-01 9.35670E-01
 4.78630E+00 3.83960E-01 6.15030E-01 9.00466E-01 9.37028E-01
 4.84172E+00 3.84506E-01 6.15904E-01 9.01745E-01 9.38360E-01
 4.89779E+00 3.85041E-01 6.16760E-01 9.02999E-01 9.39664E-01
 4.95450E+00 3.85564E-01 6.17599E-01 9.04227E-01 9.40943E-01
 5.01187E+00 3.86077E-01 6.18421E-01 9.05431E-01 9.42195E-01
 5.06991E+00 3.86580E-01 6.19226E-01 9.06609E-01 9.43421E-01
 5.12861E+00 3.87072E-01 6.20015E-01 9.07764E-01 9.44623E-01
 5.18800E+00 3.87555E-01 6.20788E-01 9.08896E-01 9.45800E-01
 5.24807E+00 3.88027E-01 6.21545E-01 9.10004E-01 9.46954E-01
 5.30884E+00 3.88490E-01 6.22286E-01 9.11089E-01 9.48083E-01
 5.37032E+00 3.88944E-01 6.23012E-01 9.12152E-01 9.49189E-01
 5.43250E+00 3.89388E-01 6.23724E-01 9.13194E-01 9.50273E-01
 5.49541E+00 3.89822E-01 6.24420E-01 9.14213E-01 9.51334E-01
 5.55904E+00 3.90248E-01 6.25102E-01 9.15212E-01 9.52373E-01
 5.62341E+00 3.90665E-01 6.25770E-01 9.16190E-01 9.53391E-01
 5.68853E+00 3.91074E-01 6.26425E-01 9.17148E-01 9.54388E-01
 5.75440E+00 3.91474E-01 6.27065E-01 9.18086E-01 9.55364E-01
 5.82103E+00 3.91865E-01 6.27693E-01 9.19005E-01 9.56320E-01
 5.88844E+00 3.92249E-01 6.28307E-01 9.19904E-01 9.57256E-01
 5.95662E+00 3.92624E-01 6.28908E-01 9.20785E-01 9.58172E-01
 6.02560E+00 3.92992E-01 6.29497E-01 9.21647E-01 9.59069E-01
 6.09537E+00 3.93352E-01 6.30074E-01 9.22491E-01 9.59948E-01
 6.16595E+00 3.93704E-01 6.30638E-01 9.23317E-01 9.60808E-01
 6.23735E+00 3.94049E-01 6.31191E-01 9.24127E-01 9.61650E-01
 6.30957E+00 3.94387E-01 6.31732E-01 9.24919E-01 9.62474E-01
 6.38263E+00 3.94718E-01 6.32262E-01 9.25694E-01 9.63281E-01
 6.45654E+00 3.95042E-01 6.32780E-01 9.26454E-01 9.64071E-01
 6.53131E+00 3.95358E-01 6.33288E-01 9.27197E-01 9.64845E-01
 6.60693E+00 3.95669E-01 6.33785E-01 9.27924E-01 9.65602E-01
 6.68344E+00 3.95972E-01 6.34271E-01 9.28636E-01 9.66343E-01
 6.76083E+00 3.96270E-01 6.34747E-01 9.29333E-01 9.67068E-01
 6.83912E+00 3.96560E-01 6.35213E-01 9.30016E-01 9.67778E-01
 6.91831E+00 3.96845E-01 6.35669E-01 9.30683E-01 9.68473E-01
 6.99842E+00 3.97124E-01 6.36116E-01 9.31337E-01 9.69153E-01
 7.07946E+00 3.97397E-01 6.36553E-01 9.31977E-01 9.69819E-01
 7.16143E+00 3.97664E-01 6.36980E-01 9.32603E-01 9.70470E-01
 7.24436E+00 3.97925E-01 6.37399E-01 9.33216E-01 9.71108E-01
 7.32825E+00 3.98181E-01 6.37808E-01 9.33815E-01 9.71732E-01
 7.41310E+00 3.98431E-01 6.38209E-01 9.34402E-01 9.72343E-01
 7.49894E+00 3.98676E-01 6.38602E-01 9.34977E-01 9.72940E-01
 7.58578E+00 3.98915E-01 6.38985E-01 9.35539E-01 9.73525E-01
 7.67361E+00 3.99150E-01 6.39361E-01 9.36089E-01 9.74098E-01
 7.76247E+00 3.99380E-01 6.39729E-01 9.36627E-01 9.74658E-01
 7.85236E+00 3.99604E-01 6.40089E-01 9.37154E-01 9.75206E-01
 7.94328E+00 3.99824E-01 6.40441E-01 9.37669E-01 9.75742E-01
 8.03526E+00 4.00039E-01 6.40785E-01 9.38173E-01 9.76267E-01
 8.12831E+00 4.00249E-01 6.41122E-01 9.38667E-01 9.76780E-01
 8.22243E+00 4.00455E-01 6.41452E-01 9.39149E-01 9.77283E-01
 8.31764E+00 4.00657E-01 6.41774E-01 9.39622E-01 9.77774E-01
 8.41395E+00 4.00854E-01 6.42090E-01 9.40084E-01 9.78255E-01
 8.51138E+00 4.01047E-01 6.42399E-01 9.40536E-01 9.78726E-01
 8.60994E+00 4.01235E-01 6.42701E-01 9.40979E-01 9.79186E-01
 8.70964E+00 4.01420E-01 6.42997E-01 9.41412E-01 9.79637E-01
 8.81049E+00 4.01600E-01 6.43286E-01 9.41835E-01 9.80078E-01
 8.91251E+00 4.01777E-01 6.43569E-01 9.42250E-01 9.80509E-01
 9.01571E+00 4.01950E-01 6.43846E-01 9.42655E-01 9.80931E-01
 9.12011E+00 4.02119E-01 6.44117E-01 9.43052E-01 9.81343E-01
 9.22571E+00 4.02284E-01 6.44382E-01 9.43440E-01 9.81747E-01
 9.33254E+00 4.02446E-01 6.44641E-01 9.43819E-01 9.82142E-01
 9.44061E+00 4.02605E-01 6.44895E-01 9.44190E-01 9.82528E-01
 9.54993E+00 4.02760E-01 6.45143E-01 9.44554E-01 9.82906E-01
 9.66051E+00 4.02911E-01 6.45386E-01 9.44909E-01 9.83276E-01
 9.77237E+00 4.03059E-01 6.45623E-01 9.45257E-01 9.83638E-01
 9.88553E+00 4.03204E-01 6.45855E-01 9.45597E-01 9.83992E-01
 1.00000E+01 4.03346E-01 6.46082E-01 9.45929E-01 9.84338E-01
 1.01158E+01 4.03485E-01 6.46305E-01 9.46255E-01 9.84676E-01
 1.02329E+01 4.03620E-01 6.46522E-01 9.46573E-01 9.85007E-01
 1.03514E+01 4.03753E-01 6.46735E-01 9.46884E-01 9.85331E-01
 1.04713E+01 4.03883E-01 6.46943E-01 9.47189E-01 9.85648E-01
 1.05925E+01 4.04010E-01 6.47146E-01 9.47486E-01 9.85958E-01
 1.07152E+01 4.04134E-01 6.47345E-01 9.47778E-01 9.86261E-01
 1.08393E+01 4.04256E-01 6.47540E-01 9.48063E-01 9.86558E-01
 1.09648E+01 4.04375E-01 6.47730E-01 9.48341E-01 9.86848E-01
 1.10917E+01 4.04491E-01 6.47916E-01 9.48614E-01 9.87131E-01
 1.12202E+01 4.04604E-01 6.48098E-01 9.48880E-01 9.87409E-01
 1.13501E+01 4.04716E-01 6.48276E-01 9.49141E-01 9.87680E-01
 1.14815E+01 4.04824E-01 6.48450E-01 9.49396E-01 9.87946E-01
 1.16145E+01 4.04931E-01 6.48621E-01 9.49646E-01 9.88205E-01
 1.17490E+01 4.05035E-01 6.48787E-01 9.49890E-01 9.88459E-01
 1.18850E+01 4.05136E-01 6.48950E-01 9.50128E-01 9.88707E-01
 1.20226E+01 4.05236E-01 6.49110E-01 9.50361E-01 9.88950E-01
 1.21619E+01 4.05333E-01 6.49266E-01 9.50590E-01 9.89187E-01
 1.23027E+01 4.05428E-01 6.49418E-01 9.50813E-01 9.89420E-01
 1.24451E+01 4.05521E-01 6.49567E-01 9.51031E-01 9.89647E-01
 1.25893E+01 4.05612E-01 6.49713E-01 9.51244E-01 9.89869E-01
 1.27350E+01 4.05701E-01 6.49855E-01 9.51453E-01 9.90086E-01
 1.28825E+01 4.05789E-01 6.49995E-01 9.51657E-01 9.90298E-01
 1.30317E+01 4.05874E-01 6.50131E-01 9.51857E-01 9.90506E-01
 1.31826E+01 4.05957E-01 6.50264E-01 9.52052E-01 9.90709E-01
 1.33352E+01 4.06038E-01 6.50395E-01 9.52243E-01 9.90908E-01
 1.34896E+01 4.06118E-01 6.50522E-01 9.52430E-01 9.91102E-01
 1.36458E+01 4.06196E-01 6.50647E-01 9.52612E-01 9.91292E-01
 1.38038E+01 4.06272E-01 6.50769E-01 9.52791E-01 9.91478E-01
 1.39637E+01 4.06346E-01 6.50888E-01 9.52965E-01 9.91660E-01
 1.41254E+01 4.06419E-01 6.51005E-01 9.53136E-01 9.91837E-01
 1.42889E+01 4.06490E-01 6.51119E-01 9.53303E-01 9.92011E-01
 1.44544E+01 4.06560E-01 6.51230E-01 9.53466E-01 9.92181E-01
 1.46218E+01 4.06628E-01 6.51339E-01 9.53626E-01 9.92347E-01
 1.47911E+01 4.06694E-01 6.51446E-01 9.53782E-01 9.92509E-01
 1.49624E+01 4.06759E-01 6.51550E-01 9.53934E-01 9.92668E-01
 1.51356E+01 4.06823E-01 6.51652E-01 9.54084E-01 9.92823E-01
 1.53109E+01 4.06885E-01 6.51752E-01 9.54230E-01 9.92975E-01
 1.54882E+01 4.06946E-01 6.51849E-01 9.54372E-01 9.93124E-01
 1.56675E+01 4.07006E-01 6.51944E-01 9.54512E-01 9.93269E-01
 1.58489E+01 4.07064E-01 6.52038E-01 9.54648E-01 9.93411E-01
 1.60325E+01 4.07121E-01 6.52129E-01 9.54782E-01 9.93549E-01
 1.62181E+01 4.07176E-01 6.52218E-01 9.54912E-01 9.93685E-01
 1.64059E+01 4.07231E-01 6.52305E-01 9.55039E-01 9.93818E-01
 1.65959E+01 4.07284E-01 6.52390E-01 9.55164E-01 9.93948E-01
 1.67880E+01 4.07336E-01 6.52473E-01 9.55286E-01 9.94074E-01
 1.69824E+01 4.07387E-01 6.52555E-01 9.55405E-01 9.94198E-01
 1.71791E+01 4.07436E-01 6.52634E-01 9.55522E-01 9.94320E-01
 1.73780E+01 4.07485E-01 6.52712E-01 9.55636E-01 9.94438E-01
 1.75792E+01 4.07532E-01 6.52788E-01 9.55747E-01 9.94554E-01
 1.77828E+01 4.07579E-01 6.52862E-01 9.55856E-01 9.94667E-01
 1.79887E+01 4.07624E-01 6.52935E-01 9.55962E-01 9.94778E-01
 1.81970E+01 4.07669E-01 6.53006E-01 9.56066E-01 9.94887E-01
 1.84077E+01 4.07712E-01 6.53076E-01 9.56168E-01 9.94993E-01
 1.86209E+01 4.07754E-01 6.53144E-01 9.56268E-01 9.95096E-01
 1.88365E+01 4.07796E-01 6.53210E-01 9.56365E-01 9.95197E-01
 1.90546E+01 4.07836E-01 6.53275E-01 9.56460E-01 9.95296E-01
 1.92752E+01 4.07876E-01 6.53339E-01 9.56553E-01 9.95393E-01
 1.94984E+01 4.07915E-01 6.53401E-01 9.56644E-01 9.95488E-01
 1.97242E+01 4.07953E-01 6.53462E-01 9.56733E-01 9.95580E-01
 1.99526E+01 4.07990E-01 6.53521E-01 9.56820E-01 9.95671E-01
 2.01837E+01 4.08026E-01 6.53579E-01 9.56905E-01 9.95759E-01
 2.04174E+01 4.08062E-01 6.53636E-01 9.56988E-01 9.95846E-01
 2.06538E+01 4.08096E-01 6.53691E-01 9.57069E-01 9.95930E-01
 2.08930E+01 4.08130E-01 6.53745E-01 9.57149E-01 9.96013E-01
 2.11349E+01 4.08163E-01 6.53798E-01 9.57226E-01 9.96093E-01
 2.13796E+01 4.08195E-01 6.53850E-01 9.57302E-01 9.96172E-01
 2.16272E+01 4.08227E-01 6.53901E-01 9.57376E-01 9.96250E-01
 2.18776E+01 4.08258E-01 6.53950E-01 9.57449E-01 9.96325E-01
 2.21309E+01 4.08288E-01 6.53999E-01 9.57520E-01 9.96399E-01
 2.23872E+01 4.08318E-01 6.54046E-01 9.57589E-01 9.96471E-01
 2.26464E+01 4.08347E-01 6.54092E-01 9.57657E-01 9.96541E-01
 2.29087E+01 4.08375E-01 6.54138E-01 9.57723E-01 9.96610E-01
 2.31739E+01 4.08403E-01 6.54182E-01 9.57788E-01 9.96678E-01
 2.34423E+01 4.08430E-01 6.54225E-01 9.57851E-01 9.96744E-01
 2.37137E+01 4.08456E-01 6.54267E-01 9.57913E-01 9.96808E-01
 2.39883E+01 4.08482E-01 6.54309E-01 9.57973E-01 9.96871E-01
 2.42661E+01 4.08507E-01 6.54349E-01 9.58032E-01 9.96932E-01
 2.45471E+01 4.08532E-01 6.54389E-01 9.58090E-01 9.96993E-01
 2.48313E+01 4.08556E-01 6.54427E-01 9.58147E-01 9.97051E-01
 2.51189E+01 4.08579E-01 6.54465E-01 9.58202E-01 9.97109E-01
 2.54097E+01 4.08602E-01 6.54502E-01 9.58256E-01 9.97165E-01
 2.57040E+01 4.08625E-01 6.54538E-01 9.58309E-01 9.97220E-01
 2.60016E+01 4.08647E-01 6.54573E-01 9.58360E-01 9.97274E-01
 2.63027E+01 4.08668E-01 6.54608E-01 9.58411E-01 9.97326E-01
 2.66073E+01 4.08689E-01 6.54641E-01 9.58460E-01 9.97378E-01
 2.69153E+01 4.08710E-01 6.54674E-01 9.58508E-01 9.97428E-01
 2.72270E+01 4.08730E-01 6.54706E-01 9.58556E-01 9.97477E-01
 2.75423E+01 4.08750E-01 6.54738E-01 9.58602E-01 9.97525E-01
 2.78612E+01 4.08769E-01 6.54769E-01 9.58647E-01 9.97572E-01
 2.81838E+01 4.08788E-01 6.54799E-01 9.58691E-01 9.97617E-01
 2.85102E+01 4.08806E-01 6.54828E-01 9.58734E-01 9.97662E-01
 2.88403E+01 4.08824E-01 6.54857E-01 9.58776E-01 9.97706E-01
 2.91743E+01 4.08841E-01 6.54885E-01 9.58817E-01 9.97749E-01
 2.95121E+01 4.08859E-01 6.54912E-01 9.58857E-01 9.97791E-01
 2.98538E+01 4.08875E-01 6.54939E-01 9.58896E-01 9.97831E-01
 3.01995E+01 4.08892E-01 6.54965E-01 9.58935E-01 9.97871E-01
 3.05492E+01 4.08908E-01 6.54991E-01 9.58972E-01 9.97910E-01
 3.09030E+01 4.08923E-01 6.55016E-01 9.59009E-01 9.97949E-01
 3.12608E+01 4.08939E-01 6.55041E-01 9.59045E-01 9.97986E-01
 3.16228E+01 4.08954E-01 6.55064E-01 9.59080E-01 9.98022E-01
 3.19890E+01 4.08968E-01 6.55088E-01 9.59114E-01 9.98058E-01
 3.23594E+01 4.08982E-01 6.55111E-01 9.59148E-01 9.98093E-01
 3.27341E+01 4.08996E-01 6.55133E-01 9.59180E-01 9.98127E-01
 3.31131E+01 4.09010E-01 6.55155E-01 9.59212E-01 9.98160E-01
 3.34965E+01 4.09023E-01 6.55176E-01 9.59244E-01 9.98193E-01
 3.38844E+01 4.09036E-01 6.55197E-01 9.59274E-01 9.98225E-01
 3.42768E+01 4.09049E-01 6.55218E-01 9.59304E-01 9.98256E-01
 3.46737E+01 4.09062E-01 6.55238E-01 9.59333E-01 9.98286E-01
 3.50752E+01 4.09074E-01 6.55257E-01 9.59362E-01 9.98316E-01
 3.54813E+01 4.09086E-01 6.55276E-01 9.59390E-01 9.98345E-01
 3.58922E+01 4.09097E-01 6.55295E-01 9.59417E-01 9.98373E-01
 3.63078E+01 4.09109E-01 6.55313E-01 9.59444E-01 9.98401E-01
 3.67282E+01 4.09120E-01 6.55331E-01 9.59470E-01 9.98428E-01
 3.71535E+01 4.09131E-01 6.55348E-01 9.59495E-01 9.98455E-01
 3.75837E+01 4.09141E-01 6.55365E-01 9.59520E-01 9.98481E-01
 3.80189E+01 4.09152E-01 6.55382E-01 9.59545E-01 9.98506E-01
 3.84592E+01 4.09162E-01 6.55398E-01 9.59568E-01 9.98531E-01
 3.89045E+01 4.09172E-01 6.55414E-01 9.59592E-01 9.98555E-01
 3.93550E+01 4.09181E-01 6.55430E-01 9.59614E-01 9.98579E-01
 3.98107E+01 4.09191E-01 6.55445E-01 9.59637E-01 9.98602E-01
 4.02717E+01 4.09200E-01 6.55460E-01 9.59658E-01 9.98624E-01
 4.07380E+01 4.09209E-01 6.55474E-01 9.59680E-01 9.98646E-01
 4.12098E+01 4.09218E-01 6.55488E-01 9.59700E-01 9.98668E-01
 4.16869E+01 4.09227E-01 6.55502E-01 9.59721E-01 9.98689E-01
 4.21697E+01 4.09235E-01 6.55516E-01 9.59740E-01 9.98710E-01
 4.26580E+01 4.09243E-01 6.55529E-01 9.59760E-01 9.98730E-01
 4.31519E+01 4.09252E-01 6.55542E-01 9.59779E-01 9.98750E-01
 4.36516E+01 4.09259E-01 6.55554E-01 9.59797E-01 9.98769E-01
 4.41570E+01 4.09267E-01 6.55567E-01 9.59815E-01 9.98788E-01
 4.46684E+01 4.09275E-01 6.55579E-01 9.59833E-01 9.98806E-01
 4.51856E+01 4.09282E-01 6.55591E-01 9.59850E-01 9.98824E-01
 4.57088E+01 4.09289E-01 6.55602E-01 9.59867E-01 9.98842E-01
 4.62381E+01 4.09296E-01 6.55614E-01 9.59884E-01 9.98859E-01
 4.67735E+01 4.09303E-01 6.55625E-01 9.59900E-01 9.98876E-01
 4.73151E+01 4.09310E-01 6.55635E-01 9.59916E-01 9.98892E-01
 4.78630E+01 4.09316E-01 6.55646E-01 9.59931E-01 9.98908E-01
 4.84172E+01 4.09323E-01 6.55656E-01 9.59946E-01 9.98924E-01
 4.89779E+01 4.09329E-01 6.55666E-01 9.59961E-01 9.98939E-01
 4.95450E+01 4.09335E-01 6.55676E-01 9.59975E-01 9.98954E-01
 5.01187E+01 4.09341E-01 6.55686E-01 9.59989E-01 9.98969E-01
 5.06991E+01 4.09347E-01 6.55695E-01 9.60003E-01 9.98983E-01
 5.12861E+01 4.09353E-01 6.55704E-01 9.60017E-01 9.98997E-01
 5.18800E+01 4.09358E-01 6.55713E-01 9.60030E-01 9.99011E-01
 5.24807E+01 4.09364E-01 6.55722E-01 9.60042E-01 9.99024E-01
 5.30884E+01 4.09369E-01 6.55731E-01 9.60055E-01 9.99037E-01
 5.37032E+01 4.09375E-01 6.55739E-01 9.60067E-01 9.99050E-01
 5.43250E+01 4.09380E-01 6.55747E-01 9.60079E-01 9.99062E-01
 5.49541E+01 4.09385E-01 6.55755E-01 9.60091E-01 9.99075E-01
 5.55904E+01 4.09390E-01 6.55763E-01 9.60102E-01 9.99086E-01
 5.62341E+01 4.09394E-01 6.55771E-01 9.60114E-01 9.99098E-01
 5.68853E+01 4.09399E-01 6.55778E-01 9.60125E-01 9.99109E-01
 5.75440E+01 4.09404E-01 6.55785E-01 9.60135E-01 9.99121E-01
 5.82103E+01 4.09408E-01 6.55792E-01 9.60146E-01 9.99131E-01
 5.88844E+01 4.09412E-01 6.55799E-01 9.60156E-01 9.99142E-01
 5.95662E+01 4.09417E-01 6.55806E-01 9.60166E-01 9.99152E-01
 6.02560E+01 4.09421E-01 6.55813E-01 9.60176E-01 9.99163E-01
 6.09537E+01 4.09425E-01 6.55819E-01 9.60185E-01 9.99173E-01
 6.16595E+01 4.09429E-01 6.55826E-01 9.60195E-01 9.99182E-01
 6.23735E+01 4.09433E-01 6.55832E-01 9.60204E-01 9.99192E-01
 6.30957E+01 4.09436E-01 6.55838E-01 9.60213E-01 9.99201E-01
 6.38263E+01 4.09440E-01 6.55844E-01 9.60221E-01 9.99210E-01
 6.45654E+01 4.09444E-01 6.55850E-01 9.60230E-01 9.99219E-01
 6.53131E+01 4.09447E-01 6.55856E-01 9.60238E-01 9.99228E-01
 6.60693E+01 4.09451E-01 6.55861E-01 9.60246E-01 9.99236E-01
 6.68344E+01 4.09454E-01 6.55866E-01 9.60254E-01 9.99244E-01
 6.76083E+01 4.09458E-01 6.55872E-01 9.60262E-01 9.99252E-01
 6.83912E+01 4.09461E-01 6.55877E-01 9.60269E-01 9.99260E-01
 6.91831E+01 4.09464E-01 6.55882E-01 9.60277E-01 9.99268E-01
 6.99842E+01 4.09467E-01 6.55887E-01 9.60284E-01 9.99275E-01
 7.07946E+01 4.09470E-01 6.55892E-01 9.60291E-01 9.99283E-01
 7.16143E+01 4.09473E-01 6.55897E-01 9.60298E-01 9.99290E-01
 7.24436E+01 4.09476E-01 6.55901E-01 9.60305E-01 9.99297E-01
 7.32825E+01 4.09479E-01 6.55906E-01 9.60311E-01 9.99304E-01
 7.41310E+01 4.09481E-01 6.55910E-01 9.60318E-01 9.99311E-01
 7.49894E+01 4.09484E-01 6.55914E-01 9.60324E-01 9.99317E-01
 7.58578E+01 4.09487E-01 6.55919E-01 9.60330E-01 9.99324E-01
 7.67361E+01 4.09489E-01 6.55923E-01 9.60336E-01 9.99330E-01
 7.76247E+01 4.09492E-01 6.55927E-01 9.60342E-01 9.99336E-01
 7.85236E+01 4.09494E-01 6.55931E-01 9.60348E-01 9.99342E-01
 7.94328E+01 4.09497E-01 6.55935E-01 9.60354E-01 9.99348E-01
 8.03526E+01 4.09499E-01 6.55938E-01 9.60359E-01 9.99354E-01
 8.12831E+01 4.09501E-01 6.55942E-01 9.60365E-01 9.99359E-01
 8.22243E+01 4.09504E-01 6.55946E-01 9.60370E-01 9.99365E-01
 8.31764E+01 4.09506E-01 6.55949E-01 9.60375E-01 9.99370E-01
 8.41395E+01 4.09508E-01 6.55952E-01 9.60380E-01 9.99375E-01
 8.51138E+01 4.09510E-01 6.55956E-01 9.60385E-01 9.99380E-01
 8.60994E+01 4.09512E-01 6.55959E-01 9.60390E-01 9.99385E-01
 8.70964E+01 4.09514E-01 6.55962E-01 9.60394E-01 9.99390E-01
 8.81049E+01 4.09516E-01 6.55965E-01 9.60399E-01 9.99395E-01
 8.91251E+01 4.09518E-01 6.55968E-01 9.60403E-01 9.99400E-01
 9.01571E+01 4.09520E-01 6.55971E-01 9.60408E-01 9.99404E-01
 9.12011E+01 4.09522E-01 6.55974E-01 9.60412E-01 9.99409E-01
 9.22571E+01 4.09523E-01 6.55977E-01 9.60416E-01 9.99413E-01
 9.33254E+01 4.09525E-01 6.55980E-01 9.60420E-01 9.99417E-01
 9.44061E+01 4.09527E-01 6.55983E-01 9.60424E-01 9.99421E-01
 9.54993E+01 4.09528E-01 6.55985E-01 9.60428E-01 9.99425E-01
 9.66051E+01 4.09530E-01 6.55988E-01 9.60432E-01 9.99429E-01
 9.77237E+01 4.09532E-01 6.55991E-01 9.60436E-01 9.99433E-01
 9.88553E+01 4.09533E-01 6.55993E-01 9.60439E-01 9.99437E-01
 1.00000E+02 4.09535E-01 6.55995E-01 9.60443E-01 9.99441E-01
