 1.00000E-02 3.67322E-02 5.97084E-02 9.39826E-02 9.91378E-02
 2.00000E-02 3.95986E-02 6.48003E-02 1.03645E-01 1.09847E-01
 3.00000E-02 4.25011E-02 7.00238E-02 1.13957E-01 1.21376E-01
 4.00000E-02 4.54419E-02 7.53380E-02 1.24844E-01 1.33831E-01
 5.00000E-02 4.84110E-02 8.07173E-02 1.36248E-01 1.47289E-01
 6.00000E-02 5.13930E-02 8.61340E-02 1.48054E-01 1.61829E-01
 7.00000E-02 5.43816E-02 9.15582E-02 1.60117E-01 1.77499E-01
 8.00000E-02 5.73670E-02 9.69680E-02 1.72276E-01 1.94269E-01
 9.00000E-02 6.03442E-02 1.02347E-01 1.84388E-01 2.11653E-01
 1.00000E-01 6.33085E-02 1.07682E-01 1.96347E-01 2.28833E-01
 1.10000E-01 6.62574E-02 1.12962E-01 2.08093E-01 2.45463E-01
 1.20000E-01 6.91874E-02 1.18182E-01 2.19576E-01 2.61478E-01
 1.30000E-01 7.20972E-02 1.23336E-01 2.30776E-01 2.76887E-01
 1.40000E-01 7.49853E-02 1.28421E-01 2.41686E-01 2.91709E-01
 1.50000E-01 7.78515E-02 1.33436E-01 2.52302E-01 3.05972E-01
 1.60000E-01 8.06951E-02 1.38380E-01 2.62630E-01 3.19705E-01
 1.70000E-01 8.35158E-02 1.43254E-01 2.72677E-01 3.32939E-01
 1.80000E-01 8.63134E-02 1.48056E-01 2.82449E-01 3.45702E-01
 1.90000E-01 8.90888E-02 1.52789E-01 2.91956E-01 3.58017E-01
 2.00000E-01 9.18415E-02 1.57453E-01 3.01207E-01 3.69908E-01
 2.10000E-01 9.45720E-02 1.62051E-01 3.10211E-01 3.81396E-01
 2.20000E-01 9.72814E-02 1.66583E-01 3.18979E-01 3.92504E-01
 2.30000E-01 9.99698E-02 1.71051E-01 3.27519E-01 4.03255E-01
 2.40000E-01 1.02638E-01 1.75458E-01 3.35840E-01 4.13661E-01
 2.50000E-01 1.05287E-01 1.79805E-01 3.43952E-01 4.23742E-01
 2.60000E-01 1.07917E-01 1.84093E-01 3.51865E-01 4.33512E-01
 2.70000E-01 1.10529E-01 1.88327E-01 3.59586E-01 4.42988E-01
 2.80000E-01 1.13124E-01 1.92505E-01 3.67120E-01 4.52185E-01
 2.90000E-01 1.15703E-01 1.96632E-01 3.74477E-01 4.61114E-01
 3.00000E-01 1.18267E-01 2.00709E-01 3.81665E-01 4.69787E-01
 3.10000E-01 1.20816E-01 2.04737E-01 3.88690E-01 4.78215E-01
 3.20000E-01 1.23352E-01 2.08719E-01 3.95556E-01 4.86411E-01
 3.30000E-01 1.25875E-01 2.12657E-01 4.02272E-01 4.94386E-01
 3.40000E-01 1.28387E-01 2.16551E-01 4.08844E-01 5.02148E-01
 3.50000E-01 1.30887E-01 2.20404E-01 4.15276E-01 5.09705E-01
 3.60000E-01 1.33378E-01 2.24218E-01 4.21574E-01 5.17067E-01
 3.70000E-01 1.35860E-01 2.27994E-01 4.27742E-01 5.24241E-01
 3.80000E-01 1.38333E-01 2.31733E-01 4.33786E-01 5.31235E-01
 3.90000E-01 1.40799E-01 2.35437E-01 4.39710E-01 5.38056E-01
 4.00000E-01 1.43258E-01 2.39107E-01 4.45518E-01 5.44713E-01
 4.10000E-01 1.45711E-01 2.42746E-01 4.51215E-01 5.51210E-01
 4.20000E-01 1.48159E-01 2.46354E-01 4.56803E-01 5.57553E-01
 4.30000E-01 1.50602E-01 2.49932E-01 4.62289E-01 5.63749E-01
 4.40000E-01 1.53042E-01 2.53481E-01 4.67672E-01 5.69802E-01
 4.50000E-01 1.55479E-01 2.57003E-01 4.72959E-01 5.75718E-01
 4.60000E-01 1.57913E-01 2.60499E-01 4.78151E-01 5.81502E-01
 4.70000E-01 1.60346E-01 2.63969E-01 4.83252E-01 5.87158E-01
 4.80000E-01 1.62778E-01 2.67416E-01 4.88265E-01 5.92691E-01
 4.90000E-01 1.65209E-01 2.70839E-01 4.93192E-01 5.98105E-01
 5.00000E-01 1.67641E-01 2.74241E-01 4.98036E-01 6.03404E-01
 5.10000E-01 1.70074E-01 2.77621E-01 5.02800E-01 6.08592E-01
 5.20000E-01 1.72508E-01 2.80980E-01 5.07484E-01 6.13673E-01
 5.30000E-01 1.74944E-01 2.84321E-01 5.12094E-01 6.18648E-01
 5.40000E-01 1.77383E-01 2.87642E-01 5.16629E-01 6.23523E-01
 5.50000E-01 1.79825E-01 2.90946E-01 5.21092E-01 6.28300E-01
 5.60000E-01 1.82271E-01 2.94232E-01 5.25486E-01 6.32983E-01
 5.70000E-01 1.84722E-01 2.97502E-01 5.29812E-01 6.37573E-01
 5.80000E-01 1.87177E-01 3.00756E-01 5.34072E-01 6.42074E-01
 5.90000E-01 1.89637E-01 3.03995E-01 5.38267E-01 6.46488E-01
 6.00000E-01 1.92104E-01 3.07220E-01 5.42399E-01 6.50818E-01
 6.10000E-01 1.94576E-01 3.10431E-01 5.46471E-01 6.55066E-01
 6.20000E-01 1.97056E-01 3.13629E-01 5.50484E-01 6.59234E-01
 6.30000E-01 1.99542E-01 3.16815E-01 5.54437E-01 6.63326E-01
 6.40000E-01 2.02037E-01 3.19988E-01 5.58335E-01 6.67342E-01
 6.50000E-01 2.04539E-01 3.23150E-01 5.62176E-01 6.71285E-01
 6.60000E-01 2.07050E-01 3.26302E-01 5.65964E-01 6.75157E-01
 6.70000E-01 2.09570E-01 3.29442E-01 5.69700E-01 6.78959E-01
 6.80000E-01 2.12099E-01 3.32573E-01 5.73383E-01 6.82694E-01
 6.90000E-01 2.14638E-01 3.35695E-01 5.77017E-01 6.86363E-01
 7.00000E-01 2.17187E-01 3.38807E-01 5.80601E-01 6.89968E-01
 7.10000E-01 2.19746E-01 3.41911E-01 5.84137E-01 6.93510E-01
 7.20000E-01 2.22316E-01 3.45007E-01 5.87626E-01 6.96992E-01
 7.30000E-01 2.24897E-01 3.48096E-01 5.91069E-01 7.00414E-01
 7.40000E-01 2.27489E-01 3.51177E-01 5.94467E-01 7.03777E-01
 7.50000E-01 2.30092E-01 3.54251E-01 5.97821E-01 7.07085E-01
 7.60000E-01 2.32707E-01 3.57319E-01 6.01131E-01 7.10336E-01
 7.70000E-01 2.35335E-01 3.60381E-01 6.04400E-01 7.13534E-01
 7.80000E-01 2.37975E-01 3.63436E-01 6.07627E-01 7.16679E-01
 7.90000E-01 2.40627E-01 3.66487E-01 6.10814E-01 7.19773E-01
 8.00000E-01 2.43291E-01 3.69532E-01 6.13960E-01 7.22816E-01
 8.10000E-01 2.45969E-01 3.72572E-01 6.17068E-01 7.25810E-01
 8.20000E-01 2.48659E-01 3.75608E-01 6.20138E-01 7.28756E-01
 8.30000E-01 2.51363E-01 3.78639E-01 6.23170E-01 7.31655E-01
 8.40000E-01 2.54080E-01 3.81667E-01 6.26166E-01 7.34508E-01
 8.50000E-01 2.56810E-01 3.84690E-01 6.29126E-01 7.37316E-01
 8.60000E-01 2.59553E-01 3.87710E-01 6.32050E-01 7.40079E-01
 8.70000E-01 2.62310E-01 3.90727E-01 6.34940E-01 7.42800E-01
 8.80000E-01 2.65081E-01 3.93741E-01 6.37795E-01 7.45479E-01
 8.90000E-01 2.67865E-01 3.96752E-01 6.40618E-01 7.48116E-01
 9.00000E-01 2.70662E-01 3.99760E-01 6.43407E-01 7.50713E-01
 9.10000E-01 2.73473E-01 4.02766E-01 6.46164E-01 7.53270E-01
 9.20000E-01 2.76297E-01 4.05769E-01 6.48890E-01 7.55788E-01
 9.30000E-01 2.79135E-01 4.08770E-01 6.51585E-01 7.58269E-01
 9.40000E-01 2.81972E-01 4.11770E-01 6.54249E-01 7.60712E-01
 9.50000E-01 2.84772E-01 4.14767E-01 6.56883E-01 7.63119E-01
 9.60000E-01 2.87535E-01 4.17763E-01 6.59488E-01 7.65490E-01
 9.70000E-01 2.90259E-01 4.20757E-01 6.62064E-01 7.67826E-01
 9.80000E-01 2.92945E-01 4.23749E-01 6.64611E-01 7.70128E-01
 9.90000E-01 2.95594E-01 4.26740E-01 6.67130E-01 7.72396E-01
 1.00000E+00 2.98206E-01 4.29730E-01 6.69622E-01 7.74631E-01
 1.01158E+00 3.01184E-01 4.33190E-01 6.72474E-01 7.77179E-01
 1.02329E+00 3.04148E-01 4.36689E-01 6.75322E-01 7.79714E-01
 1.03514E+00 3.07096E-01 4.40226E-01 6.78167E-01 7.82234E-01
 1.04713E+00 3.10028E-01 4.43803E-01 6.81009E-01 7.84740E-01
 1.05925E+00 3.12943E-01 4.47420E-01 6.83847E-01 7.87233E-01
 1.07152E+00 3.15840E-01 4.51077E-01 6.86680E-01 7.89711E-01
 1.08393E+00 3.18719E-01 4.54774E-01 6.89511E-01 7.92174E-01
 1.09648E+00 3.21579E-01 4.58512E-01 6.92336E-01 7.94623E-01
 1.10917E+00 3.24420E-01 4.62292E-01 6.95158E-01 7.97057E-01
 1.12202E+00 3.27241E-01 4.66113E-01 6.97975E-01 7.99476E-01
 1.13501E+00 3.30041E-01 4.69975E-01 7.00787E-01 8.01880E-01
 1.14815E+00 3.32820E-01 4.73880E-01 7.03594E-01 8.04268E-01
 1.16145E+00 3.35578E-01 4.77805E-01 7.06396E-01 8.06642E-01
 1.17490E+00 3.38313E-01 4.81700E-01 7.09193E-01 8.08999E-01
 1.18850E+00 3.41026E-01 4.85562E-01 7.11985E-01 8.11341E-01
 1.20226E+00 3.43716E-01 4.89393E-01 7.14771E-01 8.13667E-01
 1.21619E+00 3.46383E-01 4.93189E-01 7.17551E-01 8.15977E-01
 1.23027E+00 3.49025E-01 4.96952E-01 7.20325E-01 8.18272E-01
 1.24451E+00 3.51644E-01 5.00681E-01 7.23094E-01 8.20550E-01
 1.25893E+00 3.54238E-01 5.04374E-01 7.25856E-01 8.22811E-01
 1.27350E+00 3.56807E-01 5.08032E-01 7.28612E-01 8.25056E-01
 1.28825E+00 3.59351E-01 5.11654E-01 7.31361E-01 8.27285E-01
 1.30317E+00 3.61870E-01 5.15240E-01 7.34103E-01 8.29497E-01
 1.31826E+00 3.64362E-01 5.18789E-01 7.36839E-01 8.31692E-01
 1.33352E+00 3.66829E-01 5.22301E-01 7.39568E-01 8.33870E-01
 1.34896E+00 3.69269E-01 5.25776E-01 7.42289E-01 8.36031E-01
 1.36458E+00 3.71683E-01 5.29212E-01 7.45004E-01 8.38175E-01
 1.38038E+00 3.74070E-01 5.32611E-01 7.47711E-01 8.40302E-01
 1.39637E+00 3.76430E-01 5.35971E-01 7.50410E-01 8.42412E-01
 1.41254E+00 3.78763E-01 5.39293E-01 7.53102E-01 8.44505E-01
 1.42889E+00 3.81068E-01 5.42576E-01 7.55785E-01 8.46580E-01
 1.44544E+00 3.83346E-01 5.45819E-01 7.58461E-01 8.48637E-01
 1.46218E+00 3.85597E-01 5.49024E-01 7.61129E-01 8.50678E-01
 1.47911E+00 3.87820E-01 5.52189E-01 7.63788E-01 8.52700E-01
 1.49624E+00 3.90016E-01 5.55315E-01 7.66439E-01 8.54705E-01
 1.51356E+00 3.92184E-01 5.58402E-01 7.69082E-01 8.56693E-01
 1.53109E+00 3.94323E-01 5.61449E-01 7.71715E-01 8.58662E-01
 1.54882E+00 3.96436E-01 5.64456E-01 7.74340E-01 8.60614E-01
 1.56675E+00 3.98520E-01 5.67424E-01 7.76957E-01 8.62548E-01
 1.58489E+00 4.00576E-01 5.70352E-01 7.79564E-01 8.64465E-01
 1.60325E+00 4.02605E-01 5.73241E-01 7.82162E-01 8.66363E-01
 1.62181E+00 4.04606E-01 5.76089E-01 7.84750E-01 8.68244E-01
 1.64059E+00 4.06579E-01 5.78899E-01 7.87330E-01 8.70107E-01
 1.65959E+00 4.08525E-01 5.81669E-01 7.89899E-01 8.71951E-01
 1.67880E+00 4.10443E-01 5.84400E-01 7.92460E-01 8.73779E-01
 1.69824E+00 4.12333E-01 5.87091E-01 7.95010E-01 8.75588E-01
 1.71791E+00 4.14196E-01 5.89744E-01 7.97550E-01 8.77379E-01
 1.73780E+00 4.16032E-01 5.92357E-01 8.00080E-01 8.79152E-01
 1.75792E+00 4.17840E-01 5.94932E-01 8.02600E-01 8.80908E-01
 1.77828E+00 4.19621E-01 5.97469E-01 8.05110E-01 8.82645E-01
 1.79887E+00 4.21376E-01 5.99967E-01 8.07609E-01 8.84365E-01
 1.81970E+00 4.23103E-01 6.02427E-01 8.10098E-01 8.86067E-01
 1.84077E+00 4.24804E-01 6.04849E-01 8.12576E-01 8.87751E-01
 1.86209E+00 4.26479E-01 6.07233E-01 8.15043E-01 8.89418E-01
 1.88365E+00 4.28127E-01 6.09580E-01 8.17498E-01 8.91067E-01
 1.90546E+00 4.29750E-01 6.11890E-01 8.19943E-01 8.92698E-01
 1.92752E+00 4.31346E-01 6.14162E-01 8.22376E-01 8.94311E-01
 1.94984E+00 4.32916E-01 6.16399E-01 8.24798E-01 8.95907E-01
 1.97242E+00 4.34462E-01 6.18599E-01 8.27207E-01 8.97485E-01
 1.99526E+00 4.35981E-01 6.20763E-01 8.29605E-01 8.99046E-01
 2.01837E+00 4.37476E-01 6.22891E-01 8.31991E-01 9.00589E-01
 2.04174E+00 4.38946E-01 6.24984E-01 8.34364E-01 9.02115E-01
 2.06538E+00 4.40392E-01 6.27042E-01 8.36725E-01 9.03623E-01
 2.08930E+00 4.41813E-01 6.29065E-01 8.39073E-01 9.05114E-01
 2.11349E+00 4.43210E-01 6.31054E-01 8.41409E-01 9.06588E-01
 2.13796E+00 4.44583E-01 6.33009E-01 8.43731E-01 9.08045E-01
 2.16272E+00 4.45932E-01 6.34931E-01 8.46039E-01 9.09485E-01
 2.18776E+00 4.47258E-01 6.36819E-01 8.48335E-01 9.10908E-01
 2.21309E+00 4.48561E-01 6.38674E-01 8.50616E-01 9.12314E-01
 2.23872E+00 4.49841E-01 6.40497E-01 8.52883E-01 9.13703E-01
 2.26464E+00 4.51099E-01 6.42287E-01 8.55137E-01 9.15075E-01
 2.29087E+00 4.52334E-01 6.44046E-01 8.57375E-01 9.16430E-01
 2.31739E+00 4.53547E-01 6.45773E-01 8.59599E-01 9.17769E-01
 2.34423E+00 4.54739E-01 6.47470E-01 8.61808E-01 9.19092E-01
 2.37137E+00 4.55909E-01 6.49135E-01 8.64002E-01 9.20398E-01
 2.39883E+00 4.57057E-01 6.50771E-01 8.66176E-01 9.21687E-01
 2.42661E+00 4.58185E-01 6.52377E-01 8.68314E-01 9.22961E-01
 2.45471E+00 4.59292E-01 6.53953E-01 8.70412E-01 9.24218E-01
 2.48313E+00 4.60379E-01 6.55500E-01 8.72471E-01 9.25459E-01
 2.51189E+00 4.61446E-01 6.57019E-01 8.74492E-01 9.26685E-01
 2.54097E+00 4.62492E-01 6.58509E-01 8.76476E-01 9.27894E-01
 2.57040E+00 4.63519E-01 6.59972E-01 8.78423E-01 9.29088E-01
 2.60016E+00 4.64527E-01 6.61407E-01 8.80333E-01 9.30266E-01
 2.63027E+00 4.65516E-01 6.62815E-01 8.82207E-01 9.31429E-01
 2.66073E+00 4.66487E-01 6.64197E-01 8.84046E-01 9.32576E-01
 2.69153E+00 4.67438E-01 6.65552E-01 8.85849E-01 9.33708E-01
 2.72270E+00 4.68372E-01 6.66881E-01 8.87619E-01 9.34825E-01
 2.75423E+00 4.69288E-01 6.68185E-01 8.89354E-01 9.35927E-01
 2.78612E+00 4.70186E-01 6.69464E-01 8.91056E-01 9.37014E-01
 2.81838E+00 4.71066E-01 6.70717E-01 8.92725E-01 9.38086E-01
 2.85102E+00 4.71930E-01 6.71947E-01 8.94362E-01 9.39143E-01
 2.88403E+00 4.72777E-01 6.73153E-01 8.95966E-01 9.40186E-01
 2.91743E+00 4.73607E-01 6.74335E-01 8.97540E-01 9.41214E-01
 2.95121E+00 4.74421E-01 6.75494E-01 8.99083E-01 9.42228E-01
 2.98538E+00 4.75219E-01 6.76630E-01 9.00595E-01 9.43228E-01
 3.01995E+00 4.76001E-01 6.77744E-01 9.02077E-01 9.44214E-01
 3.05492E+00 4.76768E-01 6.78836E-01 9.03530E-01 9.45186E-01
 3.09030E+00 4.77520E-01 6.79906E-01 9.04955E-01 9.46144E-01
 3.12608E+00 4.78256E-01 6.80955E-01 9.06350E-01 9.47088E-01
 3.16228E+00 4.78978E-01 6.81982E-01 9.07718E-01 9.48019E-01
 3.19890E+00 4.79685E-01 6.82989E-01 9.09059E-01 9.48936E-01
 3.23594E+00 4.80378E-01 6.83976E-01 9.10373E-01 9.49840E-01
 3.27341E+00 4.81058E-01 6.84943E-01 9.11660E-01 9.50731E-01
 3.31131E+00 4.81723E-01 6.85891E-01 9.12921E-01 9.51608E-01
 3.34965E+00 4.82375E-01 6.86819E-01 9.14156E-01 9.52473E-01
 3.38844E+00 4.83014E-01 6.87728E-01 9.15367E-01 9.53325E-01
 3.42768E+00 4.83639E-01 6.88619E-01 9.16552E-01 9.54164E-01
 3.46737E+00 4.84252E-01 6.89492E-01 9.17714E-01 9.54991E-01
 3.50752E+00 4.84853E-01 6.90347E-01 9.18851E-01 9.55805E-01
 3.54813E+00 4.85441E-01 6.91184E-01 9.19966E-01 9.56607E-01
 3.58922E+00 4.86016E-01 6.92004E-01 9.21057E-01 9.57397E-01
 3.63078E+00 4.86581E-01 6.92807E-01 9.22126E-01 9.58175E-01
 3.67282E+00 4.87133E-01 6.93594E-01 9.23173E-01 9.58941E-01
 3.71535E+00 4.87674E-01 6.94364E-01 9.24198E-01 9.59695E-01
 3.75837E+00 4.88204E-01 6.95118E-01 9.25202E-01 9.60437E-01
 3.80189E+00 4.88722E-01 6.95856E-01 9.26185E-01 9.61168E-01
 3.84592E+00 4.89230E-01 6.96580E-01 9.27147E-01 9.61887E-01
 3.89045E+00 4.89727E-01 6.97288E-01 9.28090E-01 9.62595E-01
 3.93550E+00 4.90214E-01 6.97981E-01 9.29012E-01 9.63292E-01
 3.98107E+00 4.90691E-01 6.98659E-01 9.29916E-01 9.63977E-01
 4.02717E+00 4.91157E-01 6.99324E-01 9.30800E-01 9.64652E-01
 4.07380E+00 4.91614E-01 6.99974E-01 9.31666E-01 9.65316E-01
 4.12098E+00 4.92061E-01 7.00611E-01 9.32513E-01 9.65969E-01
 4.16869E+00 4.92499E-01 7.01234E-01 9.33343E-01 9.66612E-01
 4.21697E+00 4.92928E-01 7.01844E-01 9.34154E-01 9.67244E-01
 4.26580E+00 4.93347E-01 7.02441E-01 9.34949E-01 9.67865E-01
 4.31519E+00 4.93757E-01 7.03026E-01 9.35727E-01 9.68477E-01
 4.36516E+00 4.94159E-01 7.03598E-01 9.36488E-01 9.69078E-01
 4.41570E+00 4.94552E-01 7.04157E-01 9.37234E-01 9.69669E-01
 4.46684E+00 4.94937E-01 7.04705E-01 9.37963E-01 9.70251E-01
 4.51856E+00 4.95314E-01 7.05242E-01 9.38677E-01 9.70822E-01
 4.57088E+00 4.95682E-01 7.05766E-01 9.39375E-01 9.71384E-01
 4.62381E+00 4.96043E-01 7.06280E-01 9.40058E-01 9.71937E-01
 4.67735E+00 4.96396E-01 7.06782E-01 9.40727E-01 9.72480E-01
 4.73151E+00 4.96741E-01 7.07274E-01 9.41382E-01 9.73013E-01
 4.78630E+00 4.97079E-01 7.07755E-01 9.42022E-01 9.73538E-01
 4.84172E+00 4.97410E-01 7.08226E-01 9.42648E-01 9.74053E-01
 4.89779E+00 4.97733E-01 7.08686E-01 9.43261E-01 9.74560E-01
 4.95450E+00 4.98050E-01 7.09137E-01 9.43861E-01 9.75057E-01
 5.01187E+00 4.98359E-01 7.09578E-01 9.44448E-01 9.75546E-01
 5.06991E+00 4.98662E-01 7.10009E-01 9.45022E-01 9.76026E-01
 5.12861E+00 4.98959E-01 7.10431E-01 9.45584E-01 9.76498E-01
 5.18800E+00 4.99248E-01 7.10844E-01 9.46133E-01 9.76961E-01
 5.24807E+00 4.99532E-01 7.11248E-01 9.46671E-01 9.77416E-01
 5.30884E+00 4.99810E-01 7.11643E-01 9.47197E-01 9.77862E-01
 5.37032E+00 5.00081E-01 7.12029E-01 9.47711E-01 9.78301E-01
 5.43250E+00 5.00347E-01 7.12408E-01 9.48214E-01 9.78732E-01
 5.49541E+00 5.00606E-01 7.12777E-01 9.48707E-01 9.79155E-01
 5.55904E+00 5.00860E-01 7.13139E-01 9.49188E-01 9.79570E-01
 5.62341E+00 5.01109E-01 7.13493E-01 9.49659E-01 9.79977E-01
 5.68853E+00 5.01352E-01 7.13839E-01 9.50120E-01 9.80377E-01
 5.75440E+00 5.01590E-01 7.14178E-01 9.50571E-01 9.80770E-01
 5.82103E+00 5.01822E-01 7.14509E-01 9.51011E-01 9.81155E-01
 5.88844E+00 5.02050E-01 7.14833E-01 9.51442E-01 9.81534E-01
 5.95662E+00 5.02272E-01 7.15150E-01 9.51864E-01 9.81905E-01
 6.02560E+00 5.02490E-01 7.15459E-01 9.52276E-01 9.82269E-01
 6.09537E+00 5.02703E-01 7.15762E-01 9.52680E-01 9.82626E-01
 6.16595E+00 5.02911E-01 7.16059E-01 9.53074E-01 9.82977E-01
 6.23735E+00 5.03114E-01 7.16348E-01 9.53460E-01 9.83321E-01
 6.30957E+00 5.03313E-01 7.16632E-01 9.53837E-01 9.83658E-01
 6.38263E+00 5.03508E-01 7.16909E-01 9.54206E-01 9.83989E-01
 6.45654E+00 5.03699E-01 7.17180E-01 9.54567E-01 9.84314E-01
 6.53131E+00 5.03885E-01 7.17445E-01 9.54920E-01 9.84633E-01
 6.60693E+00 5.04067E-01 7.17704E-01 9.55265E-01 9.84945E-01
 6.68344E+00 5.04245E-01 7.17958E-01 9.55602E-01 9.85251E-01
 6.76083E+00 5.04419E-01 7.18206E-01 9.55932E-01 9.85552E-01
 6.83912E+00 5.04589E-01 7.18448E-01 9.56254E-01 9.85846E-01
 6.91831E+00 5.04756E-01 7.18685E-01 9.56570E-01 9.86135E-01
 6.99842E+00 5.04918E-01 7.18917E-01 9.56878E-01 9.86419E-01
 7.07946E+00 5.05078E-01 7.19144E-01 9.57180E-01 9.86697E-01
 7.16143E+00 5.05233E-01 7.19365E-01 9.57475E-01 9.86969E-01
 7.24436E+00 5.05385E-01 7.19582E-01 9.57763E-01 9.87236E-01
 7.32825E+00 5.05534E-01 7.19794E-01 9.58045E-01 9.87498E-01
 7.41310E+00 5.05680E-01 7.20001E-01 9.58321E-01 9.87755E-01
 7.49894E+00 5.05822E-01 7.20203E-01 9.58591E-01 9.88007E-01
 7.58578E+00 5.05961E-01 7.20401E-01 9.58854E-01 9.88253E-01
 7.67361E+00 5.06097E-01 7.20595E-01 9.59112E-01 9.88495E-01
 7.76247E+00 5.06230E-01 7.20784E-01 9.59364E-01 9.88733E-01
 7.85236E+00 5.06360E-01 7.20969E-01 9.59610E-01 9.88965E-01
 7.94328E+00 5.06487E-01 7.21150E-01 9.59851E-01 9.89193E-01
 8.03526E+00 5.06611E-01 7.21327E-01 9.60087E-01 9.89416E-01
 8.12831E+00 5.06733E-01 7.21500E-01 9.60317E-01 9.89635E-01
 8.22243E+00 5.06851E-01 7.21669E-01 9.60542E-01 9.89850E-01
 8.31764E+00 5.06968E-01 7.21835E-01 9.60762E-01 9.90061E-01
 8.41395E+00 5.07081E-01 7.21996E-01 9.60977E-01 9.90267E-01
 8.51138E+00 5.07192E-01 7.22154E-01 9.61187E-01 9.90469E-01
 8.60994E+00 5.07301E-01 7.22309E-01 9.61393E-01 9.90667E-01
 8.70964E+00 5.07407E-01 7.22460E-01 9.61594E-01 9.90861E-01
 8.81049E+00 5.07510E-01 7.22608E-01 9.61791E-01 9.91052E-01
 8.91251E+00 5.07612E-01 7.22752E-01 9.61983E-01 9.91238E-01
 9.01571E+00 5.07711E-01 7.22893E-01 9.62171E-01 9.91421E-01
 9.12011E+00 5.07808E-01 7.23031E-01 9.62354E-01 9.91600E-01
 9.22571E+00 5.07902E-01 7.23166E-01 9.62534E-01 9.91776E-01
 9.33254E+00 5.07995E-01 7.23298E-01 9.62709E-01 9.91948E-01
 9.44061E+00 5.08086E-01 7.23427E-01 9.62881E-01 9.92116E-01
 9.54993E+00 5.08174E-01 7.23553E-01 9.63048E-01 9.92282E-01
 9.66051E+00 5.08261E-01 7.23676E-01 9.63212E-01 9.92444E-01
 9.77237E+00 5.08345E-01 7.23796E-01 9.63373E-01 9.92603E-01
 9.88553E+00 5.08428E-01 7.23914E-01 9.63529E-01 9.92758E-01
 1.00000E+01 5.08509E-01 7.24029E-01 9.63682E-01 9.92911E-01
 1.01158E+01 5.08588E-01 7.24141E-01 9.63832E-01 9.93060E-01
 1.02329E+01 5.08665E-01 7.24251E-01 9.63978E-01 9.93207E-01
 1.03514E+01 5.08740E-01 7.24359E-01 9.64121E-01 9.93350E-01
 1.04713E+01 5.08814E-01 7.24464E-01 9.64261E-01 9.93491E-01
 1.05925E+01 5.08886E-01 7.24566E-01 9.64398E-01 9.93629E-01
 1.07152E+01 5.08957E-01 7.24667E-01 9.64531E-01 9.93764E-01
 1.08393E+01 5.09025E-01 7.24765E-01 9.64662E-01 9.93897E-01
 1.09648E+01 5.09093E-01 7.24861E-01 9.64790E-01 9.94027E-01
 1.10917E+01 5.09159E-01 7.24954E-01 9.64914E-01 9.94154E-01
 1.12202E+01 5.09223E-01 7.25046E-01 9.65036E-01 9.94279E-01
 1.13501E+01 5.09286E-01 7.25136E-01 9.65155E-01 9.94401E-01
 1.14815E+01 5.09347E-01 7.25223E-01 9.65272E-01 9.94521E-01
 1.16145E+01 5.09407E-01 7.25309E-01 9.65386E-01 9.94638E-01
 1.17490E+01 5.09466E-01 7.25392E-01 9.65497E-01 9.94753E-01
 1.18850E+01 5.09524E-01 7.25474E-01 9.65606E-01 9.94865E-01
 1.20226E+01 5.09580E-01 7.25554E-01 9.65712E-01 9.94974E-01
 1.21619E+01 5.09635E-01 7.25632E-01 9.65816E-01 9.95082E-01
 1.23027E+01 5.09688E-01 7.25708E-01 9.65918E-01 9.95186E-01
 1.24451E+01 5.09741E-01 7.25783E-01 9.66017E-01 9.95289E-01
 1.25893E+01 5.09792E-01 7.25856E-01 9.66114E-01 9.95389E-01
 1.27350E+01 5.09842E-01 7.25927E-01 9.66209E-01 9.95486E-01
 1.28825E+01 5.09891E-01 7.25997E-01 9.66302E-01 9.95582E-01
 1.30317E+01 5.09939E-01 7.26065E-01 9.66393E-01 9.95675E-01
 1.31826E+01 5.09985E-01 7.26132E-01 9.66481E-01 9.95767E-01
 1.33352E+01 5.10031E-01 7.26197E-01 9.66568E-01 9.95856E-01
 1.34896E+01 5.10076E-01 7.26260E-01 9.66652E-01 9.95943E-01
 1.36458E+01 5.10119E-01 7.26322E-01 9.66735E-01 9.96028E-01
 1.38038E+01 5.10162E-01 7.26383E-01 9.66816E-01 9.96111E-01
 1.39637E+01 5.10204E-01 7.26443E-01 9.66895E-01 9.96193E-01
 1.41254E+01 5.10245E-01 7.26501E-01 9.66972E-01 9.96272E-01
 1.42889E+01 5.10284E-01 7.26557E-01 9.67048E-01 9.96350E-01
 1.44544E+01 5.10323E-01 7.26613E-01 9.67122E-01 9.96426E-01
 1.46218E+01 5.10361E-01 7.26667E-01 9.67194E-01 9.96501E-01
 1.47911E+01 5.10399E-01 7.26720E-01 9.67264E-01 9.96573E-01
 1.49624E+01 5.10435E-01 7.26772E-01 9.67333E-01 9.96644E-01
 1.51356E+01 5.10470E-01 7.26822E-01 9.67400E-01 9.96714E-01
 1.53109E+01 5.10505E-01 7.26872E-01 9.67466E-01 9.96781E-01
 1.54882E+01 5.10539E-01 7.26920E-01 9.67530E-01 9.96848E-01
 1.56675E+01 5.10572E-01 7.26967E-01 9.67593E-01 9.96912E-01
 1.58489E+01 5.10605E-01 7.27013E-01 9.67655E-01 9.96976E-01
 1.60325E+01 5.10636E-01 7.27058E-01 9.67715E-01 9.97037E-01
 1.62181E+01 5.10667E-01 7.27103E-01 9.67773E-01 9.97098E-01
 1.64059E+01 5.10698E-01 7.27146E-01 9.67831E-01 9.97157E-01
 1.65959E+01 5.10727E-01 7.27188E-01 9.67887E-01 9.97215E-01
 1.67880E+01 5.10756E-01 7.27229E-01 9.67942E-01 9.97271E-01
 1.69824E+01 5.10784E-01 7.27269E-01 9.67995E-01 9.97326E-01
 1.71791E+01 5.10812E-01 7.27308E-01 9.68047E-01 9.97380E-01
 1.73780E+01 5.10839E-01 7.27347E-01 9.68099E-01 9.97433E-01
 1.75792E+01 5.10865E-01 7.27384E-01 9.68149E-01 9.97484E-01
 1.77828E+01 5.10891E-01 7.27421E-01 9.68197E-01 9.97535E-01
 1.79887E+01 5.10916E-01 7.27457E-01 9.68245E-01 9.97584E-01
 1.81970E+01 5.10941E-01 7.27492E-01 9.68292E-01 9.97632E-01
 1.84077E+01 5.10965E-01 7.27526E-01 9.68337E-01 9.97679E-01
 1.86209E+01 5.10988E-01 7.27560E-01 9.68382E-01 9.97725E-01
 1.88365E+01 5.11011E-01 7.27592E-01 9.68426E-01 9.97770E-01
 1.90546E+01 5.11034E-01 7.27624E-01 9.68468E-01 9.97814E-01
 1.92752E+01 5.11056E-01 7.27656E-01 9.68510E-01 9.97857E-01
 1.94984E+01 5.11077E-01 7.27686E-01 9.68550E-01 9.97898E-01
 1.97242E+01 5.11098E-01 7.27716E-01 9.68590E-01 9.97939E-01
 1.99526E+01 5.11119E-01 7.27745E-01 9.68629E-01 9.97979E-01
 2.01837E+01 5.11139E-01 7.27774E-01 9.68667E-01 9.98019E-01
 2.04174E+01 5.11158E-01 7.27802E-01 9.68704E-01 9.98057E-01
 2.06538E+01 5.11178E-01 7.27829E-01 9.68740E-01 9.98094E-01
 2.08930E+01 5.11196E-01 7.27856E-01 9.68776E-01 9.98131E-01
 2.11349E+01 5.11214E-01 7.27882E-01 9.68810E-01 9.98166E-01
 2.13796E+01 5.11232E-01 7.27907E-01 9.68844E-01 9.98201E-01
 2.16272E+01 5.11250E-01 7.27932E-01 9.68877E-01 9.98235E-01
 2.18776E+01 5.11267E-01 7.27956E-01 9.68910E-01 9.98269E-01
 2.21309E+01 5.11284E-01 7.27980E-01 9.68941E-01 9.98301E-01
 2.23872E+01 5.11300E-01 7.28003E-01 9.68972E-01 9.98333E-01
 2.26464E+01 5.11316E-01 7.28026E-01 9.69002E-01 9.98364E-01
 2.29087E+01 5.11331E-01 7.28048E-01 9.69032E-01 9.98394E-01
 2.31739E+01 5.11346E-01 7.28069E-01 9.69060E-01 9.98424E-01
 2.34423E+01 5.11361E-01 7.28091E-01 9.69089E-01 9.98453E-01
 2.37137E+01 5.11376E-01 7.28111E-01 9.69116E-01 9.98481E-01
 2.39883E+01 5.11390E-01 7.28132E-01 9.69143E-01 9.98509E-01
 2.42661E+01 5.11404E-01 7.28151E-01 9.69169E-01 9.98536E-01
 2.45471E+01 5.11417E-01 7.28171E-01 9.69195E-01 9.98563E-01
 2.48313E+01 5.11431E-01 7.28189E-01 9.69220E-01 9.98588E-01
 2.51189E+01 5.11444E-01 7.28208E-01 9.69245E-01 9.98614E-01
 2.54097E+01 5.11456E-01 7.28226E-01 9.69269E-01 9.98638E-01
 2.57040E+01 5.11469E-01 7.28243E-01 9.69292E-01 9.98663E-01
 2.60016E+01 5.11481E-01 7.28261E-01 9.69315E-01 9.98686E-01
 2.63027E+01 5.11493E-01 7.28278E-01 9.69337E-01 9.98709E-01
 2.66073E+01 5.11504E-01 7.28294E-01 9.69359E-01 9.98732E-01
 2.69153E+01 5.11515E-01 7.28310E-01 9.69381E-01 9.98754E-01
 2.72270E+01 5.11526E-01 7.28326E-01 9.69401E-01 9.98775E-01
 2.75423E+01 5.11537E-01 7.28341E-01 9.69422E-01 9.98796E-01
 2.78612E+01 5.11548E-01 7.28356E-01 9.69442E-01 9.98817E-01
 2.81838E+01 5.11558E-01 7.28371E-01 9.69461E-01 9.98837E-01
 2.85102E+01 5.11568E-01 7.28385E-01 9.69480E-01 9.98857E-01
 2.88403E+01 5.11578E-01 7.28399E-01 9.69499E-01 9.98876E-01
 2.91743E+01 5.11587E-01 7.28413E-01 9.69517E-01 9.98895E-01
 2.95121E+01 5.11597E-01 7.28426E-01 9.69535E-01 9.98913E-01
 2.98538E+01 5.11606E-01 7.28439E-01 9.69552E-01 9.98931E-01
 3.01995E+01 5.11615E-01 7.28452E-01 9.69569E-01 9.98948E-01
 3.05492E+01 5.11624E-01 7.28464E-01 9.69586E-01 9.98965E-01
 3.09030E+01 5.11632E-01 7.28476E-01 9.69602E-01 9.98982E-01
 3.12608E+01 5.11641E-01 7.28488E-01 9.69618E-01 9.98998E-01
 3.16228E+01 5.11649E-01 7.28500E-01 9.69634E-01 9.99014E-01
 3.19890E+01 5.11657E-01 7.28511E-01 9.69649E-01 9.99030E-01
 3.23594E+01 5.11665E-01 7.28523E-01 9.69663E-01 9.99045E-01
 3.27341E+01 5.11672E-01 7.28533E-01 9.69678E-01 9.99060E-01
 3.31131E+01 5.11680E-01 7.28544E-01 9.69692E-01 9.99075E-01
 3.34965E+01 5.11687E-01 7.28554E-01 9.69706E-01 9.99089E-01
 3.38844E+01 5.11694E-01 7.28564E-01 9.69719E-01 9.99103E-01
 3.42768E+01 5.11701E-01 7.28574E-01 9.69733E-01 9.99116E-01
 3.46737E+01 5.11708E-01 7.28584E-01 9.69745E-01 9.99130E-01
 3.50752E+01 5.11715E-01 7.28594E-01 9.69758E-01 9.99143E-01
 3.54813E+01 5.11721E-01 7.28603E-01 9.69770E-01 9.99155E-01
 3.58922E+01 5.11727E-01 7.28612E-01 9.69782E-01 9.99168E-01
 3.63078E+01 5.11734E-01 7.28621E-01 9.69794E-01 9.99180E-01
 3.67282E+01 5.11740E-01 7.28629E-01 9.69806E-01 9.99192E-01
 3.71535E+01 5.11746E-01 7.28638E-01 9.69817E-01 9.99203E-01
 3.75837E+01 5.11751E-01 7.28646E-01 9.69828E-01 9.99215E-01
 3.80189E+01 5.11757E-01 7.28654E-01 9.69839E-01 9.99226E-01
 3.84592E+01 5.11763E-01 7.28662E-01 9.69849E-01 9.99236E-01
 3.89045E+01 5.11768E-01 7.28670E-01 9.69859E-01 9.99247E-01
 3.93550E+01 5.11773E-01 7.28677E-01 9.69869E-01 9.99257E-01
 3.98107E+01 5.11778E-01 7.28684E-01 9.69879E-01 9.99267E-01
 4.02717E+01 5.11783E-01 7.28692E-01 9.69889E-01 9.99277E-01
 4.07380E+01 5.11788E-01 7.28699E-01 9.69898E-01 9.99287E-01
 4.12098E+01 5.11793E-01 7.28706E-01 9.69907E-01 9.99296E-01
 4.16869E+01 5.11798E-01 7.28712E-01 9.69916E-01 9.99305E-01
 4.21697E+01 5.11802E-01 7.28719E-01 9.69925E-01 9.99314E-01
 4.26580E+01 5.11807E-01 7.28725E-01 9.69933E-01 9.99323E-01
 4.31519E+01 5.11811E-01 7.28731E-01 9.69942E-01 9.99332E-01
 4.36516E+01 5.11816E-01 7.28738E-01 9.69950E-01 9.99340E-01
 4.41570E+01 5.11820E-01 7.28743E-01 9.69958E-01 9.99348E-01
 4.46684E+01 5.11824E-01 7.28749E-01 9.69965E-01 9.99356E-01
 4.51856E+01 5.11828E-01 7.28755E-01 9.69973E-01 9.99364E-01
 4.57088E+01 5.11832E-01 7.28761E-01 9.69980E-01 9.99372E-01
 4.62381E+01 5.11836E-01 7.28766E-01 9.69988E-01 9.99379E-01
 4.67735E+01 5.11839E-01 7.28771E-01 9.69995E-01 9.99387E-01
 4.73151E+01 5.11843E-01 7.28777E-01 9.70002E-01 9.99394E-01
 4.78630E+01 5.11847E-01 7.28782E-01 9.70008E-01 9.99401E-01
 4.84172E+01 5.11850E-01 7.28787E-01 9.70015E-01 9.99407E-01
 4.89779E+01 5.11854E-01 7.28791E-01 9.70021E-01 9.99414E-01
 4.95450E+01 5.11857E-01 7.28796E-01 9.70028E-01 9.99421E-01
 5.01187E+01 5.11860E-01 7.28801E-01 9.70034E-01 9.99427E-01
 5.06991E+01 5.11863E-01 7.28805E-01 9.70040E-01 9.99433E-01
 5.12861E+01 5.11866E-01 7.28810E-01 9.70046E-01 9.99439E-01
 5.18800E+01 5.11869E-01 7.28814E-01 9.70052E-01 9.99445E-01
 5.24807E+01 5.11872E-01 7.28818E-01 9.70057E-01 9.99451E-01
 5.30884E+01 5.11875E-01 7.28823E-01 9.70063E-01 9.99457E-01
 5.37032E+01 5.11878E-01 7.28827E-01 9.70068E-01 9.99462E-01
 5.43250E+01 5.11881E-01 7.28831E-01 9.70073E-01 9.99468E-01
 5.49541E+01 5.11884E-01 7.28834E-01 9.70079E-01 9.99473E-01
 5.55904E+01 5.11886E-01 7.28838E-01 9.70084E-01 9.99478E-01
 5.62341E+01 5.11889E-01 7.28842E-01 9.70088E-01 9.99483E-01
 5.68853E+01 5.11891E-01 7.28845E-01 9.70093E-01 9.99488E-01
 5.75440E+01 5.11894E-01 7.28849E-01 9.70098E-01 9.99493E-01
 5.82103E+01 5.11896E-01 7.28852E-01 9.70103E-01 9.99498E-01
 5.88844E+01 5.11899E-01 7.28856E-01 9.70107E-01 9.99502E-01
 5.95662E+01 5.11901E-01 7.28859E-01 9.70111E-01 9.99507E-01
 6.02560E+01 5.11903E-01 7.28862E-01 9.70116E-01 9.99511E-01
 6.09537E+01 5.11905E-01 7.28865E-01 9.70120E-01 9.99515E-01
 6.16595E+01 5.11908E-01 7.28868E-01 9.70124E-01 9.99520E-01
 6.23735E+01 5.11910E-01 7.28871E-01 9.70128E-01 9.99524E-01
 6.30957E+01 5.11912E-01 7.28874E-01 9.70132E-01 9.99528E-01
 6.38263E+01 5.11914E-01 7.28877E-01 9.70136E-01 9.99532E-01
 6.45654E+01 5.11916E-01 7.28880E-01 9.70139E-01 9.99535E-01
 6.53131E+01 5.11918E-01 7.28883E-01 9.70143E-01 9.99539E-01
 6.60693E+01 5.11920E-01 7.28885E-01 9.70146E-01 9.99543E-01
 6.68344E+01 5.11921E-01 7.28888E-01 9.70150E-01 9.99546E-01
 6.76083E+01 5.11923E-01 7.28891E-01 9.70153E-01 9.99550E-01
 6.83912E+01 5.11925E-01 7.28893E-01 9.70157E-01 9.99553E-01
 6.91831E+01 5.11927E-01 7.28895E-01 9.70160E-01 9.99557E-01
 6.99842E+01 5.11928E-01 7.28898E-01 9.70163E-01 9.99560E-01
 7.07946E+01 5.11930E-01 7.28900E-01 9.70166E-01 9.99563E-01
 7.16143E+01 5.11931E-01 7.28902E-01 9.70169E-01 9.99566E-01
 7.24436E+01 5.11933E-01 7.28905E-01 9.70172E-01 9.99569E-01
 7.32825E+01 5.11935E-01 7.28907E-01 9.70175E-01 9.99572E-01
 7.41310E+01 5.11936E-01 7.28909E-01 9.70178E-01 9.99575E-01
 7.49894E+01 5.11938E-01 7.28911E-01 9.70181E-01 9.99578E-01
 7.58578E+01 5.11939E-01 7.28913E-01 9.70183E-01 9.99581E-01
 7.67361E+01 5.11940E-01 7.28915E-01 9.70186E-01 9.99584E-01
 7.76247E+01 5.11942E-01 7.28917E-01 9.70188E-01 9.99586E-01
 7.85236E+01 5.11943E-01 7.28919E-01 9.70191E-01 9.99589E-01
 7.94328E+01 5.11944E-01 7.28921E-01 9.70193E-01 9.99591E-01
 8.03526E+01 5.11946E-01 7.28923E-01 9.70196E-01 9.99594E-01
 8.12831E+01 5.11947E-01 7.28924E-01 9.70198E-01 9.99596E-01
 8.22243E+01 5.11948E-01 7.28926E-01 9.70201E-01 9.99599E-01
 8.31764E+01 5.11949E-01 7.28928E-01 9.70203E-01 9.99601E-01
 8.41395E+01 5.11950E-01 7.28929E-01 9.70205E-01 9.99603E-01
 8.51138E+01 5.11952E-01 7.28931E-01 9.70207E-01 9.99605E-01
 8.60994E+01 5.11953E-01 7.28933E-01 9.70209E-01 9.99607E-01
 8.70964E+01 5.11954E-01 7.28934E-01 9.70211E-01 9.99610E-01
 8.81049E+01 5.11955E-01 7.28936E-01 9.70213E-01 9.99612E-01
 8.91251E+01 5.11956E-01 7.28937E-01 9.70215E-01 9.99614E-01
 9.01571E+01 5.11957E-01 7.28938E-01 9.70217E-01 9.99616E-01
 9.12011E+01 5.11958E-01 7.28940E-01 9.70219E-01 9.99618E-01
 9.22571E+01 5.11959E-01 7.28941E-01 9.70221E-01 9.99619E-01
 9.33254E+01 5.11960E-01 7.28943E-01 9.70223E-01 9.99621E-01
 9.44061E+01 5.11961E-01 7.28944E-01 9.70224E-01 9.99623E-01
 9.54993E+01 5.11961E-01 7.28945E-01 9.70226E-01 9.99625E-01
 9.66051E+01 5.11962E-01 7.28946E-01 9.70228E-01 9.99627E-01
 9.77237E+01 5.11963E-01 7.28948E-01 9.70229E-01 9.99628E-01
 9.88553E+01 5.11964E-01 7.28949E-01 9.70231E-01 9.99630E-01
 1.00000E+02 5.11965E-01 7.28950E-01 9.70232E-01 9.99631E-01
