 1.00000E-02 1.67568E-01 1.95279E-01 2.23269E-01 2.26554E-01
 2.00000E-02 1.68983E-01 1.97071E-01 2.25281E-01 2.28585E-01
 3.00000E-02 1.70488E-01 1.98829E-01 2.27388E-01 2.30796E-01
 4.00000E-02 1.72077E-01 2.00750E-01 2.29693E-01 2.33107E-01
 5.00000E-02 1.73747E-01 2.02753E-01 2.32067E-01 2.35548E-01
 6.00000E-02 1.75523E-01 2.04855E-01 2.34554E-01 2.38088E-01
 7.00000E-02 1.77376E-01 2.07059E-01 2.37150E-01 2.40730E-01
 8.00000E-02 1.79313E-01 2.09341E-01 2.39844E-01 2.43480E-01
 9.00000E-02 1.81330E-01 2.11717E-01 2.42624E-01 2.46320E-01
 1.00000E-01 1.83422E-01 2.14170E-01 2.45502E-01 2.49253E-01
 1.10000E-01 1.85581E-01 2.16698E-01 2.48460E-01 2.52268E-01
 1.20000E-01 1.87803E-01 2.19297E-01 2.51495E-01 2.55362E-01
 1.30000E-01 1.90089E-01 2.21961E-01 2.54603E-01 2.58529E-01
 1.40000E-01 1.92430E-01 2.24690E-01 2.57779E-01 2.61769E-01
 1.50000E-01 1.94824E-01 2.27474E-01 2.61021E-01 2.65071E-01
 1.60000E-01 1.97268E-01 2.30314E-01 2.64319E-01 2.68437E-01
 1.70000E-01 1.99757E-01 2.33202E-01 2.67676E-01 2.71857E-01
 1.80000E-01 2.02287E-01 2.36137E-01 2.71083E-01 2.75330E-01
 1.90000E-01 2.04857E-01 2.39113E-01 2.74537E-01 2.78850E-01
 2.00000E-01 2.07463E-01 2.42128E-01 2.78034E-01 2.82417E-01
 2.10000E-01 2.10102E-01 2.45178E-01 2.81572E-01 2.86023E-01
 2.20000E-01 2.12770E-01 2.48261E-01 2.85145E-01 2.89668E-01
 2.30000E-01 2.15465E-01 2.51373E-01 2.88753E-01 2.93347E-01
 2.40000E-01 2.18186E-01 2.54512E-01 2.92390E-01 2.97057E-01
 2.50000E-01 2.20928E-01 2.57674E-01 2.96055E-01 3.00795E-01
 2.60000E-01 2.23691E-01 2.60858E-01 2.99744E-01 3.04559E-01
 2.70000E-01 2.26471E-01 2.64060E-01 3.03454E-01 3.08346E-01
 2.80000E-01 2.29266E-01 2.67278E-01 3.07183E-01 3.12153E-01
 2.90000E-01 2.32076E-01 2.70510E-01 3.10930E-01 3.15978E-01
 3.00000E-01 2.34896E-01 2.73754E-01 3.14690E-01 3.19817E-01
 3.10000E-01 2.37727E-01 2.77009E-01 3.18464E-01 3.23671E-01
 3.20000E-01 2.40567E-01 2.80271E-01 3.22246E-01 3.27535E-01
 3.30000E-01 2.43412E-01 2.83540E-01 3.26037E-01 3.31409E-01
 3.40000E-01 2.46263E-01 2.86814E-01 3.29834E-01 3.35291E-01
 3.50000E-01 2.49118E-01 2.90090E-01 3.33635E-01 3.39177E-01
 3.60000E-01 2.51975E-01 2.93368E-01 3.37439E-01 3.43068E-01
 3.70000E-01 2.54833E-01 2.96646E-01 3.41244E-01 3.46960E-01
 3.80000E-01 2.57690E-01 2.99923E-01 3.45048E-01 3.50853E-01
 3.90000E-01 2.60547E-01 3.03197E-01 3.48850E-01 3.54746E-01
 4.00000E-01 2.63402E-01 3.06468E-01 3.52648E-01 3.58636E-01
 4.10000E-01 2.66252E-01 3.09733E-01 3.56442E-01 3.62523E-01
 4.20000E-01 2.69099E-01 3.12993E-01 3.60230E-01 3.66404E-01
 4.30000E-01 2.71941E-01 3.16246E-01 3.64010E-01 3.70280E-01
 4.40000E-01 2.74776E-01 3.19490E-01 3.67783E-01 3.74149E-01
 4.50000E-01 2.77605E-01 3.22726E-01 3.71545E-01 3.78010E-01
 4.60000E-01 2.80427E-01 3.25953E-01 3.75298E-01 3.81861E-01
 4.70000E-01 2.83240E-01 3.29168E-01 3.79039E-01 3.85703E-01
 4.80000E-01 2.86045E-01 3.32374E-01 3.82767E-01 3.89534E-01
 4.90000E-01 2.88840E-01 3.35567E-01 3.86482E-01 3.93353E-01
 5.00000E-01 2.91625E-01 3.38747E-01 3.90184E-01 3.97159E-01
 5.10000E-01 2.94399E-01 3.41915E-01 3.93871E-01 4.00952E-01
 5.20000E-01 2.97163E-01 3.45069E-01 3.97542E-01 4.04731E-01
 5.30000E-01 2.99915E-01 3.48209E-01 4.01197E-01 4.08495E-01
 5.40000E-01 3.02656E-01 3.51335E-01 4.04836E-01 4.12245E-01
 5.50000E-01 3.05384E-01 3.54446E-01 4.08458E-01 4.15978E-01
 5.60000E-01 3.08100E-01 3.57542E-01 4.12061E-01 4.19695E-01
 5.70000E-01 3.10803E-01 3.60622E-01 4.15647E-01 4.23394E-01
 5.80000E-01 3.13492E-01 3.63686E-01 4.19213E-01 4.27077E-01
 5.90000E-01 3.16169E-01 3.66733E-01 4.22761E-01 4.30742E-01
 6.00000E-01 3.18831E-01 3.69764E-01 4.26288E-01 4.34388E-01
 6.10000E-01 3.21480E-01 3.72778E-01 4.29796E-01 4.38016E-01
 6.20000E-01 3.24115E-01 3.75775E-01 4.33283E-01 4.41625E-01
 6.30000E-01 3.26735E-01 3.78755E-01 4.36750E-01 4.45214E-01
 6.40000E-01 3.29341E-01 3.81718E-01 4.40196E-01 4.48784E-01
 6.50000E-01 3.31933E-01 3.84662E-01 4.43620E-01 4.52334E-01
 6.60000E-01 3.34509E-01 3.87590E-01 4.47023E-01 4.55863E-01
 6.70000E-01 3.37071E-01 3.90499E-01 4.50404E-01 4.59372E-01
 6.80000E-01 3.39618E-01 3.93390E-01 4.53763E-01 4.62861E-01
 6.90000E-01 3.42150E-01 3.96263E-01 4.57100E-01 4.66328E-01
 7.00000E-01 3.44667E-01 3.99118E-01 4.60415E-01 4.69774E-01
 7.10000E-01 3.47168E-01 4.01955E-01 4.63707E-01 4.73199E-01
 7.20000E-01 3.49655E-01 4.04773E-01 4.66977E-01 4.76603E-01
 7.30000E-01 3.52126E-01 4.07574E-01 4.70224E-01 4.79985E-01
 7.40000E-01 3.54581E-01 4.10356E-01 4.73448E-01 4.83345E-01
 7.50000E-01 3.57022E-01 4.13119E-01 4.76650E-01 4.86683E-01
 7.60000E-01 3.59447E-01 4.15865E-01 4.79829E-01 4.90000E-01
 7.70000E-01 3.61857E-01 4.18591E-01 4.82985E-01 4.93294E-01
 7.80000E-01 3.64252E-01 4.21300E-01 4.86117E-01 4.96566E-01
 7.90000E-01 3.66631E-01 4.23990E-01 4.89227E-01 4.99816E-01
 8.00000E-01 3.68995E-01 4.26662E-01 4.92314E-01 5.03044E-01
 8.10000E-01 3.71343E-01 4.29316E-01 4.95378E-01 5.06249E-01
 8.20000E-01 3.73677E-01 4.31952E-01 4.98419E-01 5.09432E-01
 8.30000E-01 3.75995E-01 4.34569E-01 5.01437E-01 5.12592E-01
 8.40000E-01 3.78298E-01 4.37168E-01 5.04432E-01 5.15730E-01
 8.50000E-01 3.80585E-01 4.39750E-01 5.07404E-01 5.18846E-01
 8.60000E-01 3.82858E-01 4.42313E-01 5.10353E-01 5.21939E-01
 8.70000E-01 3.85116E-01 4.44858E-01 5.13280E-01 5.25010E-01
 8.80000E-01 3.87358E-01 4.47386E-01 5.16184E-01 5.28058E-01
 8.90000E-01 3.89586E-01 4.49895E-01 5.19066E-01 5.31084E-01
 9.00000E-01 3.91799E-01 4.52388E-01 5.21925E-01 5.34087E-01
 9.10000E-01 3.93997E-01 4.54862E-01 5.24762E-01 5.37068E-01
 9.20000E-01 3.96180E-01 4.57319E-01 5.27576E-01 5.40027E-01
 9.30000E-01 3.98348E-01 4.59759E-01 5.30368E-01 5.42963E-01
 9.40000E-01 4.00503E-01 4.62181E-01 5.33138E-01 5.45877E-01
 9.50000E-01 4.02642E-01 4.64586E-01 5.35887E-01 5.48769E-01
 9.60000E-01 4.04767E-01 4.66974E-01 5.38613E-01 5.51639E-01
 9.70000E-01 4.06877E-01 4.69345E-01 5.41318E-01 5.54486E-01
 9.80000E-01 4.08973E-01 4.71699E-01 5.44001E-01 5.57312E-01
 9.90000E-01 4.11055E-01 4.74036E-01 5.46663E-01 5.60115E-01
 1.00000E+00 4.13123E-01 4.76356E-01 5.49303E-01 5.62897E-01
 1.01158E+00 4.15500E-01 4.79023E-01 5.52335E-01 5.66090E-01
 1.02329E+00 4.17885E-01 4.81697E-01 5.55372E-01 5.69291E-01
 1.03514E+00 4.20279E-01 4.84380E-01 5.58416E-01 5.72499E-01
 1.04713E+00 4.22680E-01 4.87070E-01 5.61465E-01 5.75713E-01
 1.05925E+00 4.25089E-01 4.89769E-01 5.64520E-01 5.78933E-01
 1.07152E+00 4.27506E-01 4.92474E-01 5.67580E-01 5.82158E-01
 1.08393E+00 4.29930E-01 4.95187E-01 5.70645E-01 5.85388E-01
 1.09648E+00 4.32362E-01 4.97906E-01 5.73714E-01 5.88623E-01
 1.10917E+00 4.34800E-01 5.00632E-01 5.76787E-01 5.91861E-01
 1.12202E+00 4.37245E-01 5.03364E-01 5.79864E-01 5.95102E-01
 1.13501E+00 4.39697E-01 5.06103E-01 5.82944E-01 5.98347E-01
 1.14815E+00 4.42155E-01 5.08847E-01 5.86027E-01 6.01593E-01
 1.16145E+00 4.44618E-01 5.11596E-01 5.89113E-01 6.04841E-01
 1.17490E+00 4.47088E-01 5.14351E-01 5.92200E-01 6.08091E-01
 1.18850E+00 4.49562E-01 5.17111E-01 5.95290E-01 6.11341E-01
 1.20226E+00 4.52043E-01 5.19875E-01 5.98381E-01 6.14591E-01
 1.21619E+00 4.54528E-01 5.22644E-01 6.01473E-01 6.17841E-01
 1.23027E+00 4.57018E-01 5.25416E-01 6.04566E-01 6.21090E-01
 1.24451E+00 4.59512E-01 5.28193E-01 6.07660E-01 6.24338E-01
 1.25893E+00 4.62011E-01 5.30973E-01 6.10753E-01 6.27583E-01
 1.27350E+00 4.64514E-01 5.33756E-01 6.13846E-01 6.30826E-01
 1.28825E+00 4.67020E-01 5.36542E-01 6.16939E-01 6.34066E-01
 1.30317E+00 4.69530E-01 5.39331E-01 6.20030E-01 6.37302E-01
 1.31826E+00 4.72043E-01 5.42122E-01 6.23121E-01 6.40535E-01
 1.33352E+00 4.74559E-01 5.44915E-01 6.26209E-01 6.43763E-01
 1.34896E+00 4.77078E-01 5.47709E-01 6.29296E-01 6.46986E-01
 1.36458E+00 4.79599E-01 5.50505E-01 6.32380E-01 6.50204E-01
 1.38038E+00 4.82123E-01 5.53302E-01 6.35461E-01 6.53416E-01
 1.39637E+00 4.84648E-01 5.56100E-01 6.38539E-01 6.56621E-01
 1.41254E+00 4.87175E-01 5.58899E-01 6.41614E-01 6.59820E-01
 1.42889E+00 4.89703E-01 5.61697E-01 6.44685E-01 6.63012E-01
 1.44544E+00 4.92232E-01 5.64496E-01 6.47752E-01 6.66197E-01
 1.46218E+00 4.94763E-01 5.67294E-01 6.50814E-01 6.69374E-01
 1.47911E+00 4.97293E-01 5.70091E-01 6.53872E-01 6.72542E-01
 1.49624E+00 4.99824E-01 5.72888E-01 6.56925E-01 6.75702E-01
 1.51356E+00 5.02355E-01 5.75683E-01 6.59972E-01 6.78853E-01
 1.53109E+00 5.04885E-01 5.78476E-01 6.63013E-01 6.81995E-01
 1.54882E+00 5.07415E-01 5.81268E-01 6.66048E-01 6.85127E-01
 1.56675E+00 5.09944E-01 5.84057E-01 6.69077E-01 6.88249E-01
 1.58489E+00 5.12472E-01 5.86843E-01 6.72099E-01 6.91361E-01
 1.60325E+00 5.14999E-01 5.89627E-01 6.75114E-01 6.94462E-01
 1.62181E+00 5.17523E-01 5.92408E-01 6.78121E-01 6.97553E-01
 1.64059E+00 5.20046E-01 5.95185E-01 6.81121E-01 7.00632E-01
 1.65959E+00 5.22567E-01 5.97959E-01 6.84113E-01 7.03700E-01
 1.67880E+00 5.25085E-01 6.00728E-01 6.87096E-01 7.06756E-01
 1.69824E+00 5.27600E-01 6.03493E-01 6.90071E-01 7.09800E-01
 1.71791E+00 5.30112E-01 6.06254E-01 6.93037E-01 7.12832E-01
 1.73780E+00 5.32621E-01 6.09009E-01 6.95993E-01 7.15851E-01
 1.75792E+00 5.35126E-01 6.11759E-01 6.98940E-01 7.18857E-01
 1.77828E+00 5.37627E-01 6.14504E-01 7.01877E-01 7.21850E-01
 1.79887E+00 5.40124E-01 6.17243E-01 7.04804E-01 7.24830E-01
 1.81970E+00 5.42617E-01 6.19976E-01 7.07721E-01 7.27796E-01
 1.84077E+00 5.45104E-01 6.22702E-01 7.10626E-01 7.30748E-01
 1.86209E+00 5.47587E-01 6.25422E-01 7.13521E-01 7.33686E-01
 1.88365E+00 5.50065E-01 6.28135E-01 7.16405E-01 7.36610E-01
 1.90546E+00 5.52537E-01 6.30840E-01 7.19277E-01 7.39519E-01
 1.92752E+00 5.55003E-01 6.33538E-01 7.22137E-01 7.42413E-01
 1.94984E+00 5.57463E-01 6.36228E-01 7.24985E-01 7.45293E-01
 1.97242E+00 5.59917E-01 6.38910E-01 7.27821E-01 7.48157E-01
 1.99526E+00 5.62364E-01 6.41584E-01 7.30644E-01 7.51005E-01
 2.01837E+00 5.64805E-01 6.44249E-01 7.33454E-01 7.53838E-01
 2.04174E+00 5.67238E-01 6.46905E-01 7.36252E-01 7.56655E-01
 2.06538E+00 5.69664E-01 6.49552E-01 7.39036E-01 7.59456E-01
 2.08930E+00 5.72082E-01 6.52190E-01 7.41806E-01 7.62241E-01
 2.11349E+00 5.74492E-01 6.54818E-01 7.44563E-01 7.65009E-01
 2.13796E+00 5.76895E-01 6.57436E-01 7.47305E-01 7.67761E-01
 2.16272E+00 5.79289E-01 6.60044E-01 7.50034E-01 7.70496E-01
 2.18776E+00 5.81674E-01 6.62642E-01 7.52747E-01 7.73214E-01
 2.21309E+00 5.84051E-01 6.65229E-01 7.55447E-01 7.75914E-01
 2.23872E+00 5.86418E-01 6.67805E-01 7.58131E-01 7.78598E-01
 2.26464E+00 5.88776E-01 6.70370E-01 7.60800E-01 7.81264E-01
 2.29087E+00 5.91125E-01 6.72924E-01 7.63454E-01 7.83912E-01
 2.31739E+00 5.93463E-01 6.75465E-01 7.66092E-01 7.86542E-01
 2.34423E+00 5.95792E-01 6.77996E-01 7.68715E-01 7.89155E-01
 2.37137E+00 5.98111E-01 6.80514E-01 7.71322E-01 7.91750E-01
 2.39883E+00 6.00419E-01 6.83020E-01 7.73912E-01 7.94326E-01
 2.42661E+00 6.02716E-01 6.85513E-01 7.76487E-01 7.96884E-01
 2.45471E+00 6.05003E-01 6.87994E-01 7.79045E-01 7.99424E-01
 2.48313E+00 6.07278E-01 6.90462E-01 7.81586E-01 8.01945E-01
 2.51189E+00 6.09543E-01 6.92917E-01 7.84111E-01 8.04447E-01
 2.54097E+00 6.11795E-01 6.95359E-01 7.86619E-01 8.06930E-01
 2.57040E+00 6.14036E-01 6.97787E-01 7.89110E-01 8.09395E-01
 2.60016E+00 6.16266E-01 7.00202E-01 7.91584E-01 8.11841E-01
 2.63027E+00 6.18483E-01 7.02602E-01 7.94040E-01 8.14267E-01
 2.66073E+00 6.20688E-01 7.04989E-01 7.96479E-01 8.16675E-01
 2.69153E+00 6.22880E-01 7.07362E-01 7.98901E-01 8.19063E-01
 2.72270E+00 6.25060E-01 7.09720E-01 8.01304E-01 8.21431E-01
 2.75423E+00 6.27227E-01 7.12064E-01 8.03690E-01 8.23781E-01
 2.78612E+00 6.29381E-01 7.14393E-01 8.06058E-01 8.26110E-01
 2.81838E+00 6.31521E-01 7.16707E-01 8.08408E-01 8.28421E-01
 2.85102E+00 6.33649E-01 7.19006E-01 8.10740E-01 8.30711E-01
 2.88403E+00 6.35763E-01 7.21290E-01 8.13054E-01 8.32982E-01
 2.91743E+00 6.37863E-01 7.23559E-01 8.15349E-01 8.35233E-01
 2.95121E+00 6.39950E-01 7.25812E-01 8.17626E-01 8.37464E-01
 2.98538E+00 6.42022E-01 7.28050E-01 8.19885E-01 8.39676E-01
 3.01995E+00 6.44081E-01 7.30272E-01 8.22125E-01 8.41867E-01
 3.05492E+00 6.46125E-01 7.32478E-01 8.24346E-01 8.44039E-01
 3.09030E+00 6.48156E-01 7.34669E-01 8.26548E-01 8.46191E-01
 3.12608E+00 6.50171E-01 7.36843E-01 8.28732E-01 8.48323E-01
 3.16228E+00 6.52172E-01 7.39001E-01 8.30897E-01 8.50434E-01
 3.19890E+00 6.54158E-01 7.41143E-01 8.33044E-01 8.52526E-01
 3.23594E+00 6.56129E-01 7.43269E-01 8.35171E-01 8.54598E-01
 3.27341E+00 6.58086E-01 7.45377E-01 8.37279E-01 8.56650E-01
 3.31131E+00 6.60027E-01 7.47470E-01 8.39369E-01 8.58681E-01
 3.34965E+00 6.61953E-01 7.49546E-01 8.41439E-01 8.60693E-01
 3.38844E+00 6.63863E-01 7.51605E-01 8.43491E-01 8.62685E-01
 3.42768E+00 6.65759E-01 7.53647E-01 8.45523E-01 8.64657E-01
 3.46737E+00 6.67638E-01 7.55672E-01 8.47536E-01 8.66608E-01
 3.50752E+00 6.69503E-01 7.57680E-01 8.49531E-01 8.68540E-01
 3.54813E+00 6.71351E-01 7.59671E-01 8.51506E-01 8.70452E-01
 3.58922E+00 6.73184E-01 7.61645E-01 8.53462E-01 8.72343E-01
 3.63078E+00 6.75001E-01 7.63602E-01 8.55399E-01 8.74215E-01
 3.67282E+00 6.76801E-01 7.65542E-01 8.57317E-01 8.76067E-01
 3.71535E+00 6.78586E-01 7.67464E-01 8.59216E-01 8.77900E-01
 3.75837E+00 6.80355E-01 7.69369E-01 8.61096E-01 8.79712E-01
 3.80189E+00 6.82108E-01 7.71256E-01 8.62957E-01 8.81505E-01
 3.84592E+00 6.83844E-01 7.73126E-01 8.64798E-01 8.83278E-01
 3.89045E+00 6.85565E-01 7.74979E-01 8.66621E-01 8.85031E-01
 3.93550E+00 6.87269E-01 7.76814E-01 8.68425E-01 8.86765E-01
 3.98107E+00 6.88956E-01 7.78631E-01 8.70210E-01 8.88480E-01
 4.02717E+00 6.90628E-01 7.80431E-01 8.71977E-01 8.90175E-01
 4.07380E+00 6.92282E-01 7.82214E-01 8.73724E-01 8.91850E-01
 4.12098E+00 6.93921E-01 7.83978E-01 8.75453E-01 8.93506E-01
 4.16869E+00 6.95543E-01 7.85725E-01 8.77162E-01 8.95143E-01
 4.21697E+00 6.97148E-01 7.87455E-01 8.78854E-01 8.96761E-01
 4.26580E+00 6.98737E-01 7.89166E-01 8.80526E-01 8.98360E-01
 4.31519E+00 7.00309E-01 7.90860E-01 8.82180E-01 8.99940E-01
 4.36516E+00 7.01865E-01 7.92537E-01 8.83816E-01 9.01501E-01
 4.41570E+00 7.03404E-01 7.94196E-01 8.85433E-01 9.03043E-01
 4.46684E+00 7.04927E-01 7.95837E-01 8.87031E-01 9.04566E-01
 4.51856E+00 7.06433E-01 7.97460E-01 8.88612E-01 9.06071E-01
 4.57088E+00 7.07922E-01 7.99066E-01 8.90174E-01 9.07557E-01
 4.62381E+00 7.09395E-01 8.00654E-01 8.91718E-01 9.09025E-01
 4.67735E+00 7.10852E-01 8.02225E-01 8.93244E-01 9.10474E-01
 4.73151E+00 7.12291E-01 8.03778E-01 8.94752E-01 9.11905E-01
 4.78630E+00 7.13715E-01 8.05314E-01 8.96243E-01 9.13318E-01
 4.84172E+00 7.15121E-01 8.06832E-01 8.97715E-01 9.14714E-01
 4.89779E+00 7.16512E-01 8.08333E-01 8.99170E-01 9.16091E-01
 4.95450E+00 7.17885E-01 8.09816E-01 9.00607E-01 9.17450E-01
 5.01187E+00 7.19243E-01 8.11281E-01 9.02026E-01 9.18792E-01
 5.06991E+00 7.20584E-01 8.12730E-01 9.03428E-01 9.20116E-01
 5.12861E+00 7.21908E-01 8.14161E-01 9.04813E-01 9.21423E-01
 5.18800E+00 7.23217E-01 8.15575E-01 9.06181E-01 9.22713E-01
 5.24807E+00 7.24509E-01 8.16972E-01 9.07531E-01 9.23985E-01
 5.30884E+00 7.25785E-01 8.18351E-01 9.08864E-01 9.25240E-01
 5.37032E+00 7.27044E-01 8.19714E-01 9.10181E-01 9.26479E-01
 5.43250E+00 7.28288E-01 8.21060E-01 9.11481E-01 9.27701E-01
 5.49541E+00 7.29515E-01 8.22388E-01 9.12764E-01 9.28906E-01
 5.55904E+00 7.30727E-01 8.23700E-01 9.14030E-01 9.30094E-01
 5.62341E+00 7.31923E-01 8.24995E-01 9.15280E-01 9.31266E-01
 5.68853E+00 7.33102E-01 8.26273E-01 9.16514E-01 9.32422E-01
 5.75440E+00 7.34266E-01 8.27535E-01 9.17731E-01 9.33562E-01
 5.82103E+00 7.35415E-01 8.28780E-01 9.18932E-01 9.34685E-01
 5.88844E+00 7.36548E-01 8.30008E-01 9.20118E-01 9.35793E-01
 5.95662E+00 7.37665E-01 8.31221E-01 9.21287E-01 9.36885E-01
 6.02560E+00 7.38767E-01 8.32416E-01 9.22441E-01 9.37962E-01
 6.09537E+00 7.39853E-01 8.33596E-01 9.23579E-01 9.39023E-01
 6.16595E+00 7.40924E-01 8.34760E-01 9.24701E-01 9.40069E-01
 6.23735E+00 7.41980E-01 8.35907E-01 9.25808E-01 9.41100E-01
 6.30957E+00 7.43021E-01 8.37039E-01 9.26900E-01 9.42116E-01
 6.38263E+00 7.44047E-01 8.38154E-01 9.27977E-01 9.43117E-01
 6.45654E+00 7.45059E-01 8.39254E-01 9.29039E-01 9.44103E-01
 6.53131E+00 7.46055E-01 8.40339E-01 9.30086E-01 9.45075E-01
 6.60693E+00 7.47037E-01 8.41408E-01 9.31118E-01 9.46032E-01
 6.68344E+00 7.48004E-01 8.42461E-01 9.32135E-01 9.46975E-01
 6.76083E+00 7.48957E-01 8.43499E-01 9.33138E-01 9.47904E-01
 6.83912E+00 7.49895E-01 8.44522E-01 9.34127E-01 9.48819E-01
 6.91831E+00 7.50819E-01 8.45530E-01 9.35102E-01 9.49720E-01
 6.99842E+00 7.51730E-01 8.46523E-01 9.36062E-01 9.50608E-01
 7.07946E+00 7.52626E-01 8.47502E-01 9.37008E-01 9.51482E-01
 7.16143E+00 7.53508E-01 8.48465E-01 9.37941E-01 9.52343E-01
 7.24436E+00 7.54377E-01 8.49414E-01 9.38860E-01 9.53190E-01
 7.32825E+00 7.55232E-01 8.50349E-01 9.39765E-01 9.54024E-01
 7.41310E+00 7.56074E-01 8.51269E-01 9.40657E-01 9.54845E-01
 7.49894E+00 7.56902E-01 8.52175E-01 9.41536E-01 9.55654E-01
 7.58578E+00 7.57717E-01 8.53067E-01 9.42401E-01 9.56450E-01
 7.67361E+00 7.58519E-01 8.53945E-01 9.43254E-01 9.57233E-01
 7.76247E+00 7.59308E-01 8.54809E-01 9.44093E-01 9.58004E-01
 7.85236E+00 7.60084E-01 8.55660E-01 9.44920E-01 9.58763E-01
 7.94328E+00 7.60848E-01 8.56497E-01 9.45734E-01 9.59510E-01
 8.03526E+00 7.61599E-01 8.57321E-01 9.46536E-01 9.60245E-01
 8.12831E+00 7.62337E-01 8.58131E-01 9.47325E-01 9.60968E-01
 8.22243E+00 7.63064E-01 8.58928E-01 9.48102E-01 9.61679E-01
 8.31764E+00 7.63778E-01 8.59713E-01 9.48867E-01 9.62379E-01
 8.41395E+00 7.64480E-01 8.60484E-01 9.49620E-01 9.63068E-01
 8.51138E+00 7.65170E-01 8.61243E-01 9.50362E-01 9.63745E-01
 8.60994E+00 7.65849E-01 8.61989E-01 9.51091E-01 9.64412E-01
 8.70964E+00 7.66516E-01 8.62723E-01 9.51809E-01 9.65067E-01
 8.81049E+00 7.67171E-01 8.63444E-01 9.52516E-01 9.65712E-01
 8.91251E+00 7.67816E-01 8.64154E-01 9.53212E-01 9.66346E-01
 9.01571E+00 7.68449E-01 8.64851E-01 9.53896E-01 9.66970E-01
 9.12011E+00 7.69071E-01 8.65536E-01 9.54569E-01 9.67583E-01
 9.22571E+00 7.69682E-01 8.66210E-01 9.55231E-01 9.68186E-01
 9.33254E+00 7.70283E-01 8.66873E-01 9.55883E-01 9.68779E-01
 9.44061E+00 7.70873E-01 8.67523E-01 9.56524E-01 9.69362E-01
 9.54993E+00 7.71452E-01 8.68163E-01 9.57154E-01 9.69935E-01
 9.66051E+00 7.72021E-01 8.68791E-01 9.57774E-01 9.70498E-01
 9.77237E+00 7.72580E-01 8.69409E-01 9.58384E-01 9.71052E-01
 9.88553E+00 7.73129E-01 8.70015E-01 9.58984E-01 9.71597E-01
 1.00000E+01 7.73668E-01 8.70611E-01 9.59574E-01 9.72132E-01
 1.01158E+01 7.74198E-01 8.71197E-01 9.60154E-01 9.72658E-01
 1.02329E+01 7.74717E-01 8.71772E-01 9.60724E-01 9.73175E-01
 1.03514E+01 7.75228E-01 8.72336E-01 9.61285E-01 9.73684E-01
 1.04713E+01 7.75729E-01 8.72891E-01 9.61836E-01 9.74183E-01
 1.05925E+01 7.76220E-01 8.73435E-01 9.62378E-01 9.74674E-01
 1.07152E+01 7.76703E-01 8.73970E-01 9.62910E-01 9.75156E-01
 1.08393E+01 7.77177E-01 8.74495E-01 9.63434E-01 9.75630E-01
 1.09648E+01 7.77641E-01 8.75010E-01 9.63948E-01 9.76095E-01
 1.10917E+01 7.78098E-01 8.75516E-01 9.64454E-01 9.76553E-01
 1.12202E+01 7.78545E-01 8.76012E-01 9.64951E-01 9.77002E-01
 1.13501E+01 7.78985E-01 8.76500E-01 9.65439E-01 9.77444E-01
 1.14815E+01 7.79415E-01 8.76978E-01 9.65919E-01 9.77877E-01
 1.16145E+01 7.79838E-01 8.77448E-01 9.66391E-01 9.78303E-01
 1.17490E+01 7.80253E-01 8.77908E-01 9.66854E-01 9.78722E-01
 1.18850E+01 7.80660E-01 8.78360E-01 9.67309E-01 9.79133E-01
 1.20226E+01 7.81059E-01 8.78804E-01 9.67756E-01 9.79537E-01
 1.21619E+01 7.81451E-01 8.79239E-01 9.68195E-01 9.79933E-01
 1.23027E+01 7.81835E-01 8.79666E-01 9.68626E-01 9.80322E-01
 1.24451E+01 7.82211E-01 8.80085E-01 9.69050E-01 9.80705E-01
 1.25893E+01 7.82581E-01 8.80496E-01 9.69466E-01 9.81080E-01
 1.27350E+01 7.82943E-01 8.80899E-01 9.69875E-01 9.81449E-01
 1.28825E+01 7.83298E-01 8.81295E-01 9.70276E-01 9.81811E-01
 1.30317E+01 7.83646E-01 8.81683E-01 9.70670E-01 9.82166E-01
 1.31826E+01 7.83988E-01 8.82063E-01 9.71057E-01 9.82515E-01
 1.33352E+01 7.84323E-01 8.82436E-01 9.71437E-01 9.82858E-01
 1.34896E+01 7.84651E-01 8.82802E-01 9.71810E-01 9.83194E-01
 1.36458E+01 7.84972E-01 8.83160E-01 9.72176E-01 9.83525E-01
 1.38038E+01 7.85288E-01 8.83512E-01 9.72535E-01 9.83849E-01
 1.39637E+01 7.85597E-01 8.83857E-01 9.72888E-01 9.84167E-01
 1.41254E+01 7.85900E-01 8.84195E-01 9.73234E-01 9.84479E-01
 1.42889E+01 7.86197E-01 8.84526E-01 9.73574E-01 9.84786E-01
 1.44544E+01 7.86488E-01 8.84851E-01 9.73907E-01 9.85086E-01
 1.46218E+01 7.86774E-01 8.85169E-01 9.74235E-01 9.85382E-01
 1.47911E+01 7.87053E-01 8.85482E-01 9.74556E-01 9.85671E-01
 1.49624E+01 7.87327E-01 8.85788E-01 9.74871E-01 9.85956E-01
 1.51356E+01 7.87596E-01 8.86087E-01 9.75180E-01 9.86235E-01
 1.53109E+01 7.87859E-01 8.86381E-01 9.75484E-01 9.86509E-01
 1.54882E+01 7.88117E-01 8.86669E-01 9.75782E-01 9.86777E-01
 1.56675E+01 7.88369E-01 8.86952E-01 9.76074E-01 9.87041E-01
 1.58489E+01 7.88617E-01 8.87228E-01 9.76360E-01 9.87300E-01
 1.60325E+01 7.88859E-01 8.87499E-01 9.76641E-01 9.87553E-01
 1.62181E+01 7.89097E-01 8.87765E-01 9.76917E-01 9.87802E-01
 1.64059E+01 7.89329E-01 8.88025E-01 9.77187E-01 9.88047E-01
 1.65959E+01 7.89557E-01 8.88280E-01 9.77453E-01 9.88286E-01
 1.67880E+01 7.89780E-01 8.88530E-01 9.77713E-01 9.88521E-01
 1.69824E+01 7.89999E-01 8.88775E-01 9.77968E-01 9.88752E-01
 1.71791E+01 7.90213E-01 8.89014E-01 9.78218E-01 9.88978E-01
 1.73780E+01 7.90423E-01 8.89249E-01 9.78463E-01 9.89200E-01
 1.75792E+01 7.90629E-01 8.89479E-01 9.78704E-01 9.89418E-01
 1.77828E+01 7.90830E-01 8.89705E-01 9.78940E-01 9.89631E-01
 1.79887E+01 7.91027E-01 8.89925E-01 9.79171E-01 9.89840E-01
 1.81970E+01 7.91220E-01 8.90142E-01 9.79398E-01 9.90046E-01
 1.84077E+01 7.91409E-01 8.90353E-01 9.79620E-01 9.90247E-01
 1.86209E+01 7.91594E-01 8.90561E-01 9.79838E-01 9.90444E-01
 1.88365E+01 7.91776E-01 8.90764E-01 9.80052E-01 9.90638E-01
 1.90546E+01 7.91953E-01 8.90963E-01 9.80261E-01 9.90828E-01
 1.92752E+01 7.92127E-01 8.91157E-01 9.80466E-01 9.91014E-01
 1.94984E+01 7.92297E-01 8.91348E-01 9.80668E-01 9.91196E-01
 1.97242E+01 7.92464E-01 8.91535E-01 9.80865E-01 9.91375E-01
 1.99526E+01 7.92627E-01 8.91718E-01 9.81058E-01 9.91551E-01
 2.01837E+01 7.92787E-01 8.91897E-01 9.81248E-01 9.91723E-01
 2.04174E+01 7.92943E-01 8.92072E-01 9.81433E-01 9.91892E-01
 2.06538E+01 7.93096E-01 8.92244E-01 9.81615E-01 9.92057E-01
 2.08930E+01 7.93246E-01 8.92412E-01 9.81793E-01 9.92219E-01
 2.11349E+01 7.93393E-01 8.92577E-01 9.81968E-01 9.92378E-01
 2.13796E+01 7.93537E-01 8.92738E-01 9.82139E-01 9.92534E-01
 2.16272E+01 7.93677E-01 8.92895E-01 9.82307E-01 9.92687E-01
 2.18776E+01 7.93815E-01 8.93050E-01 9.82471E-01 9.92836E-01
 2.21309E+01 7.93950E-01 8.93201E-01 9.82632E-01 9.92983E-01
 2.23872E+01 7.94082E-01 8.93349E-01 9.82789E-01 9.93127E-01
 2.26464E+01 7.94211E-01 8.93494E-01 9.82944E-01 9.93268E-01
 2.29087E+01 7.94337E-01 8.93636E-01 9.83095E-01 9.93406E-01
 2.31739E+01 7.94461E-01 8.93774E-01 9.83243E-01 9.93542E-01
 2.34423E+01 7.94582E-01 8.93910E-01 9.83388E-01 9.93674E-01
 2.37137E+01 7.94700E-01 8.94043E-01 9.83530E-01 9.93804E-01
 2.39883E+01 7.94816E-01 8.94173E-01 9.83670E-01 9.93932E-01
 2.42661E+01 7.94930E-01 8.94301E-01 9.83806E-01 9.94057E-01
 2.45471E+01 7.95041E-01 8.94425E-01 9.83940E-01 9.94179E-01
 2.48313E+01 7.95149E-01 8.94547E-01 9.84070E-01 9.94299E-01
 2.51189E+01 7.95256E-01 8.94667E-01 9.84199E-01 9.94417E-01
 2.54097E+01 7.95360E-01 8.94784E-01 9.84324E-01 9.94532E-01
 2.57040E+01 7.95462E-01 8.94898E-01 9.84447E-01 9.94645E-01
 2.60016E+01 7.95561E-01 8.95010E-01 9.84567E-01 9.94755E-01
 2.63027E+01 7.95659E-01 8.95119E-01 9.84685E-01 9.94864E-01
 2.66073E+01 7.95754E-01 8.95227E-01 9.84800E-01 9.94970E-01
 2.69153E+01 7.95847E-01 8.95331E-01 9.84913E-01 9.95074E-01
 2.72270E+01 7.95939E-01 8.95434E-01 9.85023E-01 9.95176E-01
 2.75423E+01 7.96028E-01 8.95535E-01 9.85132E-01 9.95275E-01
 2.78612E+01 7.96116E-01 8.95633E-01 9.85238E-01 9.95373E-01
 2.81838E+01 7.96201E-01 8.95729E-01 9.85341E-01 9.95469E-01
 2.85102E+01 7.96285E-01 8.95823E-01 9.85443E-01 9.95563E-01
 2.88403E+01 7.96367E-01 8.95915E-01 9.85542E-01 9.95655E-01
 2.91743E+01 7.96447E-01 8.96005E-01 9.85640E-01 9.95745E-01
 2.95121E+01 7.96525E-01 8.96093E-01 9.85735E-01 9.95833E-01
 2.98538E+01 7.96602E-01 8.96179E-01 9.85828E-01 9.95920E-01
 3.01995E+01 7.96677E-01 8.96264E-01 9.85919E-01 9.96004E-01
 3.05492E+01 7.96751E-01 8.96346E-01 9.86009E-01 9.96087E-01
 3.09030E+01 7.96823E-01 8.96427E-01 9.86096E-01 9.96168E-01
 3.12608E+01 7.96893E-01 8.96506E-01 9.86182E-01 9.96248E-01
 3.16228E+01 7.96962E-01 8.96583E-01 9.86265E-01 9.96326E-01
 3.19890E+01 7.97029E-01 8.96659E-01 9.86347E-01 9.96402E-01
 3.23594E+01 7.97095E-01 8.96733E-01 9.86427E-01 9.96477E-01
 3.27341E+01 7.97159E-01 8.96805E-01 9.86506E-01 9.96550E-01
 3.31131E+01 7.97222E-01 8.96876E-01 9.86583E-01 9.96621E-01
 3.34965E+01 7.97283E-01 8.96945E-01 9.86658E-01 9.96692E-01
 3.38844E+01 7.97344E-01 8.97013E-01 9.86731E-01 9.96760E-01
 3.42768E+01 7.97403E-01 8.97079E-01 9.86803E-01 9.96828E-01
 3.46737E+01 7.97460E-01 8.97144E-01 9.86874E-01 9.96894E-01
 3.50752E+01 7.97517E-01 8.97207E-01 9.86943E-01 9.96958E-01
 3.54813E+01 7.97572E-01 8.97269E-01 9.87010E-01 9.97021E-01
 3.58922E+01 7.97626E-01 8.97330E-01 9.87076E-01 9.97083E-01
 3.63078E+01 7.97678E-01 8.97389E-01 9.87141E-01 9.97144E-01
 3.67282E+01 7.97730E-01 8.97447E-01 9.87204E-01 9.97203E-01
 3.71535E+01 7.97781E-01 8.97504E-01 9.87266E-01 9.97261E-01
 3.75837E+01 7.97830E-01 8.97559E-01 9.87326E-01 9.97318E-01
 3.80189E+01 7.97878E-01 8.97614E-01 9.87385E-01 9.97374E-01
 3.84592E+01 7.97925E-01 8.97667E-01 9.87443E-01 9.97428E-01
 3.89045E+01 7.97972E-01 8.97719E-01 9.87500E-01 9.97481E-01
 3.93550E+01 7.98017E-01 8.97769E-01 9.87555E-01 9.97534E-01
 3.98107E+01 7.98061E-01 8.97819E-01 9.87609E-01 9.97585E-01
 4.02717E+01 7.98104E-01 8.97868E-01 9.87662E-01 9.97635E-01
 4.07380E+01 7.98146E-01 8.97915E-01 9.87714E-01 9.97684E-01
 4.12098E+01 7.98188E-01 8.97962E-01 9.87765E-01 9.97732E-01
 4.16869E+01 7.98228E-01 8.98007E-01 9.87814E-01 9.97779E-01
 4.21697E+01 7.98268E-01 8.98051E-01 9.87863E-01 9.97825E-01
 4.26580E+01 7.98306E-01 8.98095E-01 9.87910E-01 9.97870E-01
 4.31519E+01 7.98344E-01 8.98137E-01 9.87957E-01 9.97914E-01
 4.36516E+01 7.98381E-01 8.98179E-01 9.88002E-01 9.97957E-01
 4.41570E+01 7.98417E-01 8.98220E-01 9.88047E-01 9.97999E-01
 4.46684E+01 7.98453E-01 8.98259E-01 9.88090E-01 9.98041E-01
 4.51856E+01 7.98487E-01 8.98298E-01 9.88133E-01 9.98081E-01
 4.57088E+01 7.98521E-01 8.98336E-01 9.88174E-01 9.98121E-01
 4.62381E+01 7.98554E-01 8.98373E-01 9.88215E-01 9.98159E-01
 4.67735E+01 7.98586E-01 8.98410E-01 9.88255E-01 9.98197E-01
 4.73151E+01 7.98618E-01 8.98445E-01 9.88294E-01 9.98234E-01
 4.78630E+01 7.98649E-01 8.98480E-01 9.88332E-01 9.98271E-01
 4.84172E+01 7.98679E-01 8.98514E-01 9.88369E-01 9.98306E-01
 4.89779E+01 7.98709E-01 8.98547E-01 9.88405E-01 9.98341E-01
 4.95450E+01 7.98737E-01 8.98580E-01 9.88441E-01 9.98375E-01
 5.01187E+01 7.98766E-01 8.98612E-01 9.88476E-01 9.98408E-01
 5.06991E+01 7.98793E-01 8.98643E-01 9.88510E-01 9.98441E-01
 5.12861E+01 7.98820E-01 8.98673E-01 9.88543E-01 9.98473E-01
 5.18800E+01 7.98847E-01 8.98703E-01 9.88575E-01 9.98504E-01
 5.24807E+01 7.98873E-01 8.98732E-01 9.88607E-01 9.98535E-01
 5.30884E+01 7.98898E-01 8.98760E-01 9.88638E-01 9.98565E-01
 5.37032E+01 7.98923E-01 8.98788E-01 9.88669E-01 9.98594E-01
 5.43250E+01 7.98947E-01 8.98815E-01 9.88699E-01 9.98623E-01
 5.49541E+01 7.98970E-01 8.98842E-01 9.88728E-01 9.98651E-01
 5.55904E+01 7.98993E-01 8.98868E-01 9.88756E-01 9.98678E-01
 5.62341E+01 7.99016E-01 8.98893E-01 9.88784E-01 9.98705E-01
 5.68853E+01 7.99038E-01 8.98918E-01 9.88811E-01 9.98731E-01
 5.75440E+01 7.99060E-01 8.98942E-01 9.88838E-01 9.98757E-01
 5.82103E+01 7.99081E-01 8.98966E-01 9.88864E-01 9.98782E-01
 5.88844E+01 7.99101E-01 8.98989E-01 9.88889E-01 9.98806E-01
 5.95662E+01 7.99122E-01 8.99012E-01 9.88914E-01 9.98831E-01
 6.02560E+01 7.99141E-01 8.99034E-01 9.88939E-01 9.98854E-01
 6.09537E+01 7.99161E-01 8.99056E-01 9.88962E-01 9.98877E-01
 6.16595E+01 7.99179E-01 8.99077E-01 9.88986E-01 9.98900E-01
 6.23735E+01 7.99198E-01 8.99098E-01 9.89008E-01 9.98922E-01
 6.30957E+01 7.99216E-01 8.99118E-01 9.89031E-01 9.98943E-01
 6.38263E+01 7.99234E-01 8.99138E-01 9.89052E-01 9.98964E-01
 6.45654E+01 7.99251E-01 8.99157E-01 9.89074E-01 9.98985E-01
 6.53131E+01 7.99268E-01 8.99176E-01 9.89095E-01 9.99005E-01
 6.60693E+01 7.99284E-01 8.99195E-01 9.89115E-01 9.99025E-01
 6.68344E+01 7.99300E-01 8.99213E-01 9.89135E-01 9.99044E-01
 6.76083E+01 7.99316E-01 8.99230E-01 9.89154E-01 9.99063E-01
 6.83912E+01 7.99331E-01 8.99248E-01 9.89173E-01 9.99082E-01
 6.91831E+01 7.99346E-01 8.99265E-01 9.89192E-01 9.99100E-01
 6.99842E+01 7.99361E-01 8.99281E-01 9.89210E-01 9.99118E-01
 7.07946E+01 7.99375E-01 8.99297E-01 9.89228E-01 9.99135E-01
 7.16143E+01 7.99389E-01 8.99313E-01 9.89245E-01 9.99152E-01
 7.24436E+01 7.99403E-01 8.99329E-01 9.89262E-01 9.99168E-01
 7.32825E+01 7.99417E-01 8.99344E-01 9.89279E-01 9.99185E-01
 7.41310E+01 7.99430E-01 8.99359E-01 9.89295E-01 9.99200E-01
 7.49894E+01 7.99443E-01 8.99373E-01 9.89311E-01 9.99216E-01
 7.58578E+01 7.99455E-01 8.99387E-01 9.89326E-01 9.99231E-01
 7.67361E+01 7.99467E-01 8.99401E-01 9.89341E-01 9.99246E-01
 7.76247E+01 7.99479E-01 8.99414E-01 9.89356E-01 9.99261E-01
 7.85236E+01 7.99491E-01 8.99428E-01 9.89371E-01 9.99275E-01
 7.94328E+01 7.99503E-01 8.99441E-01 9.89385E-01 9.99289E-01
 8.03526E+01 7.99514E-01 8.99453E-01 9.89399E-01 9.99302E-01
 8.12831E+01 7.99525E-01 8.99465E-01 9.89412E-01 9.99316E-01
 8.22243E+01 7.99536E-01 8.99477E-01 9.89425E-01 9.99328E-01
 8.31764E+01 7.99546E-01 8.99489E-01 9.89438E-01 9.99341E-01
 8.41395E+01 7.99556E-01 8.99501E-01 9.89451E-01 9.99354E-01
 8.51138E+01 7.99566E-01 8.99512E-01 9.89463E-01 9.99366E-01
 8.60994E+01 7.99576E-01 8.99523E-01 9.89476E-01 9.99378E-01
 8.70964E+01 7.99586E-01 8.99534E-01 9.89487E-01 9.99389E-01
 8.81049E+01 7.99595E-01 8.99544E-01 9.89499E-01 9.99401E-01
 8.91251E+01 7.99604E-01 8.99555E-01 9.89510E-01 9.99412E-01
 9.01571E+01 7.99613E-01 8.99565E-01 9.89521E-01 9.99423E-01
 9.12011E+01 7.99622E-01 8.99574E-01 9.89532E-01 9.99433E-01
 9.22571E+01 7.99630E-01 8.99584E-01 9.89543E-01 9.99444E-01
 9.33254E+01 7.99639E-01 8.99593E-01 9.89553E-01 9.99454E-01
 9.44061E+01 7.99647E-01 8.99603E-01 9.89563E-01 9.99464E-01
 9.54993E+01 7.99655E-01 8.99612E-01 9.89573E-01 9.99474E-01
 9.66051E+01 7.99663E-01 8.99620E-01 9.89583E-01 9.99483E-01
 9.77237E+01 7.99670E-01 8.99629E-01 9.89592E-01 9.99492E-01
 9.88553E+01 7.99678E-01 8.99637E-01 9.89601E-01 9.99502E-01
 1.00000E+02 7.99685E-01 8.99646E-01 9.89610E-01 9.99510E-01
