 1.00000E-02 1.67569E-01 1.95280E-01 2.23270E-01 2.26554E-01
 2.00000E-02 1.68989E-01 1.97078E-01 2.25288E-01 2.28592E-01
 3.00000E-02 1.70508E-01 1.98851E-01 2.27410E-01 2.30819E-01
 4.00000E-02 1.72125E-01 2.00801E-01 2.29746E-01 2.33161E-01
 5.00000E-02 1.73839E-01 2.02851E-01 2.32169E-01 2.35650E-01
 6.00000E-02 1.75680E-01 2.05022E-01 2.34727E-01 2.38261E-01
 7.00000E-02 1.77621E-01 2.07317E-01 2.37419E-01 2.40998E-01
 8.00000E-02 1.79671E-01 2.09717E-01 2.40234E-01 2.43873E-01
 9.00000E-02 1.81827E-01 2.12240E-01 2.43167E-01 2.46862E-01
 1.00000E-01 1.84086E-01 2.14869E-01 2.46224E-01 2.49977E-01
 1.10000E-01 1.86440E-01 2.17602E-01 2.49393E-01 2.53204E-01
 1.20000E-01 1.88887E-01 2.20435E-01 2.52669E-01 2.56539E-01
 1.30000E-01 1.91422E-01 2.23363E-01 2.56046E-01 2.59978E-01
 1.40000E-01 1.94043E-01 2.26382E-01 2.59522E-01 2.63517E-01
 1.50000E-01 1.96741E-01 2.29485E-01 2.63088E-01 2.67147E-01
 1.60000E-01 1.99512E-01 2.32665E-01 2.66740E-01 2.70862E-01
 1.70000E-01 2.02350E-01 2.35918E-01 2.70469E-01 2.74657E-01
 1.80000E-01 2.05251E-01 2.39238E-01 2.74270E-01 2.78525E-01
 1.90000E-01 2.08208E-01 2.42620E-01 2.78136E-01 2.82459E-01
 2.00000E-01 2.11217E-01 2.46055E-01 2.82063E-01 2.86456E-01
 2.10000E-01 2.14271E-01 2.49539E-01 2.86044E-01 2.90507E-01
 2.20000E-01 2.17368E-01 2.53069E-01 2.90073E-01 2.94607E-01
 2.30000E-01 2.20500E-01 2.56636E-01 2.94144E-01 2.98751E-01
 2.40000E-01 2.23664E-01 2.60237E-01 2.98252E-01 3.02934E-01
 2.50000E-01 2.26855E-01 2.63866E-01 3.02393E-01 3.07150E-01
 2.60000E-01 2.30070E-01 2.67521E-01 3.06562E-01 3.11394E-01
 2.70000E-01 2.33303E-01 2.71195E-01 3.10752E-01 3.15663E-01
 2.80000E-01 2.36552E-01 2.74886E-01 3.14962E-01 3.19951E-01
 2.90000E-01 2.39813E-01 2.78589E-01 3.19186E-01 3.24255E-01
 3.00000E-01 2.43084E-01 2.82301E-01 3.23421E-01 3.28571E-01
 3.10000E-01 2.46360E-01 2.86019E-01 3.27664E-01 3.32896E-01
 3.20000E-01 2.49640E-01 2.89740E-01 3.31911E-01 3.37225E-01
 3.30000E-01 2.52921E-01 2.93461E-01 3.36158E-01 3.41558E-01
 3.40000E-01 2.56200E-01 2.97180E-01 3.40404E-01 3.45889E-01
 3.50000E-01 2.59477E-01 3.00894E-01 3.44646E-01 3.50218E-01
 3.60000E-01 2.62747E-01 3.04601E-01 3.48881E-01 3.54541E-01
 3.70000E-01 2.66011E-01 3.08299E-01 3.53107E-01 3.58856E-01
 3.80000E-01 2.69266E-01 3.11987E-01 3.57322E-01 3.63162E-01
 3.90000E-01 2.72511E-01 3.15663E-01 3.61525E-01 3.67456E-01
 4.00000E-01 2.75745E-01 3.19325E-01 3.65713E-01 3.71738E-01
 4.10000E-01 2.78966E-01 3.22972E-01 3.69885E-01 3.76004E-01
 4.20000E-01 2.82173E-01 3.26602E-01 3.74040E-01 3.80254E-01
 4.30000E-01 2.85366E-01 3.30216E-01 3.78176E-01 3.84487E-01
 4.40000E-01 2.88543E-01 3.33812E-01 3.82292E-01 3.88701E-01
 4.50000E-01 2.91704E-01 3.37388E-01 3.86387E-01 3.92896E-01
 4.60000E-01 2.94848E-01 3.40944E-01 3.90460E-01 3.97070E-01
 4.70000E-01 2.97974E-01 3.44479E-01 3.94510E-01 4.01222E-01
 4.80000E-01 3.01082E-01 3.47994E-01 3.98536E-01 4.05352E-01
 4.90000E-01 3.04172E-01 3.51486E-01 4.02538E-01 4.09458E-01
 5.00000E-01 3.07242E-01 3.54957E-01 4.06515E-01 4.13541E-01
 5.10000E-01 3.10293E-01 3.58404E-01 4.10466E-01 4.17600E-01
 5.20000E-01 3.13323E-01 3.61828E-01 4.14390E-01 4.21633E-01
 5.30000E-01 3.16334E-01 3.65229E-01 4.18288E-01 4.25641E-01
 5.40000E-01 3.19324E-01 3.68606E-01 4.22159E-01 4.29624E-01
 5.50000E-01 3.22294E-01 3.71958E-01 4.26002E-01 4.33580E-01
 5.60000E-01 3.25242E-01 3.75287E-01 4.29817E-01 4.37510E-01
 5.70000E-01 3.28170E-01 3.78591E-01 4.33604E-01 4.41413E-01
 5.80000E-01 3.31077E-01 3.81870E-01 4.37363E-01 4.45288E-01
 5.90000E-01 3.33962E-01 3.85125E-01 4.41093E-01 4.49137E-01
 6.00000E-01 3.36827E-01 3.88356E-01 4.44794E-01 4.52958E-01
 6.10000E-01 3.39670E-01 3.91561E-01 4.48466E-01 4.56751E-01
 6.20000E-01 3.42491E-01 3.94742E-01 4.52110E-01 4.60516E-01
 6.30000E-01 3.45292E-01 3.97897E-01 4.55723E-01 4.64254E-01
 6.40000E-01 3.48071E-01 4.01028E-01 4.59308E-01 4.67964E-01
 6.50000E-01 3.50828E-01 4.04135E-01 4.62863E-01 4.71645E-01
 6.60000E-01 3.53565E-01 4.07216E-01 4.66389E-01 4.75299E-01
 6.70000E-01 3.56280E-01 4.10273E-01 4.69886E-01 4.78924E-01
 6.80000E-01 3.58974E-01 4.13305E-01 4.73354E-01 4.82521E-01
 6.90000E-01 3.61646E-01 4.16313E-01 4.76792E-01 4.86090E-01
 7.00000E-01 3.64298E-01 4.19297E-01 4.80201E-01 4.89631E-01
 7.10000E-01 3.66929E-01 4.22256E-01 4.83581E-01 4.93144E-01
 7.20000E-01 3.69539E-01 4.25190E-01 4.86932E-01 4.96629E-01
 7.30000E-01 3.72128E-01 4.28101E-01 4.90254E-01 5.00086E-01
 7.40000E-01 3.74697E-01 4.30988E-01 4.93547E-01 5.03514E-01
 7.50000E-01 3.77245E-01 4.33852E-01 4.96811E-01 5.06915E-01
 7.60000E-01 3.79773E-01 4.36691E-01 5.00047E-01 5.10289E-01
 7.70000E-01 3.82281E-01 4.39507E-01 5.03254E-01 5.13634E-01
 7.80000E-01 3.84768E-01 4.42300E-01 5.06434E-01 5.16953E-01
 7.90000E-01 3.87235E-01 4.45070E-01 5.09585E-01 5.20243E-01
 8.00000E-01 3.89683E-01 4.47817E-01 5.12708E-01 5.23506E-01
 8.10000E-01 3.92111E-01 4.50541E-01 5.15804E-01 5.26742E-01
 8.20000E-01 3.94519E-01 4.53242E-01 5.18872E-01 5.29951E-01
 8.30000E-01 3.96908E-01 4.55921E-01 5.21913E-01 5.33133E-01
 8.40000E-01 3.99277E-01 4.58577E-01 5.24926E-01 5.36288E-01
 8.50000E-01 4.01627E-01 4.61212E-01 5.27913E-01 5.39417E-01
 8.60000E-01 4.03959E-01 4.63824E-01 5.30872E-01 5.42518E-01
 8.70000E-01 4.06271E-01 4.66415E-01 5.33806E-01 5.45594E-01
 8.80000E-01 4.08565E-01 4.68985E-01 5.36713E-01 5.48643E-01
 8.90000E-01 4.10841E-01 4.71533E-01 5.39594E-01 5.51665E-01
 9.00000E-01 4.13098E-01 4.74059E-01 5.42449E-01 5.54662E-01
 9.10000E-01 4.15336E-01 4.76565E-01 5.45278E-01 5.57633E-01
 9.20000E-01 4.17557E-01 4.79050E-01 5.48082E-01 5.60578E-01
 9.30000E-01 4.19760E-01 4.81514E-01 5.50861E-01 5.63498E-01
 9.40000E-01 4.21945E-01 4.83959E-01 5.53615E-01 5.66392E-01
 9.50000E-01 4.24113E-01 4.86382E-01 5.56344E-01 5.69261E-01
 9.60000E-01 4.26263E-01 4.88786E-01 5.59048E-01 5.72105E-01
 9.70000E-01 4.28395E-01 4.91170E-01 5.61729E-01 5.74923E-01
 9.80000E-01 4.30511E-01 4.93534E-01 5.64385E-01 5.77718E-01
 9.90000E-01 4.32610E-01 4.95878E-01 5.67018E-01 5.80487E-01
 1.00000E+00 4.34692E-01 4.98204E-01 5.69626E-01 5.83232E-01
 1.01158E+00 4.37082E-01 5.00872E-01 5.72618E-01 5.86380E-01
 1.02329E+00 4.39477E-01 5.03546E-01 5.75613E-01 5.89531E-01
 1.03514E+00 4.41877E-01 5.06225E-01 5.78611E-01 5.92685E-01
 1.04713E+00 4.44282E-01 5.08908E-01 5.81612E-01 5.95842E-01
 1.05925E+00 4.46691E-01 5.11596E-01 5.84614E-01 5.99001E-01
 1.07152E+00 4.49105E-01 5.14287E-01 5.87619E-01 6.02161E-01
 1.08393E+00 4.51523E-01 5.16983E-01 5.90625E-01 6.05322E-01
 1.09648E+00 4.53945E-01 5.19682E-01 5.93633E-01 6.08484E-01
 1.10917E+00 4.56370E-01 5.22384E-01 5.96641E-01 6.11645E-01
 1.12202E+00 4.58799E-01 5.25090E-01 5.99650E-01 6.14806E-01
 1.13501E+00 4.61231E-01 5.27798E-01 6.02660E-01 6.17966E-01
 1.14815E+00 4.63666E-01 5.30509E-01 6.05669E-01 6.21125E-01
 1.16145E+00 4.66104E-01 5.33222E-01 6.08678E-01 6.24281E-01
 1.17490E+00 4.68544E-01 5.35937E-01 6.11687E-01 6.27435E-01
 1.18850E+00 4.70987E-01 5.38655E-01 6.14694E-01 6.30586E-01
 1.20226E+00 4.73432E-01 5.41373E-01 6.17701E-01 6.33733E-01
 1.21619E+00 4.75878E-01 5.44093E-01 6.20706E-01 6.36876E-01
 1.23027E+00 4.78326E-01 5.46814E-01 6.23709E-01 6.40015E-01
 1.24451E+00 4.80776E-01 5.49535E-01 6.26710E-01 6.43150E-01
 1.25893E+00 4.83226E-01 5.52257E-01 6.29708E-01 6.46279E-01
 1.27350E+00 4.85678E-01 5.54979E-01 6.32704E-01 6.49402E-01
 1.28825E+00 4.88130E-01 5.57702E-01 6.35697E-01 6.52520E-01
 1.30317E+00 4.90582E-01 5.60423E-01 6.38686E-01 6.55631E-01
 1.31826E+00 4.93035E-01 5.63145E-01 6.41672E-01 6.58736E-01
 1.33352E+00 4.95488E-01 5.65865E-01 6.44654E-01 6.61834E-01
 1.34896E+00 4.97940E-01 5.68584E-01 6.47631E-01 6.64924E-01
 1.36458E+00 5.00392E-01 5.71302E-01 6.50604E-01 6.68007E-01
 1.38038E+00 5.02843E-01 5.74018E-01 6.53572E-01 6.71081E-01
 1.39637E+00 5.05293E-01 5.76732E-01 6.56535E-01 6.74147E-01
 1.41254E+00 5.07741E-01 5.79444E-01 6.59493E-01 6.77205E-01
 1.42889E+00 5.10188E-01 5.82153E-01 6.62444E-01 6.80254E-01
 1.44544E+00 5.12634E-01 5.84860E-01 6.65390E-01 6.83294E-01
 1.46218E+00 5.15077E-01 5.87564E-01 6.68330E-01 6.86324E-01
 1.47911E+00 5.17519E-01 5.90265E-01 6.71263E-01 6.89344E-01
 1.49624E+00 5.19957E-01 5.92962E-01 6.74189E-01 6.92355E-01
 1.51356E+00 5.22393E-01 5.95655E-01 6.77108E-01 6.95355E-01
 1.53109E+00 5.24826E-01 5.98344E-01 6.80020E-01 6.98345E-01
 1.54882E+00 5.27256E-01 6.01028E-01 6.82924E-01 7.01323E-01
 1.56675E+00 5.29683E-01 6.03709E-01 6.85820E-01 7.04291E-01
 1.58489E+00 5.32106E-01 6.06384E-01 6.88708E-01 7.07248E-01
 1.60325E+00 5.34525E-01 6.09054E-01 6.91587E-01 7.10193E-01
 1.62181E+00 5.36939E-01 6.11719E-01 6.94458E-01 7.13126E-01
 1.64059E+00 5.39350E-01 6.14379E-01 6.97320E-01 7.16047E-01
 1.65959E+00 5.41756E-01 6.17032E-01 7.00173E-01 7.18956E-01
 1.67880E+00 5.44157E-01 6.19680E-01 7.03016E-01 7.21852E-01
 1.69824E+00 5.46553E-01 6.22321E-01 7.05849E-01 7.24736E-01
 1.71791E+00 5.48943E-01 6.24955E-01 7.08672E-01 7.27607E-01
 1.73780E+00 5.51328E-01 6.27583E-01 7.11486E-01 7.30465E-01
 1.75792E+00 5.53708E-01 6.30203E-01 7.14288E-01 7.33309E-01
 1.77828E+00 5.56081E-01 6.32816E-01 7.17080E-01 7.36140E-01
 1.79887E+00 5.58448E-01 6.35422E-01 7.19861E-01 7.38957E-01
 1.81970E+00 5.60809E-01 6.38019E-01 7.22631E-01 7.41760E-01
 1.84077E+00 5.63163E-01 6.40609E-01 7.25389E-01 7.44550E-01
 1.86209E+00 5.65511E-01 6.43190E-01 7.28136E-01 7.47324E-01
 1.88365E+00 5.67851E-01 6.45763E-01 7.30871E-01 7.50085E-01
 1.90546E+00 5.70184E-01 6.48327E-01 7.33594E-01 7.52830E-01
 1.92752E+00 5.72509E-01 6.50883E-01 7.36305E-01 7.55561E-01
 1.94984E+00 5.74827E-01 6.53428E-01 7.39003E-01 7.58277E-01
 1.97242E+00 5.77137E-01 6.55965E-01 7.41688E-01 7.60978E-01
 1.99526E+00 5.79438E-01 6.58492E-01 7.44361E-01 7.63663E-01
 2.01837E+00 5.81732E-01 6.61009E-01 7.47020E-01 7.66333E-01
 2.04174E+00 5.84016E-01 6.63516E-01 7.49666E-01 7.68987E-01
 2.06538E+00 5.86292E-01 6.66012E-01 7.52299E-01 7.71626E-01
 2.08930E+00 5.88559E-01 6.68498E-01 7.54918E-01 7.74248E-01
 2.11349E+00 5.90817E-01 6.70974E-01 7.57523E-01 7.76854E-01
 2.13796E+00 5.93066E-01 6.73438E-01 7.60114E-01 7.79444E-01
 2.16272E+00 5.95305E-01 6.75892E-01 7.62690E-01 7.82018E-01
 2.18776E+00 5.97534E-01 6.78334E-01 7.65253E-01 7.84575E-01
 2.21309E+00 5.99754E-01 6.80764E-01 7.67800E-01 7.87116E-01
 2.23872E+00 6.01963E-01 6.83183E-01 7.70333E-01 7.89639E-01
 2.26464E+00 6.04162E-01 6.85590E-01 7.72852E-01 7.92146E-01
 2.29087E+00 6.06351E-01 6.87985E-01 7.75355E-01 7.94636E-01
 2.31739E+00 6.08529E-01 6.90368E-01 7.77842E-01 7.97109E-01
 2.34423E+00 6.10696E-01 6.92739E-01 7.80315E-01 7.99564E-01
 2.37137E+00 6.12852E-01 6.95096E-01 7.82772E-01 8.02002E-01
 2.39883E+00 6.14997E-01 6.97442E-01 7.85213E-01 8.04423E-01
 2.42661E+00 6.17131E-01 6.99774E-01 7.87639E-01 8.06826E-01
 2.45471E+00 6.19253E-01 7.02093E-01 7.90048E-01 8.09212E-01
 2.48313E+00 6.21364E-01 7.04399E-01 7.92442E-01 8.11580E-01
 2.51189E+00 6.23463E-01 7.06692E-01 7.94819E-01 8.13930E-01
 2.54097E+00 6.25550E-01 7.08971E-01 7.97180E-01 8.16262E-01
 2.57040E+00 6.27625E-01 7.11236E-01 7.99525E-01 8.18577E-01
 2.60016E+00 6.29688E-01 7.13488E-01 8.01853E-01 8.20873E-01
 2.63027E+00 6.31738E-01 7.15725E-01 8.04165E-01 8.23151E-01
 2.66073E+00 6.33776E-01 7.17949E-01 8.06460E-01 8.25412E-01
 2.69153E+00 6.35801E-01 7.20158E-01 8.08738E-01 8.27654E-01
 2.72270E+00 6.37814E-01 7.22353E-01 8.10999E-01 8.29877E-01
 2.75423E+00 6.39813E-01 7.24534E-01 8.13243E-01 8.32083E-01
 2.78612E+00 6.41800E-01 7.26700E-01 8.15470E-01 8.34270E-01
 2.81838E+00 6.43774E-01 7.28851E-01 8.17680E-01 8.36439E-01
 2.85102E+00 6.45734E-01 7.30988E-01 8.19872E-01 8.38589E-01
 2.88403E+00 6.47681E-01 7.33109E-01 8.22048E-01 8.40721E-01
 2.91743E+00 6.49615E-01 7.35216E-01 8.24206E-01 8.42834E-01
 2.95121E+00 6.51535E-01 7.37307E-01 8.26346E-01 8.44929E-01
 2.98538E+00 6.53441E-01 7.39383E-01 8.28469E-01 8.47005E-01
 3.01995E+00 6.55334E-01 7.41444E-01 8.30575E-01 8.49063E-01
 3.05492E+00 6.57212E-01 7.43490E-01 8.32662E-01 8.51102E-01
 3.09030E+00 6.59077E-01 7.45520E-01 8.34732E-01 8.53122E-01
 3.12608E+00 6.60928E-01 7.47534E-01 8.36785E-01 8.55124E-01
 3.16228E+00 6.62764E-01 7.49533E-01 8.38820E-01 8.57107E-01
 3.19890E+00 6.64586E-01 7.51516E-01 8.40837E-01 8.59072E-01
 3.23594E+00 6.66394E-01 7.53483E-01 8.42836E-01 8.61018E-01
 3.27341E+00 6.68188E-01 7.55435E-01 8.44817E-01 8.62946E-01
 3.31131E+00 6.69967E-01 7.57371E-01 8.46781E-01 8.64855E-01
 3.34965E+00 6.71732E-01 7.59290E-01 8.48726E-01 8.66745E-01
 3.38844E+00 6.73482E-01 7.61194E-01 8.50654E-01 8.68617E-01
 3.42768E+00 6.75218E-01 7.63081E-01 8.52564E-01 8.70470E-01
 3.46737E+00 6.76938E-01 7.64953E-01 8.54456E-01 8.72305E-01
 3.50752E+00 6.78644E-01 7.66808E-01 8.56330E-01 8.74121E-01
 3.54813E+00 6.80336E-01 7.68647E-01 8.58186E-01 8.75919E-01
 3.58922E+00 6.82012E-01 7.70470E-01 8.60025E-01 8.77698E-01
 3.63078E+00 6.83674E-01 7.72277E-01 8.61845E-01 8.79459E-01
 3.67282E+00 6.85320E-01 7.74067E-01 8.63648E-01 8.81202E-01
 3.71535E+00 6.86952E-01 7.75841E-01 8.65433E-01 8.82926E-01
 3.75837E+00 6.88569E-01 7.77599E-01 8.67200E-01 8.84632E-01
 3.80189E+00 6.90170E-01 7.79340E-01 8.68949E-01 8.86320E-01
 3.84592E+00 6.91757E-01 7.81065E-01 8.70681E-01 8.87989E-01
 3.89045E+00 6.93329E-01 7.82774E-01 8.72394E-01 8.89641E-01
 3.93550E+00 6.94885E-01 7.84466E-01 8.74090E-01 8.91274E-01
 3.98107E+00 6.96426E-01 7.86141E-01 8.75769E-01 8.92890E-01
 4.02717E+00 6.97953E-01 7.87801E-01 8.77430E-01 8.94487E-01
 4.07380E+00 6.99464E-01 7.89444E-01 8.79073E-01 8.96067E-01
 4.12098E+00 7.00960E-01 7.91070E-01 8.80698E-01 8.97629E-01
 4.16869E+00 7.02441E-01 7.92681E-01 8.82307E-01 8.99173E-01
 4.21697E+00 7.03907E-01 7.94274E-01 8.83897E-01 9.00700E-01
 4.26580E+00 7.05357E-01 7.95852E-01 8.85471E-01 9.02209E-01
 4.31519E+00 7.06793E-01 7.97413E-01 8.87027E-01 9.03700E-01
 4.36516E+00 7.08213E-01 7.98958E-01 8.88566E-01 9.05174E-01
 4.41570E+00 7.09618E-01 8.00486E-01 8.90088E-01 9.06631E-01
 4.46684E+00 7.11009E-01 8.01998E-01 8.91592E-01 9.08070E-01
 4.51856E+00 7.12384E-01 8.03495E-01 8.93080E-01 9.09492E-01
 4.57088E+00 7.13744E-01 8.04974E-01 8.94550E-01 9.10898E-01
 4.62381E+00 7.15089E-01 8.06438E-01 8.96004E-01 9.12286E-01
 4.67735E+00 7.16419E-01 8.07885E-01 8.97441E-01 9.13657E-01
 4.73151E+00 7.17734E-01 8.09317E-01 8.98861E-01 9.15012E-01
 4.78630E+00 7.19034E-01 8.10732E-01 9.00264E-01 9.16350E-01
 4.84172E+00 7.20320E-01 8.12131E-01 9.01651E-01 9.17671E-01
 4.89779E+00 7.21590E-01 8.13515E-01 9.03022E-01 9.18976E-01
 4.95450E+00 7.22846E-01 8.14882E-01 9.04376E-01 9.20264E-01
 5.01187E+00 7.24087E-01 8.16234E-01 9.05714E-01 9.21536E-01
 5.06991E+00 7.25313E-01 8.17569E-01 9.07035E-01 9.22792E-01
 5.12861E+00 7.26524E-01 8.18889E-01 9.08341E-01 9.24032E-01
 5.18800E+00 7.27721E-01 8.20194E-01 9.09630E-01 9.25255E-01
 5.24807E+00 7.28904E-01 8.21483E-01 9.10904E-01 9.26463E-01
 5.30884E+00 7.30071E-01 8.22756E-01 9.12161E-01 9.27656E-01
 5.37032E+00 7.31225E-01 8.24013E-01 9.13403E-01 9.28832E-01
 5.43250E+00 7.32364E-01 8.25256E-01 9.14630E-01 9.29993E-01
 5.49541E+00 7.33489E-01 8.26483E-01 9.15840E-01 9.31139E-01
 5.55904E+00 7.34599E-01 8.27694E-01 9.17036E-01 9.32270E-01
 5.62341E+00 7.35695E-01 8.28891E-01 9.18216E-01 9.33385E-01
 5.68853E+00 7.36778E-01 8.30072E-01 9.19381E-01 9.34485E-01
 5.75440E+00 7.37846E-01 8.31238E-01 9.20531E-01 9.35570E-01
 5.82103E+00 7.38900E-01 8.32390E-01 9.21666E-01 9.36641E-01
 5.88844E+00 7.39940E-01 8.33526E-01 9.22786E-01 9.37697E-01
 5.95662E+00 7.40967E-01 8.34648E-01 9.23891E-01 9.38738E-01
 6.02560E+00 7.41979E-01 8.35755E-01 9.24981E-01 9.39765E-01
 6.09537E+00 7.42978E-01 8.36847E-01 9.26058E-01 9.40777E-01
 6.16595E+00 7.43964E-01 8.37925E-01 9.27119E-01 9.41776E-01
 6.23735E+00 7.44936E-01 8.38988E-01 9.28167E-01 9.42760E-01
 6.30957E+00 7.45895E-01 8.40037E-01 9.29200E-01 9.43731E-01
 6.38263E+00 7.46840E-01 8.41072E-01 9.30219E-01 9.44687E-01
 6.45654E+00 7.47773E-01 8.42092E-01 9.31224E-01 9.45630E-01
 6.53131E+00 7.48692E-01 8.43099E-01 9.32216E-01 9.46560E-01
 6.60693E+00 7.49598E-01 8.44091E-01 9.33194E-01 9.47475E-01
 6.68344E+00 7.50491E-01 8.45070E-01 9.34158E-01 9.48378E-01
 6.76083E+00 7.51372E-01 8.46035E-01 9.35109E-01 9.49268E-01
 6.83912E+00 7.52239E-01 8.46987E-01 9.36046E-01 9.50144E-01
 6.91831E+00 7.53094E-01 8.47924E-01 9.36970E-01 9.51008E-01
 6.99842E+00 7.53937E-01 8.48849E-01 9.37881E-01 9.51859E-01
 7.07946E+00 7.54767E-01 8.49760E-01 9.38780E-01 9.52697E-01
 7.16143E+00 7.55585E-01 8.50658E-01 9.39665E-01 9.53523E-01
 7.24436E+00 7.56391E-01 8.51542E-01 9.40538E-01 9.54336E-01
 7.32825E+00 7.57184E-01 8.52414E-01 9.41398E-01 9.55137E-01
 7.41310E+00 7.57966E-01 8.53273E-01 9.42245E-01 9.55926E-01
 7.49894E+00 7.58736E-01 8.54119E-01 9.43080E-01 9.56704E-01
 7.58578E+00 7.59494E-01 8.54953E-01 9.43903E-01 9.57469E-01
 7.67361E+00 7.60240E-01 8.55774E-01 9.44714E-01 9.58222E-01
 7.76247E+00 7.60975E-01 8.56582E-01 9.45513E-01 9.58964E-01
 7.85236E+00 7.61699E-01 8.57378E-01 9.46300E-01 9.59695E-01
 7.94328E+00 7.62411E-01 8.58162E-01 9.47075E-01 9.60414E-01
 8.03526E+00 7.63112E-01 8.58934E-01 9.47839E-01 9.61122E-01
 8.12831E+00 7.63801E-01 8.59694E-01 9.48591E-01 9.61819E-01
 8.22243E+00 7.64480E-01 8.60442E-01 9.49332E-01 9.62505E-01
 8.31764E+00 7.65148E-01 8.61179E-01 9.50062E-01 9.63180E-01
 8.41395E+00 7.65806E-01 8.61903E-01 9.50780E-01 9.63844E-01
 8.51138E+00 7.66452E-01 8.62617E-01 9.51488E-01 9.64498E-01
 8.60994E+00 7.67088E-01 8.63319E-01 9.52184E-01 9.65142E-01
 8.70964E+00 7.67714E-01 8.64009E-01 9.52870E-01 9.65775E-01
 8.81049E+00 7.68330E-01 8.64689E-01 9.53545E-01 9.66398E-01
 8.91251E+00 7.68935E-01 8.65358E-01 9.54210E-01 9.67011E-01
 9.01571E+00 7.69530E-01 8.66015E-01 9.54864E-01 9.67614E-01
 9.12011E+00 7.70116E-01 8.66662E-01 9.55508E-01 9.68208E-01
 9.22571E+00 7.70691E-01 8.67299E-01 9.56142E-01 9.68791E-01
 9.33254E+00 7.71257E-01 8.67924E-01 9.56766E-01 9.69365E-01
 9.44061E+00 7.71814E-01 8.68540E-01 9.57380E-01 9.69930E-01
 9.54993E+00 7.72360E-01 8.69145E-01 9.57984E-01 9.70486E-01
 9.66051E+00 7.72898E-01 8.69740E-01 9.58579E-01 9.71032E-01
 9.77237E+00 7.73426E-01 8.70325E-01 9.59163E-01 9.71569E-01
 9.88553E+00 7.73946E-01 8.70900E-01 9.59739E-01 9.72097E-01
 1.00000E+01 7.74456E-01 8.71466E-01 9.60305E-01 9.72617E-01
 1.01158E+01 7.74957E-01 8.72021E-01 9.60862E-01 9.73127E-01
 1.02329E+01 7.75450E-01 8.72568E-01 9.61410E-01 9.73630E-01
 1.03514E+01 7.75934E-01 8.73105E-01 9.61948E-01 9.74123E-01
 1.04713E+01 7.76410E-01 8.73632E-01 9.62478E-01 9.74609E-01
 1.05925E+01 7.76877E-01 8.74150E-01 9.63000E-01 9.75086E-01
 1.07152E+01 7.77336E-01 8.74660E-01 9.63512E-01 9.75555E-01
 1.08393E+01 7.77787E-01 8.75160E-01 9.64016E-01 9.76016E-01
 1.09648E+01 7.78229E-01 8.75652E-01 9.64512E-01 9.76469E-01
 1.10917E+01 7.78664E-01 8.76135E-01 9.64999E-01 9.76914E-01
 1.12202E+01 7.79091E-01 8.76609E-01 9.65478E-01 9.77352E-01
 1.13501E+01 7.79510E-01 8.77075E-01 9.65949E-01 9.77782E-01
 1.14815E+01 7.79922E-01 8.77532E-01 9.66412E-01 9.78204E-01
 1.16145E+01 7.80326E-01 8.77982E-01 9.66867E-01 9.78620E-01
 1.17490E+01 7.80722E-01 8.78423E-01 9.67314E-01 9.79028E-01
 1.18850E+01 7.81112E-01 8.78856E-01 9.67753E-01 9.79429E-01
 1.20226E+01 7.81494E-01 8.79281E-01 9.68185E-01 9.79823E-01
 1.21619E+01 7.81869E-01 8.79699E-01 9.68610E-01 9.80210E-01
 1.23027E+01 7.82238E-01 8.80109E-01 9.69027E-01 9.80590E-01
 1.24451E+01 7.82599E-01 8.80512E-01 9.69437E-01 9.80963E-01
 1.25893E+01 7.82954E-01 8.80907E-01 9.69840E-01 9.81330E-01
 1.27350E+01 7.83302E-01 8.81294E-01 9.70235E-01 9.81690E-01
 1.28825E+01 7.83643E-01 8.81675E-01 9.70624E-01 9.82044E-01
 1.30317E+01 7.83978E-01 8.82048E-01 9.71006E-01 9.82392E-01
 1.31826E+01 7.84307E-01 8.82415E-01 9.71381E-01 9.82733E-01
 1.33352E+01 7.84630E-01 8.82775E-01 9.71750E-01 9.83069E-01
 1.34896E+01 7.84946E-01 8.83127E-01 9.72112E-01 9.83398E-01
 1.36458E+01 7.85256E-01 8.83474E-01 9.72467E-01 9.83721E-01
 1.38038E+01 7.85561E-01 8.83813E-01 9.72816E-01 9.84038E-01
 1.39637E+01 7.85859E-01 8.84147E-01 9.73159E-01 9.84350E-01
 1.41254E+01 7.86152E-01 8.84473E-01 9.73495E-01 9.84656E-01
 1.42889E+01 7.86439E-01 8.84794E-01 9.73826E-01 9.84957E-01
 1.44544E+01 7.86721E-01 8.85109E-01 9.74150E-01 9.85252E-01
 1.46218E+01 7.86997E-01 8.85417E-01 9.74469E-01 9.85541E-01
 1.47911E+01 7.87268E-01 8.85720E-01 9.74782E-01 9.85825E-01
 1.49624E+01 7.87533E-01 8.86016E-01 9.75089E-01 9.86104E-01
 1.51356E+01 7.87794E-01 8.86307E-01 9.75390E-01 9.86378E-01
 1.53109E+01 7.88049E-01 8.86592E-01 9.75686E-01 9.86647E-01
 1.54882E+01 7.88299E-01 8.86872E-01 9.75976E-01 9.86911E-01
 1.56675E+01 7.88545E-01 8.87147E-01 9.76261E-01 9.87170E-01
 1.58489E+01 7.88785E-01 8.87415E-01 9.76541E-01 9.87424E-01
 1.60325E+01 7.89021E-01 8.87679E-01 9.76815E-01 9.87673E-01
 1.62181E+01 7.89252E-01 8.87938E-01 9.77084E-01 9.87918E-01
 1.64059E+01 7.89478E-01 8.88191E-01 9.77348E-01 9.88158E-01
 1.65959E+01 7.89700E-01 8.88439E-01 9.77608E-01 9.88394E-01
 1.67880E+01 7.89918E-01 8.88683E-01 9.77862E-01 9.88625E-01
 1.69824E+01 7.90131E-01 8.88921E-01 9.78111E-01 9.88852E-01
 1.71791E+01 7.90340E-01 8.89155E-01 9.78356E-01 9.89075E-01
 1.73780E+01 7.90545E-01 8.89384E-01 9.78596E-01 9.89293E-01
 1.75792E+01 7.90745E-01 8.89609E-01 9.78832E-01 9.89507E-01
 1.77828E+01 7.90942E-01 8.89829E-01 9.79063E-01 9.89718E-01
 1.79887E+01 7.91134E-01 8.90045E-01 9.79289E-01 9.89924E-01
 1.81970E+01 7.91323E-01 8.90256E-01 9.79512E-01 9.90126E-01
 1.84077E+01 7.91508E-01 8.90463E-01 9.79730E-01 9.90325E-01
 1.86209E+01 7.91689E-01 8.90666E-01 9.79943E-01 9.90519E-01
 1.88365E+01 7.91867E-01 8.90865E-01 9.80153E-01 9.90710E-01
 1.90546E+01 7.92040E-01 8.91060E-01 9.80358E-01 9.90897E-01
 1.92752E+01 7.92211E-01 8.91251E-01 9.80560E-01 9.91081E-01
 1.94984E+01 7.92377E-01 8.91438E-01 9.80757E-01 9.91261E-01
 1.97242E+01 7.92541E-01 8.91621E-01 9.80951E-01 9.91438E-01
 1.99526E+01 7.92701E-01 8.91800E-01 9.81141E-01 9.91611E-01
 2.01837E+01 7.92857E-01 8.91976E-01 9.81327E-01 9.91781E-01
 2.04174E+01 7.93011E-01 8.92148E-01 9.81510E-01 9.91947E-01
 2.06538E+01 7.93161E-01 8.92316E-01 9.81688E-01 9.92111E-01
 2.08930E+01 7.93308E-01 8.92482E-01 9.81864E-01 9.92271E-01
 2.11349E+01 7.93453E-01 8.92643E-01 9.82036E-01 9.92428E-01
 2.13796E+01 7.93594E-01 8.92802E-01 9.82204E-01 9.92582E-01
 2.16272E+01 7.93732E-01 8.92957E-01 9.82369E-01 9.92733E-01
 2.18776E+01 7.93867E-01 8.93109E-01 9.82531E-01 9.92881E-01
 2.21309E+01 7.94000E-01 8.93257E-01 9.82689E-01 9.93026E-01
 2.23872E+01 7.94130E-01 8.93403E-01 9.82845E-01 9.93168E-01
 2.26464E+01 7.94257E-01 8.93545E-01 9.82997E-01 9.93307E-01
 2.29087E+01 7.94381E-01 8.93685E-01 9.83146E-01 9.93444E-01
 2.31739E+01 7.94503E-01 8.93822E-01 9.83292E-01 9.93578E-01
 2.34423E+01 7.94622E-01 8.93956E-01 9.83435E-01 9.93710E-01
 2.37137E+01 7.94739E-01 8.94087E-01 9.83576E-01 9.93838E-01
 2.39883E+01 7.94853E-01 8.94215E-01 9.83713E-01 9.93964E-01
 2.42661E+01 7.94965E-01 8.94341E-01 9.83848E-01 9.94088E-01
 2.45471E+01 7.95075E-01 8.94464E-01 9.83979E-01 9.94209E-01
 2.48313E+01 7.95182E-01 8.94584E-01 9.84109E-01 9.94328E-01
 2.51189E+01 7.95287E-01 8.94702E-01 9.84235E-01 9.94445E-01
 2.54097E+01 7.95390E-01 8.94817E-01 9.84359E-01 9.94559E-01
 2.57040E+01 7.95490E-01 8.94930E-01 9.84480E-01 9.94671E-01
 2.60016E+01 7.95589E-01 8.95041E-01 9.84599E-01 9.94780E-01
 2.63027E+01 7.95685E-01 8.95149E-01 9.84716E-01 9.94888E-01
 2.66073E+01 7.95779E-01 8.95255E-01 9.84830E-01 9.94993E-01
 2.69153E+01 7.95872E-01 8.95359E-01 9.84941E-01 9.95096E-01
 2.72270E+01 7.95962E-01 8.95460E-01 9.85051E-01 9.95197E-01
 2.75423E+01 7.96050E-01 8.95559E-01 9.85158E-01 9.95296E-01
 2.78612E+01 7.96137E-01 8.95657E-01 9.85263E-01 9.95393E-01
 2.81838E+01 7.96222E-01 8.95752E-01 9.85365E-01 9.95488E-01
 2.85102E+01 7.96304E-01 8.95845E-01 9.85466E-01 9.95581E-01
 2.88403E+01 7.96386E-01 8.95936E-01 9.85564E-01 9.95672E-01
 2.91743E+01 7.96465E-01 8.96025E-01 9.85661E-01 9.95762E-01
 2.95121E+01 7.96543E-01 8.96112E-01 9.85755E-01 9.95849E-01
 2.98538E+01 7.96619E-01 8.96198E-01 9.85847E-01 9.95935E-01
 3.01995E+01 7.96693E-01 8.96281E-01 9.85938E-01 9.96019E-01
 3.05492E+01 7.96766E-01 8.96363E-01 9.86026E-01 9.96101E-01
 3.09030E+01 7.96837E-01 8.96443E-01 9.86113E-01 9.96182E-01
 3.12608E+01 7.96906E-01 8.96521E-01 9.86198E-01 9.96261E-01
 3.16228E+01 7.96975E-01 8.96598E-01 9.86281E-01 9.96338E-01
 3.19890E+01 7.97041E-01 8.96673E-01 9.86362E-01 9.96414E-01
 3.23594E+01 7.97107E-01 8.96746E-01 9.86442E-01 9.96488E-01
 3.27341E+01 7.97170E-01 8.96818E-01 9.86520E-01 9.96561E-01
 3.31131E+01 7.97233E-01 8.96888E-01 9.86596E-01 9.96632E-01
 3.34965E+01 7.97294E-01 8.96957E-01 9.86670E-01 9.96702E-01
 3.38844E+01 7.97354E-01 8.97024E-01 9.86743E-01 9.96770E-01
 3.42768E+01 7.97412E-01 8.97090E-01 9.86815E-01 9.96837E-01
 3.46737E+01 7.97469E-01 8.97154E-01 9.86885E-01 9.96903E-01
 3.50752E+01 7.97525E-01 8.97217E-01 9.86953E-01 9.96967E-01
 3.54813E+01 7.97580E-01 8.97279E-01 9.87020E-01 9.97030E-01
 3.58922E+01 7.97634E-01 8.97339E-01 9.87086E-01 9.97091E-01
 3.63078E+01 7.97686E-01 8.97398E-01 9.87150E-01 9.97151E-01
 3.67282E+01 7.97737E-01 8.97455E-01 9.87213E-01 9.97210E-01
 3.71535E+01 7.97788E-01 8.97512E-01 9.87274E-01 9.97268E-01
 3.75837E+01 7.97837E-01 8.97567E-01 9.87334E-01 9.97325E-01
 3.80189E+01 7.97885E-01 8.97621E-01 9.87393E-01 9.97380E-01
 3.84592E+01 7.97932E-01 8.97674E-01 9.87451E-01 9.97434E-01
 3.89045E+01 7.97977E-01 8.97725E-01 9.87507E-01 9.97488E-01
 3.93550E+01 7.98022E-01 8.97776E-01 9.87562E-01 9.97540E-01
 3.98107E+01 7.98066E-01 8.97825E-01 9.87616E-01 9.97590E-01
 4.02717E+01 7.98109E-01 8.97873E-01 9.87669E-01 9.97640E-01
 4.07380E+01 7.98151E-01 8.97921E-01 9.87720E-01 9.97689E-01
 4.12098E+01 7.98192E-01 8.97967E-01 9.87771E-01 9.97737E-01
 4.16869E+01 7.98233E-01 8.98012E-01 9.87820E-01 9.97784E-01
 4.21697E+01 7.98272E-01 8.98056E-01 9.87868E-01 9.97829E-01
 4.26580E+01 7.98310E-01 8.98100E-01 9.87915E-01 9.97874E-01
 4.31519E+01 7.98348E-01 8.98142E-01 9.87962E-01 9.97918E-01
 4.36516E+01 7.98385E-01 8.98183E-01 9.88007E-01 9.97961E-01
 4.41570E+01 7.98421E-01 8.98224E-01 9.88051E-01 9.98003E-01
 4.46684E+01 7.98456E-01 8.98263E-01 9.88094E-01 9.98044E-01
 4.51856E+01 7.98490E-01 8.98302E-01 9.88137E-01 9.98085E-01
 4.57088E+01 7.98524E-01 8.98340E-01 9.88178E-01 9.98124E-01
 4.62381E+01 7.98557E-01 8.98377E-01 9.88219E-01 9.98163E-01
 4.67735E+01 7.98589E-01 8.98413E-01 9.88258E-01 9.98200E-01
 4.73151E+01 7.98621E-01 8.98448E-01 9.88297E-01 9.98237E-01
 4.78630E+01 7.98651E-01 8.98483E-01 9.88335E-01 9.98274E-01
 4.84172E+01 7.98682E-01 8.98517E-01 9.88372E-01 9.98309E-01
 4.89779E+01 7.98711E-01 8.98550E-01 9.88408E-01 9.98344E-01
 4.95450E+01 7.98740E-01 8.98582E-01 9.88444E-01 9.98378E-01
 5.01187E+01 7.98768E-01 8.98614E-01 9.88478E-01 9.98411E-01
 5.06991E+01 7.98795E-01 8.98645E-01 9.88512E-01 9.98443E-01
 5.12861E+01 7.98822E-01 8.98675E-01 9.88545E-01 9.98475E-01
 5.18800E+01 7.98849E-01 8.98705E-01 9.88578E-01 9.98506E-01
 5.24807E+01 7.98874E-01 8.98734E-01 9.88610E-01 9.98537E-01
 5.30884E+01 7.98900E-01 8.98762E-01 9.88641E-01 9.98567E-01
 5.37032E+01 7.98924E-01 8.98790E-01 9.88671E-01 9.98596E-01
 5.43250E+01 7.98948E-01 8.98817E-01 9.88701E-01 9.98624E-01
 5.49541E+01 7.98972E-01 8.98844E-01 9.88730E-01 9.98652E-01
 5.55904E+01 7.98995E-01 8.98869E-01 9.88758E-01 9.98680E-01
 5.62341E+01 7.99017E-01 8.98895E-01 9.88786E-01 9.98706E-01
 5.68853E+01 7.99039E-01 8.98919E-01 9.88813E-01 9.98733E-01
 5.75440E+01 7.99061E-01 8.98944E-01 9.88840E-01 9.98758E-01
 5.82103E+01 7.99082E-01 8.98967E-01 9.88865E-01 9.98783E-01
 5.88844E+01 7.99103E-01 8.98991E-01 9.88891E-01 9.98808E-01
 5.95662E+01 7.99123E-01 8.99013E-01 9.88916E-01 9.98832E-01
 6.02560E+01 7.99142E-01 8.99035E-01 9.88940E-01 9.98855E-01
 6.09537E+01 7.99162E-01 8.99057E-01 9.88964E-01 9.98878E-01
 6.16595E+01 7.99180E-01 8.99078E-01 9.88987E-01 9.98901E-01
 6.23735E+01 7.99199E-01 8.99099E-01 9.89010E-01 9.98923E-01
 6.30957E+01 7.99217E-01 8.99119E-01 9.89032E-01 9.98944E-01
 6.38263E+01 7.99234E-01 8.99139E-01 9.89054E-01 9.98965E-01
 6.45654E+01 7.99252E-01 8.99158E-01 9.89075E-01 9.98986E-01
 6.53131E+01 7.99268E-01 8.99177E-01 9.89095E-01 9.99006E-01
 6.60693E+01 7.99285E-01 8.99195E-01 9.89116E-01 9.99026E-01
 6.68344E+01 7.99301E-01 8.99214E-01 9.89136E-01 9.99045E-01
 6.76083E+01 7.99317E-01 8.99231E-01 9.89155E-01 9.99064E-01
 6.83912E+01 7.99332E-01 8.99248E-01 9.89174E-01 9.99083E-01
 6.91831E+01 7.99347E-01 8.99265E-01 9.89193E-01 9.99101E-01
 6.99842E+01 7.99362E-01 8.99282E-01 9.89211E-01 9.99118E-01
 7.07946E+01 7.99376E-01 8.99298E-01 9.89228E-01 9.99136E-01
 7.16143E+01 7.99390E-01 8.99314E-01 9.89246E-01 9.99152E-01
 7.24436E+01 7.99404E-01 8.99329E-01 9.89263E-01 9.99169E-01
 7.32825E+01 7.99417E-01 8.99344E-01 9.89279E-01 9.99185E-01
 7.41310E+01 7.99430E-01 8.99359E-01 9.89295E-01 9.99201E-01
 7.49894E+01 7.99443E-01 8.99374E-01 9.89311E-01 9.99217E-01
 7.58578E+01 7.99456E-01 8.99388E-01 9.89327E-01 9.99232E-01
 7.67361E+01 7.99468E-01 8.99401E-01 9.89342E-01 9.99246E-01
 7.76247E+01 7.99480E-01 8.99415E-01 9.89357E-01 9.99261E-01
 7.85236E+01 7.99492E-01 8.99428E-01 9.89371E-01 9.99275E-01
 7.94328E+01 7.99503E-01 8.99441E-01 9.89385E-01 9.99289E-01
 8.03526E+01 7.99514E-01 8.99454E-01 9.89399E-01 9.99303E-01
 8.12831E+01 7.99525E-01 8.99466E-01 9.89413E-01 9.99316E-01
 8.22243E+01 7.99536E-01 8.99478E-01 9.89426E-01 9.99329E-01
 8.31764E+01 7.99546E-01 8.99490E-01 9.89439E-01 9.99342E-01
 8.41395E+01 7.99557E-01 8.99501E-01 9.89451E-01 9.99354E-01
 8.51138E+01 7.99567E-01 8.99512E-01 9.89464E-01 9.99366E-01
 8.60994E+01 7.99576E-01 8.99523E-01 9.89476E-01 9.99378E-01
 8.70964E+01 7.99586E-01 8.99534E-01 9.89488E-01 9.99390E-01
 8.81049E+01 7.99595E-01 8.99545E-01 9.89499E-01 9.99401E-01
 8.91251E+01 7.99604E-01 8.99555E-01 9.89511E-01 9.99412E-01
 9.01571E+01 7.99613E-01 8.99565E-01 9.89522E-01 9.99423E-01
 9.12011E+01 7.99622E-01 8.99575E-01 9.89532E-01 9.99434E-01
 9.22571E+01 7.99630E-01 8.99584E-01 9.89543E-01 9.99444E-01
 9.33254E+01 7.99639E-01 8.99594E-01 9.89553E-01 9.99454E-01
 9.44061E+01 7.99647E-01 8.99603E-01 9.89563E-01 9.99464E-01
 9.54993E+01 7.99655E-01 8.99612E-01 9.89573E-01 9.99474E-01
 9.66051E+01 7.99663E-01 8.99621E-01 9.89583E-01 9.99483E-01
 9.77237E+01 7.99670E-01 8.99629E-01 9.89592E-01 9.99493E-01
 9.88553E+01 7.99678E-01 8.99637E-01 9.89601E-01 9.99502E-01
 1.00000E+02 7.99685E-01 8.99646E-01 9.89610E-01 9.99511E-01
