 1.00000E-02 2.09080E-02 3.97311E-02 7.31399E-02 7.89940E-02
 2.00000E-02 2.29978E-02 4.41650E-02 8.34535E-02 9.06759E-02
 3.00000E-02 2.51639E-02 4.87231E-02 9.45488E-02 1.03821E-01
 4.00000E-02 2.73611E-02 5.33893E-02 1.06386E-01 1.18530E-01
 5.00000E-02 2.95924E-02 5.81236E-02 1.18776E-01 1.34934E-01
 6.00000E-02 3.18377E-02 6.28808E-02 1.31433E-01 1.53057E-01
 7.00000E-02 3.40900E-02 6.76371E-02 1.44122E-01 1.72162E-01
 8.00000E-02 3.63405E-02 7.23666E-02 1.56670E-01 1.91002E-01
 9.00000E-02 3.85823E-02 7.70558E-02 1.68982E-01 2.09158E-01
 1.00000E-01 4.08109E-02 8.16878E-02 1.80990E-01 2.26572E-01
 1.10000E-01 4.30228E-02 8.62577E-02 1.92666E-01 2.43259E-01
 1.20000E-01 4.52164E-02 9.07582E-02 2.04001E-01 2.59253E-01
 1.30000E-01 4.73893E-02 9.51876E-02 2.14996E-01 2.74588E-01
 1.40000E-01 4.95411E-02 9.95449E-02 2.25657E-01 2.89303E-01
 1.50000E-01 5.16704E-02 1.03830E-01 2.35992E-01 3.03439E-01
 1.60000E-01 5.37774E-02 1.08042E-01 2.46015E-01 3.17028E-01
 1.70000E-01 5.58622E-02 1.12183E-01 2.55739E-01 3.30097E-01
 1.80000E-01 5.79251E-02 1.16254E-01 2.65174E-01 3.42677E-01
 1.90000E-01 5.99663E-02 1.20256E-01 2.74331E-01 3.54795E-01
 2.00000E-01 6.19862E-02 1.24191E-01 2.83223E-01 3.66483E-01
 2.10000E-01 6.39852E-02 1.28063E-01 2.91862E-01 3.77762E-01
 2.20000E-01 6.59648E-02 1.31871E-01 3.00264E-01 3.88651E-01
 2.30000E-01 6.79249E-02 1.35621E-01 3.08434E-01 3.99171E-01
 2.40000E-01 6.98663E-02 1.39311E-01 3.16383E-01 4.09342E-01
 2.50000E-01 7.17902E-02 1.42947E-01 3.24121E-01 4.19184E-01
 2.60000E-01 7.36969E-02 1.46528E-01 3.31662E-01 4.28716E-01
 2.70000E-01 7.55874E-02 1.50057E-01 3.39008E-01 4.37949E-01
 2.80000E-01 7.74627E-02 1.53538E-01 3.46172E-01 4.46899E-01
 2.90000E-01 7.93233E-02 1.56970E-01 3.53161E-01 4.55579E-01
 3.00000E-01 8.11699E-02 1.60357E-01 3.59980E-01 4.64002E-01
 3.10000E-01 8.30036E-02 1.63699E-01 3.66641E-01 4.72181E-01
 3.20000E-01 8.48251E-02 1.67000E-01 3.73146E-01 4.80129E-01
 3.30000E-01 8.66351E-02 1.70261E-01 3.79505E-01 4.87855E-01
 3.40000E-01 8.84344E-02 1.73484E-01 3.85721E-01 4.95369E-01
 3.50000E-01 9.02236E-02 1.76669E-01 3.91802E-01 5.02680E-01
 3.60000E-01 9.20035E-02 1.79819E-01 3.97753E-01 5.09796E-01
 3.70000E-01 9.37749E-02 1.82935E-01 4.03579E-01 5.16727E-01
 3.80000E-01 9.55383E-02 1.86020E-01 4.09283E-01 5.23480E-01
 3.90000E-01 9.72946E-02 1.89073E-01 4.14873E-01 5.30063E-01
 4.00000E-01 9.90442E-02 1.92097E-01 4.20351E-01 5.36482E-01
 4.10000E-01 1.00788E-01 1.95092E-01 4.25722E-01 5.42744E-01
 4.20000E-01 1.02527E-01 1.98061E-01 4.30991E-01 5.48858E-01
 4.30000E-01 1.04261E-01 2.01004E-01 4.36158E-01 5.54826E-01
 4.40000E-01 1.05991E-01 2.03922E-01 4.41232E-01 5.60656E-01
 4.50000E-01 1.07717E-01 2.06817E-01 4.46213E-01 5.66351E-01
 4.60000E-01 1.09441E-01 2.09689E-01 4.51103E-01 5.71918E-01
 4.70000E-01 1.11162E-01 2.12540E-01 4.55908E-01 5.77361E-01
 4.80000E-01 1.12882E-01 2.15371E-01 4.60630E-01 5.82684E-01
 4.90000E-01 1.14600E-01 2.18182E-01 4.65271E-01 5.87892E-01
 5.00000E-01 1.16318E-01 2.20975E-01 4.69834E-01 5.92988E-01
 5.10000E-01 1.18036E-01 2.23749E-01 4.74322E-01 5.97978E-01
 5.20000E-01 1.19754E-01 2.26508E-01 4.78738E-01 6.02863E-01
 5.30000E-01 1.21473E-01 2.29249E-01 4.83082E-01 6.07649E-01
 5.40000E-01 1.23193E-01 2.31976E-01 4.87357E-01 6.12338E-01
 5.50000E-01 1.24915E-01 2.34689E-01 4.91566E-01 6.16933E-01
 5.60000E-01 1.26640E-01 2.37387E-01 4.95711E-01 6.21437E-01
 5.70000E-01 1.28367E-01 2.40073E-01 4.99793E-01 6.25853E-01
 5.80000E-01 1.30098E-01 2.42746E-01 5.03815E-01 6.30185E-01
 5.90000E-01 1.31833E-01 2.45407E-01 5.07777E-01 6.34434E-01
 6.00000E-01 1.33571E-01 2.48057E-01 5.11681E-01 6.38603E-01
 6.10000E-01 1.35315E-01 2.50697E-01 5.15530E-01 6.42694E-01
 6.20000E-01 1.37063E-01 2.53327E-01 5.19325E-01 6.46710E-01
 6.30000E-01 1.38817E-01 2.55947E-01 5.23066E-01 6.50653E-01
 6.40000E-01 1.40577E-01 2.58559E-01 5.26756E-01 6.54525E-01
 6.50000E-01 1.42343E-01 2.61163E-01 5.30396E-01 6.58328E-01
 6.60000E-01 1.44117E-01 2.63758E-01 5.33986E-01 6.62064E-01
 6.70000E-01 1.45897E-01 2.66347E-01 5.37530E-01 6.65735E-01
 6.80000E-01 1.47685E-01 2.68929E-01 5.41026E-01 6.69342E-01
 6.90000E-01 1.49481E-01 2.71505E-01 5.44477E-01 6.72887E-01
 7.00000E-01 1.51285E-01 2.74075E-01 5.47884E-01 6.76372E-01
 7.10000E-01 1.53098E-01 2.76639E-01 5.51248E-01 6.79799E-01
 7.20000E-01 1.54921E-01 2.79199E-01 5.54569E-01 6.83169E-01
 7.30000E-01 1.56752E-01 2.81754E-01 5.57849E-01 6.86483E-01
 7.40000E-01 1.58594E-01 2.84305E-01 5.61089E-01 6.89742E-01
 7.50000E-01 1.60446E-01 2.86853E-01 5.64289E-01 6.92950E-01
 7.60000E-01 1.62308E-01 2.89397E-01 5.67451E-01 6.96105E-01
 7.70000E-01 1.64181E-01 2.91939E-01 5.70575E-01 6.99210E-01
 7.80000E-01 1.66065E-01 2.94478E-01 5.73662E-01 7.02267E-01
 7.90000E-01 1.67961E-01 2.97015E-01 5.76712E-01 7.05275E-01
 8.00000E-01 1.69868E-01 2.99550E-01 5.79727E-01 7.08236E-01
 8.10000E-01 1.71788E-01 3.02084E-01 5.82707E-01 7.11151E-01
 8.20000E-01 1.73719E-01 3.04616E-01 5.85654E-01 7.14022E-01
 8.30000E-01 1.75663E-01 3.07148E-01 5.88566E-01 7.16849E-01
 8.40000E-01 1.77620E-01 3.09680E-01 5.91446E-01 7.19633E-01
 8.50000E-01 1.79589E-01 3.12211E-01 5.94295E-01 7.22375E-01
 8.60000E-01 1.81572E-01 3.14742E-01 5.97111E-01 7.25077E-01
 8.70000E-01 1.83568E-01 3.17274E-01 5.99897E-01 7.27739E-01
 8.80000E-01 1.85577E-01 3.19806E-01 6.02653E-01 7.30362E-01
 8.90000E-01 1.87599E-01 3.22339E-01 6.05378E-01 7.32946E-01
 9.00000E-01 1.89636E-01 3.24873E-01 6.08075E-01 7.35493E-01
 9.10000E-01 1.91686E-01 3.27409E-01 6.10743E-01 7.38003E-01
 9.20000E-01 1.93749E-01 3.29946E-01 6.13383E-01 7.40477E-01
 9.30000E-01 1.95827E-01 3.32486E-01 6.15995E-01 7.42916E-01
 9.40000E-01 1.97918E-01 3.35027E-01 6.18580E-01 7.45320E-01
 9.50000E-01 2.00023E-01 3.37570E-01 6.21138E-01 7.47691E-01
 9.60000E-01 2.02142E-01 3.40116E-01 6.23671E-01 7.50028E-01
 9.70000E-01 2.04275E-01 3.42664E-01 6.26177E-01 7.52334E-01
 9.80000E-01 2.06422E-01 3.45215E-01 6.28658E-01 7.54607E-01
 9.90000E-01 2.08582E-01 3.47769E-01 6.31115E-01 7.56849E-01
 1.00000E+00 2.10756E-01 3.50325E-01 6.33546E-01 7.59060E-01
 1.01158E+00 2.13289E-01 3.53290E-01 6.36332E-01 7.61583E-01
 1.02329E+00 2.15871E-01 3.56293E-01 6.39118E-01 7.64095E-01
 1.03514E+00 2.18473E-01 3.59335E-01 6.41903E-01 7.66597E-01
 1.04713E+00 2.21066E-01 3.62418E-01 6.44689E-01 7.69087E-01
 1.05925E+00 2.23648E-01 3.65541E-01 6.47474E-01 7.71566E-01
 1.07152E+00 2.26220E-01 3.68705E-01 6.50259E-01 7.74033E-01
 1.08393E+00 2.28780E-01 3.71912E-01 6.53043E-01 7.76488E-01
 1.09648E+00 2.31328E-01 3.75161E-01 6.55826E-01 7.78932E-01
 1.10917E+00 2.33862E-01 3.78453E-01 6.58608E-01 7.81364E-01
 1.12202E+00 2.36384E-01 3.81789E-01 6.61390E-01 7.83784E-01
 1.13501E+00 2.38891E-01 3.85169E-01 6.64170E-01 7.86191E-01
 1.14815E+00 2.41383E-01 3.88595E-01 6.66949E-01 7.88586E-01
 1.16145E+00 2.43860E-01 3.92065E-01 6.69726E-01 7.90968E-01
 1.17490E+00 2.46321E-01 3.95581E-01 6.72502E-01 7.93338E-01
 1.18850E+00 2.48766E-01 3.99143E-01 6.75276E-01 7.95695E-01
 1.20226E+00 2.51193E-01 4.02752E-01 6.78049E-01 7.98039E-01
 1.21619E+00 2.53603E-01 4.06407E-01 6.80820E-01 8.00370E-01
 1.23027E+00 2.55995E-01 4.10109E-01 6.83588E-01 8.02687E-01
 1.24451E+00 2.58368E-01 4.13858E-01 6.86354E-01 8.04991E-01
 1.25893E+00 2.60723E-01 4.17628E-01 6.89118E-01 8.07281E-01
 1.27350E+00 2.63058E-01 4.21368E-01 6.91880E-01 8.09558E-01
 1.28825E+00 2.65373E-01 4.25077E-01 6.94639E-01 8.11820E-01
 1.30317E+00 2.67668E-01 4.28753E-01 6.97395E-01 8.14069E-01
 1.31826E+00 2.69943E-01 4.32396E-01 7.00148E-01 8.16304E-01
 1.33352E+00 2.72196E-01 4.36006E-01 7.02899E-01 8.18524E-01
 1.34896E+00 2.74429E-01 4.39582E-01 7.05646E-01 8.20730E-01
 1.36458E+00 2.76639E-01 4.43123E-01 7.08390E-01 8.22921E-01
 1.38038E+00 2.78828E-01 4.46629E-01 7.11131E-01 8.25098E-01
 1.39637E+00 2.80995E-01 4.50099E-01 7.13868E-01 8.27261E-01
 1.41254E+00 2.83139E-01 4.53534E-01 7.16602E-01 8.29408E-01
 1.42889E+00 2.85261E-01 4.56932E-01 7.19332E-01 8.31540E-01
 1.44544E+00 2.87359E-01 4.60294E-01 7.22058E-01 8.33657E-01
 1.46218E+00 2.89435E-01 4.63619E-01 7.24780E-01 8.35759E-01
 1.47911E+00 2.91488E-01 4.66907E-01 7.27498E-01 8.37846E-01
 1.49624E+00 2.93517E-01 4.70157E-01 7.30212E-01 8.39917E-01
 1.51356E+00 2.95522E-01 4.73369E-01 7.32922E-01 8.41973E-01
 1.53109E+00 2.97504E-01 4.76544E-01 7.35627E-01 8.44013E-01
 1.54882E+00 2.99462E-01 4.79680E-01 7.38327E-01 8.46038E-01
 1.56675E+00 3.01396E-01 4.82778E-01 7.41023E-01 8.48047E-01
 1.58489E+00 3.03306E-01 4.85837E-01 7.43714E-01 8.50040E-01
 1.60325E+00 3.05192E-01 4.88858E-01 7.46400E-01 8.52017E-01
 1.62181E+00 3.07054E-01 4.91840E-01 7.49080E-01 8.53978E-01
 1.64059E+00 3.08891E-01 4.94784E-01 7.51756E-01 8.55924E-01
 1.65959E+00 3.10705E-01 4.97689E-01 7.54427E-01 8.57853E-01
 1.67880E+00 3.12494E-01 5.00555E-01 7.57092E-01 8.59765E-01
 1.69824E+00 3.14259E-01 5.03383E-01 7.59751E-01 8.61662E-01
 1.71791E+00 3.16000E-01 5.06172E-01 7.62405E-01 8.63542E-01
 1.73780E+00 3.17717E-01 5.08922E-01 7.65052E-01 8.65406E-01
 1.75792E+00 3.19410E-01 5.11633E-01 7.67694E-01 8.67254E-01
 1.77828E+00 3.21079E-01 5.14306E-01 7.70330E-01 8.69085E-01
 1.79887E+00 3.22724E-01 5.16941E-01 7.72960E-01 8.70899E-01
 1.81970E+00 3.24345E-01 5.19538E-01 7.75583E-01 8.72697E-01
 1.84077E+00 3.25942E-01 5.22096E-01 7.78200E-01 8.74479E-01
 1.86209E+00 3.27516E-01 5.24617E-01 7.80810E-01 8.76244E-01
 1.88365E+00 3.29066E-01 5.27099E-01 7.83414E-01 8.77992E-01
 1.90546E+00 3.30592E-01 5.29545E-01 7.86010E-01 8.79724E-01
 1.92752E+00 3.32095E-01 5.31953E-01 7.88599E-01 8.81439E-01
 1.94984E+00 3.33575E-01 5.34323E-01 7.91181E-01 8.83137E-01
 1.97242E+00 3.35032E-01 5.36657E-01 7.93756E-01 8.84819E-01
 1.99526E+00 3.36467E-01 5.38954E-01 7.96323E-01 8.86484E-01
 2.01837E+00 3.37878E-01 5.41215E-01 7.98883E-01 8.88132E-01
 2.04174E+00 3.39267E-01 5.43440E-01 8.01434E-01 8.89764E-01
 2.06538E+00 3.40633E-01 5.45629E-01 8.03978E-01 8.91379E-01
 2.08930E+00 3.41978E-01 5.47782E-01 8.06513E-01 8.92977E-01
 2.11349E+00 3.43300E-01 5.49900E-01 8.09039E-01 8.94559E-01
 2.13796E+00 3.44600E-01 5.51983E-01 8.11557E-01 8.96124E-01
 2.16272E+00 3.45879E-01 5.54032E-01 8.14066E-01 8.97672E-01
 2.18776E+00 3.47137E-01 5.56046E-01 8.16566E-01 8.99204E-01
 2.21309E+00 3.48373E-01 5.58026E-01 8.19057E-01 9.00719E-01
 2.23872E+00 3.49588E-01 5.59973E-01 8.21538E-01 9.02218E-01
 2.26464E+00 3.50783E-01 5.61886E-01 8.24009E-01 9.03700E-01
 2.29087E+00 3.51957E-01 5.63767E-01 8.26470E-01 9.05166E-01
 2.31739E+00 3.53110E-01 5.65615E-01 8.28921E-01 9.06615E-01
 2.34423E+00 3.54244E-01 5.67430E-01 8.31361E-01 9.08048E-01
 2.37137E+00 3.55358E-01 5.69214E-01 8.33791E-01 9.09464E-01
 2.39883E+00 3.56452E-01 5.70967E-01 8.36209E-01 9.10865E-01
 2.42661E+00 3.57526E-01 5.72688E-01 8.38616E-01 9.12249E-01
 2.45471E+00 3.58582E-01 5.74379E-01 8.41011E-01 9.13616E-01
 2.48313E+00 3.59618E-01 5.76039E-01 8.43395E-01 9.14968E-01
 2.51189E+00 3.60636E-01 5.77669E-01 8.45766E-01 9.16304E-01
 2.54097E+00 3.61635E-01 5.79270E-01 8.48109E-01 9.17624E-01
 2.57040E+00 3.62617E-01 5.80842E-01 8.50410E-01 9.18927E-01
 2.60016E+00 3.63580E-01 5.82385E-01 8.52669E-01 9.20215E-01
 2.63027E+00 3.64525E-01 5.83899E-01 8.54887E-01 9.21487E-01
 2.66073E+00 3.65453E-01 5.85385E-01 8.57063E-01 9.22744E-01
 2.69153E+00 3.66364E-01 5.86844E-01 8.59199E-01 9.23984E-01
 2.72270E+00 3.67258E-01 5.88276E-01 8.61295E-01 9.25210E-01
 2.75423E+00 3.68135E-01 5.89681E-01 8.63351E-01 9.26419E-01
 2.78612E+00 3.68995E-01 5.91059E-01 8.65369E-01 9.27614E-01
 2.81838E+00 3.69839E-01 5.92411E-01 8.67349E-01 9.28793E-01
 2.85102E+00 3.70668E-01 5.93738E-01 8.69291E-01 9.29957E-01
 2.88403E+00 3.71480E-01 5.95039E-01 8.71197E-01 9.31105E-01
 2.91743E+00 3.72277E-01 5.96315E-01 8.73065E-01 9.32239E-01
 2.95121E+00 3.73058E-01 5.97567E-01 8.74898E-01 9.33358E-01
 2.98538E+00 3.73825E-01 5.98795E-01 8.76696E-01 9.34462E-01
 3.01995E+00 3.74576E-01 5.99999E-01 8.78458E-01 9.35551E-01
 3.05492E+00 3.75313E-01 6.01179E-01 8.80187E-01 9.36626E-01
 3.09030E+00 3.76036E-01 6.02337E-01 8.81882E-01 9.37686E-01
 3.12608E+00 3.76745E-01 6.03472E-01 8.83543E-01 9.38732E-01
 3.16228E+00 3.77439E-01 6.04585E-01 8.85172E-01 9.39764E-01
 3.19890E+00 3.78120E-01 6.05675E-01 8.86769E-01 9.40781E-01
 3.23594E+00 3.78788E-01 6.06744E-01 8.88335E-01 9.41784E-01
 3.27341E+00 3.79442E-01 6.07792E-01 8.89869E-01 9.42773E-01
 3.31131E+00 3.80083E-01 6.08820E-01 8.91373E-01 9.43749E-01
 3.34965E+00 3.80712E-01 6.09826E-01 8.92847E-01 9.44711E-01
 3.38844E+00 3.81327E-01 6.10813E-01 8.94291E-01 9.45659E-01
 3.42768E+00 3.81931E-01 6.11780E-01 8.95707E-01 9.46593E-01
 3.46737E+00 3.82522E-01 6.12727E-01 8.97094E-01 9.47514E-01
 3.50752E+00 3.83102E-01 6.13655E-01 8.98453E-01 9.48422E-01
 3.54813E+00 3.83670E-01 6.14565E-01 8.99784E-01 9.49317E-01
 3.58922E+00 3.84226E-01 6.15456E-01 9.01089E-01 9.50199E-01
 3.63078E+00 3.84771E-01 6.16329E-01 9.02367E-01 9.51068E-01
 3.67282E+00 3.85305E-01 6.17184E-01 9.03619E-01 9.51924E-01
 3.71535E+00 3.85828E-01 6.18022E-01 9.04846E-01 9.52767E-01
 3.75837E+00 3.86340E-01 6.18843E-01 9.06047E-01 9.53598E-01
 3.80189E+00 3.86842E-01 6.19646E-01 9.07224E-01 9.54416E-01
 3.84592E+00 3.87334E-01 6.20434E-01 9.08377E-01 9.55222E-01
 3.89045E+00 3.87815E-01 6.21205E-01 9.09506E-01 9.56016E-01
 3.93550E+00 3.88286E-01 6.21960E-01 9.10611E-01 9.56798E-01
 3.98107E+00 3.88748E-01 6.22699E-01 9.11694E-01 9.57568E-01
 4.02717E+00 3.89200E-01 6.23424E-01 9.12754E-01 9.58327E-01
 4.07380E+00 3.89643E-01 6.24133E-01 9.13793E-01 9.59073E-01
 4.12098E+00 3.90077E-01 6.24827E-01 9.14809E-01 9.59808E-01
 4.16869E+00 3.90501E-01 6.25507E-01 9.15805E-01 9.60532E-01
 4.21697E+00 3.90917E-01 6.26173E-01 9.16780E-01 9.61245E-01
 4.26580E+00 3.91324E-01 6.26825E-01 9.17734E-01 9.61946E-01
 4.31519E+00 3.91722E-01 6.27463E-01 9.18668E-01 9.62636E-01
 4.36516E+00 3.92112E-01 6.28088E-01 9.19583E-01 9.63315E-01
 4.41570E+00 3.92494E-01 6.28699E-01 9.20479E-01 9.63984E-01
 4.46684E+00 3.92868E-01 6.29298E-01 9.21355E-01 9.64642E-01
 4.51856E+00 3.93234E-01 6.29884E-01 9.22213E-01 9.65289E-01
 4.57088E+00 3.93592E-01 6.30458E-01 9.23053E-01 9.65926E-01
 4.62381E+00 3.93942E-01 6.31019E-01 9.23876E-01 9.66553E-01
 4.67735E+00 3.94285E-01 6.31569E-01 9.24680E-01 9.67170E-01
 4.73151E+00 3.94621E-01 6.32107E-01 9.25468E-01 9.67776E-01
 4.78630E+00 3.94950E-01 6.32634E-01 9.26239E-01 9.68373E-01
 4.84172E+00 3.95272E-01 6.33149E-01 9.26994E-01 9.68960E-01
 4.89779E+00 3.95587E-01 6.33653E-01 9.27732E-01 9.69538E-01
 4.95450E+00 3.95895E-01 6.34147E-01 9.28455E-01 9.70105E-01
 5.01187E+00 3.96197E-01 6.34630E-01 9.29162E-01 9.70664E-01
 5.06991E+00 3.96492E-01 6.35103E-01 9.29854E-01 9.71213E-01
 5.12861E+00 3.96780E-01 6.35566E-01 9.30532E-01 9.71753E-01
 5.18800E+00 3.97063E-01 6.36018E-01 9.31194E-01 9.72284E-01
 5.24807E+00 3.97340E-01 6.36461E-01 9.31843E-01 9.72806E-01
 5.30884E+00 3.97610E-01 6.36895E-01 9.32477E-01 9.73320E-01
 5.37032E+00 3.97875E-01 6.37319E-01 9.33098E-01 9.73824E-01
 5.43250E+00 3.98134E-01 6.37734E-01 9.33706E-01 9.74321E-01
 5.49541E+00 3.98388E-01 6.38140E-01 9.34300E-01 9.74808E-01
 5.55904E+00 3.98636E-01 6.38537E-01 9.34882E-01 9.75288E-01
 5.62341E+00 3.98878E-01 6.38926E-01 9.35451E-01 9.75759E-01
 5.68853E+00 3.99116E-01 6.39306E-01 9.36008E-01 9.76222E-01
 5.75440E+00 3.99348E-01 6.39678E-01 9.36553E-01 9.76677E-01
 5.82103E+00 3.99575E-01 6.40042E-01 9.37085E-01 9.77125E-01
 5.88844E+00 3.99797E-01 6.40398E-01 9.37607E-01 9.77564E-01
 5.95662E+00 4.00015E-01 6.40746E-01 9.38117E-01 9.77996E-01
 6.02560E+00 4.00227E-01 6.41087E-01 9.38616E-01 9.78421E-01
 6.09537E+00 4.00436E-01 6.41420E-01 9.39104E-01 9.78838E-01
 6.16595E+00 4.00639E-01 6.41746E-01 9.39581E-01 9.79248E-01
 6.23735E+00 4.00838E-01 6.42065E-01 9.40048E-01 9.79650E-01
 6.30957E+00 4.01033E-01 6.42377E-01 9.40505E-01 9.80046E-01
 6.38263E+00 4.01224E-01 6.42683E-01 9.40952E-01 9.80435E-01
 6.45654E+00 4.01410E-01 6.42981E-01 9.41389E-01 9.80816E-01
 6.53131E+00 4.01592E-01 6.43273E-01 9.41816E-01 9.81191E-01
 6.60693E+00 4.01771E-01 6.43559E-01 9.42234E-01 9.81560E-01
 6.68344E+00 4.01945E-01 6.43838E-01 9.42643E-01 9.81921E-01
 6.76083E+00 4.02116E-01 6.44111E-01 9.43043E-01 9.82277E-01
 6.83912E+00 4.02282E-01 6.44379E-01 9.43435E-01 9.82626E-01
 6.91831E+00 4.02446E-01 6.44640E-01 9.43817E-01 9.82968E-01
 6.99842E+00 4.02605E-01 6.44896E-01 9.44192E-01 9.83305E-01
 7.07946E+00 4.02761E-01 6.45146E-01 9.44558E-01 9.83635E-01
 7.16143E+00 4.02914E-01 6.45390E-01 9.44916E-01 9.83960E-01
 7.24436E+00 4.03063E-01 6.45629E-01 9.45266E-01 9.84278E-01
 7.32825E+00 4.03209E-01 6.45863E-01 9.45608E-01 9.84591E-01
 7.41310E+00 4.03352E-01 6.46092E-01 9.45943E-01 9.84898E-01
 7.49894E+00 4.03492E-01 6.46315E-01 9.46270E-01 9.85200E-01
 7.58578E+00 4.03628E-01 6.46534E-01 9.46591E-01 9.85496E-01
 7.67361E+00 4.03762E-01 6.46748E-01 9.46904E-01 9.85787E-01
 7.76247E+00 4.03892E-01 6.46957E-01 9.47210E-01 9.86072E-01
 7.85236E+00 4.04020E-01 6.47162E-01 9.47510E-01 9.86352E-01
 7.94328E+00 4.04145E-01 6.47362E-01 9.47803E-01 9.86627E-01
 8.03526E+00 4.04267E-01 6.47558E-01 9.48089E-01 9.86897E-01
 8.12831E+00 4.04386E-01 6.47749E-01 9.48369E-01 9.87162E-01
 8.22243E+00 4.04503E-01 6.47936E-01 9.48643E-01 9.87422E-01
 8.31764E+00 4.04617E-01 6.48119E-01 9.48911E-01 9.87677E-01
 8.41395E+00 4.04729E-01 6.48298E-01 9.49173E-01 9.87928E-01
 8.51138E+00 4.04838E-01 6.48473E-01 9.49429E-01 9.88174E-01
 8.60994E+00 4.04945E-01 6.48644E-01 9.49679E-01 9.88415E-01
 8.70964E+00 4.05049E-01 6.48811E-01 9.49924E-01 9.88652E-01
 8.81049E+00 4.05151E-01 6.48974E-01 9.50163E-01 9.88884E-01
 8.91251E+00 4.05251E-01 6.49134E-01 9.50397E-01 9.89112E-01
 9.01571E+00 4.05349E-01 6.49290E-01 9.50626E-01 9.89336E-01
 9.12011E+00 4.05444E-01 6.49443E-01 9.50850E-01 9.89555E-01
 9.22571E+00 4.05538E-01 6.49593E-01 9.51069E-01 9.89771E-01
 9.33254E+00 4.05629E-01 6.49739E-01 9.51283E-01 9.89982E-01
 9.44061E+00 4.05718E-01 6.49882E-01 9.51492E-01 9.90189E-01
 9.54993E+00 4.05805E-01 6.50021E-01 9.51696E-01 9.90393E-01
 9.66051E+00 4.05890E-01 6.50158E-01 9.51896E-01 9.90592E-01
 9.77237E+00 4.05974E-01 6.50292E-01 9.52092E-01 9.90788E-01
 9.88553E+00 4.06055E-01 6.50422E-01 9.52283E-01 9.90980E-01
 1.00000E+01 4.06135E-01 6.50550E-01 9.52470E-01 9.91169E-01
 1.01158E+01 4.06213E-01 6.50675E-01 9.52653E-01 9.91353E-01
 1.02329E+01 4.06289E-01 6.50797E-01 9.52831E-01 9.91535E-01
 1.03514E+01 4.06364E-01 6.50916E-01 9.53006E-01 9.91713E-01
 1.04713E+01 4.06436E-01 6.51032E-01 9.53177E-01 9.91887E-01
 1.05925E+01 4.06508E-01 6.51147E-01 9.53344E-01 9.92058E-01
 1.07152E+01 4.06577E-01 6.51258E-01 9.53507E-01 9.92226E-01
 1.08393E+01 4.06645E-01 6.51367E-01 9.53666E-01 9.92390E-01
 1.09648E+01 4.06712E-01 6.51474E-01 9.53822E-01 9.92552E-01
 1.10917E+01 4.06777E-01 6.51578E-01 9.53975E-01 9.92710E-01
 1.12202E+01 4.06840E-01 6.51680E-01 9.54124E-01 9.92865E-01
 1.13501E+01 4.06902E-01 6.51779E-01 9.54270E-01 9.93017E-01
 1.14815E+01 4.06963E-01 6.51876E-01 9.54412E-01 9.93165E-01
 1.16145E+01 4.07023E-01 6.51972E-01 9.54552E-01 9.93310E-01
 1.17490E+01 4.07081E-01 6.52065E-01 9.54688E-01 9.93452E-01
 1.18850E+01 4.07138E-01 6.52156E-01 9.54821E-01 9.93591E-01
 1.20226E+01 4.07193E-01 6.52244E-01 9.54951E-01 9.93726E-01
 1.21619E+01 4.07247E-01 6.52331E-01 9.55078E-01 9.93858E-01
 1.23027E+01 4.07300E-01 6.52416E-01 9.55203E-01 9.93988E-01
 1.24451E+01 4.07352E-01 6.52499E-01 9.55324E-01 9.94114E-01
 1.25893E+01 4.07403E-01 6.52581E-01 9.55443E-01 9.94238E-01
 1.27350E+01 4.07452E-01 6.52660E-01 9.55559E-01 9.94359E-01
 1.28825E+01 4.07501E-01 6.52738E-01 9.55673E-01 9.94477E-01
 1.30317E+01 4.07548E-01 6.52813E-01 9.55784E-01 9.94593E-01
 1.31826E+01 4.07594E-01 6.52888E-01 9.55893E-01 9.94706E-01
 1.33352E+01 4.07640E-01 6.52960E-01 9.55999E-01 9.94816E-01
 1.34896E+01 4.07684E-01 6.53031E-01 9.56103E-01 9.94924E-01
 1.36458E+01 4.07727E-01 6.53100E-01 9.56204E-01 9.95030E-01
 1.38038E+01 4.07770E-01 6.53168E-01 9.56303E-01 9.95133E-01
 1.39637E+01 4.07811E-01 6.53234E-01 9.56400E-01 9.95234E-01
 1.41254E+01 4.07851E-01 6.53299E-01 9.56495E-01 9.95332E-01
 1.42889E+01 4.07891E-01 6.53362E-01 9.56587E-01 9.95429E-01
 1.44544E+01 4.07929E-01 6.53424E-01 9.56678E-01 9.95523E-01
 1.46218E+01 4.07967E-01 6.53484E-01 9.56766E-01 9.95615E-01
 1.47911E+01 4.08004E-01 6.53543E-01 9.56853E-01 9.95705E-01
 1.49624E+01 4.08040E-01 6.53601E-01 9.56937E-01 9.95793E-01
 1.51356E+01 4.08075E-01 6.53658E-01 9.57020E-01 9.95879E-01
 1.53109E+01 4.08110E-01 6.53713E-01 9.57101E-01 9.95963E-01
 1.54882E+01 4.08143E-01 6.53767E-01 9.57180E-01 9.96045E-01
 1.56675E+01 4.08176E-01 6.53819E-01 9.57257E-01 9.96126E-01
 1.58489E+01 4.08208E-01 6.53871E-01 9.57333E-01 9.96204E-01
 1.60325E+01 4.08240E-01 6.53921E-01 9.57406E-01 9.96281E-01
 1.62181E+01 4.08271E-01 6.53971E-01 9.57478E-01 9.96356E-01
 1.64059E+01 4.08301E-01 6.54019E-01 9.57549E-01 9.96429E-01
 1.65959E+01 4.08330E-01 6.54066E-01 9.57618E-01 9.96501E-01
 1.67880E+01 4.08359E-01 6.54112E-01 9.57685E-01 9.96571E-01
 1.69824E+01 4.08387E-01 6.54157E-01 9.57751E-01 9.96639E-01
 1.71791E+01 4.08414E-01 6.54201E-01 9.57815E-01 9.96706E-01
 1.73780E+01 4.08441E-01 6.54244E-01 9.57878E-01 9.96772E-01
 1.75792E+01 4.08467E-01 6.54286E-01 9.57940E-01 9.96836E-01
 1.77828E+01 4.08493E-01 6.54327E-01 9.58000E-01 9.96898E-01
 1.79887E+01 4.08518E-01 6.54367E-01 9.58058E-01 9.96959E-01
 1.81970E+01 4.08542E-01 6.54406E-01 9.58116E-01 9.97019E-01
 1.84077E+01 4.08566E-01 6.54444E-01 9.58172E-01 9.97078E-01
 1.86209E+01 4.08590E-01 6.54482E-01 9.58227E-01 9.97135E-01
 1.88365E+01 4.08613E-01 6.54518E-01 9.58280E-01 9.97190E-01
 1.90546E+01 4.08635E-01 6.54554E-01 9.58333E-01 9.97245E-01
 1.92752E+01 4.08657E-01 6.54589E-01 9.58384E-01 9.97298E-01
 1.94984E+01 4.08678E-01 6.54623E-01 9.58434E-01 9.97350E-01
 1.97242E+01 4.08699E-01 6.54657E-01 9.58483E-01 9.97401E-01
 1.99526E+01 4.08719E-01 6.54689E-01 9.58531E-01 9.97451E-01
 2.01837E+01 4.08739E-01 6.54721E-01 9.58578E-01 9.97500E-01
 2.04174E+01 4.08759E-01 6.54753E-01 9.58623E-01 9.97547E-01
 2.06538E+01 4.08778E-01 6.54783E-01 9.58668E-01 9.97594E-01
 2.08930E+01 4.08796E-01 6.54813E-01 9.58712E-01 9.97639E-01
 2.11349E+01 4.08815E-01 6.54842E-01 9.58754E-01 9.97684E-01
 2.13796E+01 4.08832E-01 6.54871E-01 9.58796E-01 9.97727E-01
 2.16272E+01 4.08850E-01 6.54898E-01 9.58837E-01 9.97769E-01
 2.18776E+01 4.08867E-01 6.54926E-01 9.58877E-01 9.97811E-01
 2.21309E+01 4.08883E-01 6.54952E-01 9.58916E-01 9.97851E-01
 2.23872E+01 4.08900E-01 6.54978E-01 9.58954E-01 9.97891E-01
 2.26464E+01 4.08916E-01 6.55004E-01 9.58991E-01 9.97930E-01
 2.29087E+01 4.08931E-01 6.55028E-01 9.59027E-01 9.97968E-01
 2.31739E+01 4.08946E-01 6.55053E-01 9.59063E-01 9.98004E-01
 2.34423E+01 4.08961E-01 6.55076E-01 9.59097E-01 9.98041E-01
 2.37137E+01 4.08975E-01 6.55100E-01 9.59131E-01 9.98076E-01
 2.39883E+01 4.08990E-01 6.55122E-01 9.59165E-01 9.98111E-01
 2.42661E+01 4.09003E-01 6.55144E-01 9.59197E-01 9.98144E-01
 2.45471E+01 4.09017E-01 6.55166E-01 9.59229E-01 9.98177E-01
 2.48313E+01 4.09030E-01 6.55187E-01 9.59260E-01 9.98209E-01
 2.51189E+01 4.09043E-01 6.55208E-01 9.59290E-01 9.98241E-01
 2.54097E+01 4.09056E-01 6.55228E-01 9.59320E-01 9.98272E-01
 2.57040E+01 4.09068E-01 6.55248E-01 9.59349E-01 9.98302E-01
 2.60016E+01 4.09080E-01 6.55267E-01 9.59377E-01 9.98331E-01
 2.63027E+01 4.09092E-01 6.55286E-01 9.59404E-01 9.98360E-01
 2.66073E+01 4.09103E-01 6.55305E-01 9.59431E-01 9.98388E-01
 2.69153E+01 4.09115E-01 6.55323E-01 9.59458E-01 9.98416E-01
 2.72270E+01 4.09126E-01 6.55340E-01 9.59484E-01 9.98443E-01
 2.75423E+01 4.09136E-01 6.55357E-01 9.59509E-01 9.98469E-01
 2.78612E+01 4.09147E-01 6.55374E-01 9.59534E-01 9.98494E-01
 2.81838E+01 4.09157E-01 6.55391E-01 9.59558E-01 9.98519E-01
 2.85102E+01 4.09167E-01 6.55407E-01 9.59581E-01 9.98544E-01
 2.88403E+01 4.09177E-01 6.55423E-01 9.59604E-01 9.98568E-01
 2.91743E+01 4.09187E-01 6.55438E-01 9.59627E-01 9.98591E-01
 2.95121E+01 4.09196E-01 6.55453E-01 9.59649E-01 9.98614E-01
 2.98538E+01 4.09205E-01 6.55468E-01 9.59670E-01 9.98637E-01
 3.01995E+01 4.09214E-01 6.55482E-01 9.59691E-01 9.98658E-01
 3.05492E+01 4.09223E-01 6.55496E-01 9.59712E-01 9.98680E-01
 3.09030E+01 4.09231E-01 6.55510E-01 9.59732E-01 9.98701E-01
 3.12608E+01 4.09240E-01 6.55523E-01 9.59751E-01 9.98721E-01
 3.16228E+01 4.09248E-01 6.55536E-01 9.59770E-01 9.98741E-01
 3.19890E+01 4.09256E-01 6.55549E-01 9.59789E-01 9.98760E-01
 3.23594E+01 4.09264E-01 6.55561E-01 9.59807E-01 9.98780E-01
 3.27341E+01 4.09271E-01 6.55574E-01 9.59825E-01 9.98798E-01
 3.31131E+01 4.09279E-01 6.55586E-01 9.59843E-01 9.98816E-01
 3.34965E+01 4.09286E-01 6.55597E-01 9.59860E-01 9.98834E-01
 3.38844E+01 4.09293E-01 6.55609E-01 9.59877E-01 9.98851E-01
 3.42768E+01 4.09300E-01 6.55620E-01 9.59893E-01 9.98868E-01
 3.46737E+01 4.09307E-01 6.55631E-01 9.59909E-01 9.98885E-01
 3.50752E+01 4.09314E-01 6.55641E-01 9.59925E-01 9.98901E-01
 3.54813E+01 4.09320E-01 6.55652E-01 9.59940E-01 9.98917E-01
 3.58922E+01 4.09327E-01 6.55662E-01 9.59955E-01 9.98933E-01
 3.63078E+01 4.09333E-01 6.55672E-01 9.59969E-01 9.98948E-01
 3.67282E+01 4.09339E-01 6.55682E-01 9.59983E-01 9.98963E-01
 3.71535E+01 4.09345E-01 6.55691E-01 9.59997E-01 9.98977E-01
 3.75837E+01 4.09351E-01 6.55700E-01 9.60011E-01 9.98991E-01
 3.80189E+01 4.09356E-01 6.55709E-01 9.60024E-01 9.99005E-01
 3.84592E+01 4.09362E-01 6.55718E-01 9.60037E-01 9.99019E-01
 3.89045E+01 4.09367E-01 6.55727E-01 9.60050E-01 9.99032E-01
 3.93550E+01 4.09372E-01 6.55735E-01 9.60062E-01 9.99045E-01
 3.98107E+01 4.09378E-01 6.55744E-01 9.60074E-01 9.99057E-01
 4.02717E+01 4.09383E-01 6.55752E-01 9.60086E-01 9.99070E-01
 4.07380E+01 4.09388E-01 6.55760E-01 9.60098E-01 9.99082E-01
 4.12098E+01 4.09392E-01 6.55767E-01 9.60109E-01 9.99093E-01
 4.16869E+01 4.09397E-01 6.55775E-01 9.60120E-01 9.99105E-01
 4.21697E+01 4.09402E-01 6.55782E-01 9.60131E-01 9.99116E-01
 4.26580E+01 4.09406E-01 6.55790E-01 9.60142E-01 9.99127E-01
 4.31519E+01 4.09411E-01 6.55797E-01 9.60152E-01 9.99138E-01
 4.36516E+01 4.09415E-01 6.55804E-01 9.60162E-01 9.99148E-01
 4.41570E+01 4.09419E-01 6.55810E-01 9.60172E-01 9.99159E-01
 4.46684E+01 4.09423E-01 6.55817E-01 9.60181E-01 9.99169E-01
 4.51856E+01 4.09427E-01 6.55823E-01 9.60191E-01 9.99178E-01
 4.57088E+01 4.09431E-01 6.55830E-01 9.60200E-01 9.99188E-01
 4.62381E+01 4.09435E-01 6.55836E-01 9.60209E-01 9.99197E-01
 4.67735E+01 4.09439E-01 6.55842E-01 9.60218E-01 9.99206E-01
 4.73151E+01 4.09442E-01 6.55848E-01 9.60226E-01 9.99215E-01
 4.78630E+01 4.09446E-01 6.55853E-01 9.60235E-01 9.99224E-01
 4.84172E+01 4.09449E-01 6.55859E-01 9.60243E-01 9.99233E-01
 4.89779E+01 4.09453E-01 6.55864E-01 9.60251E-01 9.99241E-01
 4.95450E+01 4.09456E-01 6.55870E-01 9.60259E-01 9.99249E-01
 5.01187E+01 4.09459E-01 6.55875E-01 9.60267E-01 9.99257E-01
 5.06991E+01 4.09463E-01 6.55880E-01 9.60274E-01 9.99265E-01
 5.12861E+01 4.09466E-01 6.55885E-01 9.60281E-01 9.99273E-01
 5.18800E+01 4.09469E-01 6.55890E-01 9.60288E-01 9.99280E-01
 5.24807E+01 4.09472E-01 6.55895E-01 9.60295E-01 9.99287E-01
 5.30884E+01 4.09475E-01 6.55899E-01 9.60302E-01 9.99294E-01
 5.37032E+01 4.09478E-01 6.55904E-01 9.60309E-01 9.99301E-01
 5.43250E+01 4.09480E-01 6.55908E-01 9.60315E-01 9.99308E-01
 5.49541E+01 4.09483E-01 6.55913E-01 9.60322E-01 9.99315E-01
 5.55904E+01 4.09486E-01 6.55917E-01 9.60328E-01 9.99321E-01
 5.62341E+01 4.09488E-01 6.55921E-01 9.60334E-01 9.99328E-01
 5.68853E+01 4.09491E-01 6.55925E-01 9.60340E-01 9.99334E-01
 5.75440E+01 4.09493E-01 6.55929E-01 9.60346E-01 9.99340E-01
 5.82103E+01 4.09496E-01 6.55933E-01 9.60352E-01 9.99346E-01
 5.88844E+01 4.09498E-01 6.55937E-01 9.60357E-01 9.99351E-01
 5.95662E+01 4.09500E-01 6.55941E-01 9.60363E-01 9.99357E-01
 6.02560E+01 4.09503E-01 6.55944E-01 9.60368E-01 9.99363E-01
 6.09537E+01 4.09505E-01 6.55948E-01 9.60373E-01 9.99368E-01
 6.16595E+01 4.09507E-01 6.55951E-01 9.60378E-01 9.99373E-01
 6.23735E+01 4.09509E-01 6.55955E-01 9.60383E-01 9.99378E-01
 6.30957E+01 4.09511E-01 6.55958E-01 9.60388E-01 9.99384E-01
 6.38263E+01 4.09513E-01 6.55961E-01 9.60393E-01 9.99388E-01
 6.45654E+01 4.09515E-01 6.55964E-01 9.60397E-01 9.99393E-01
 6.53131E+01 4.09517E-01 6.55967E-01 9.60402E-01 9.99398E-01
 6.60693E+01 4.09519E-01 6.55970E-01 9.60406E-01 9.99403E-01
 6.68344E+01 4.09521E-01 6.55973E-01 9.60411E-01 9.99407E-01
 6.76083E+01 4.09523E-01 6.55976E-01 9.60415E-01 9.99411E-01
 6.83912E+01 4.09524E-01 6.55979E-01 9.60419E-01 9.99416E-01
 6.91831E+01 4.09526E-01 6.55982E-01 9.60423E-01 9.99420E-01
 6.99842E+01 4.09528E-01 6.55984E-01 9.60427E-01 9.99424E-01
 7.07946E+01 4.09529E-01 6.55987E-01 9.60431E-01 9.99428E-01
 7.16143E+01 4.09531E-01 6.55990E-01 9.60434E-01 9.99432E-01
 7.24436E+01 4.09533E-01 6.55992E-01 9.60438E-01 9.99436E-01
 7.32825E+01 4.09534E-01 6.55995E-01 9.60442E-01 9.99439E-01
 7.41310E+01 4.09536E-01 6.55997E-01 9.60445E-01 9.99443E-01
 7.49894E+01 4.09537E-01 6.55999E-01 9.60449E-01 9.99447E-01
 7.58578E+01 4.09539E-01 6.56002E-01 9.60452E-01 9.99450E-01
 7.67361E+01 4.09540E-01 6.56004E-01 9.60455E-01 9.99454E-01
 7.76247E+01 4.09541E-01 6.56006E-01 9.60458E-01 9.99457E-01
 7.85236E+01 4.09543E-01 6.56008E-01 9.60462E-01 9.99460E-01
 7.94328E+01 4.09544E-01 6.56010E-01 9.60465E-01 9.99463E-01
 8.03526E+01 4.09545E-01 6.56012E-01 9.60468E-01 9.99466E-01
 8.12831E+01 4.09546E-01 6.56014E-01 9.60471E-01 9.99469E-01
 8.22243E+01 4.09548E-01 6.56016E-01 9.60473E-01 9.99472E-01
 8.31764E+01 4.09549E-01 6.56018E-01 9.60476E-01 9.99475E-01
 8.41395E+01 4.09550E-01 6.56020E-01 9.60479E-01 9.99478E-01
 8.51138E+01 4.09551E-01 6.56022E-01 9.60482E-01 9.99481E-01
 8.60994E+01 4.09552E-01 6.56024E-01 9.60484E-01 9.99484E-01
 8.70964E+01 4.09553E-01 6.56025E-01 9.60487E-01 9.99486E-01
 8.81049E+01 4.09554E-01 6.56027E-01 9.60489E-01 9.99489E-01
 8.91251E+01 4.09555E-01 6.56029E-01 9.60492E-01 9.99491E-01
 9.01571E+01 4.09556E-01 6.56030E-01 9.60494E-01 9.99494E-01
 9.12011E+01 4.09557E-01 6.56032E-01 9.60496E-01 9.99496E-01
 9.22571E+01 4.09558E-01 6.56033E-01 9.60499E-01 9.99499E-01
 9.33254E+01 4.09559E-01 6.56035E-01 9.60501E-01 9.99501E-01
 9.44061E+01 4.09560E-01 6.56036E-01 9.60503E-01 9.99503E-01
 9.54993E+01 4.09561E-01 6.56038E-01 9.60505E-01 9.99505E-01
 9.66051E+01 4.09562E-01 6.56039E-01 9.60507E-01 9.99508E-01
 9.77237E+01 4.09563E-01 6.56041E-01 9.60509E-01 9.99510E-01
 9.88553E+01 4.09564E-01 6.56042E-01 9.60511E-01 9.99512E-01
 1.00000E+02 4.09565E-01 6.56043E-01 9.60513E-01 9.99514E-01
