 1.00000E-02 1.70188E-01 1.98494E-01 2.27016E-01 2.30413E-01
 2.00000E-02 1.74376E-01 2.03560E-01 2.33101E-01 2.36625E-01
 3.00000E-02 1.78868E-01 2.08927E-01 2.39509E-01 2.43160E-01
 4.00000E-02 1.83632E-01 2.14573E-01 2.46193E-01 2.49988E-01
 5.00000E-02 1.88638E-01 2.20456E-01 2.53122E-01 2.57062E-01
 6.00000E-02 1.93847E-01 2.26543E-01 2.60257E-01 2.64341E-01
 7.00000E-02 1.99231E-01 2.32802E-01 2.67557E-01 2.71786E-01
 8.00000E-02 2.04761E-01 2.39202E-01 2.74990E-01 2.79367E-01
 9.00000E-02 2.10412E-01 2.45714E-01 2.82526E-01 2.87051E-01
 1.00000E-01 2.16162E-01 2.52314E-01 2.90138E-01 2.94811E-01
 1.10000E-01 2.21989E-01 2.58980E-01 2.97803E-01 3.02623E-01
 1.20000E-01 2.27875E-01 2.65694E-01 3.05498E-01 3.10466E-01
 1.30000E-01 2.33803E-01 2.72436E-01 3.13206E-01 3.18320E-01
 1.40000E-01 2.39758E-01 2.79192E-01 3.20909E-01 3.26168E-01
 1.50000E-01 2.45728E-01 2.85949E-01 3.28593E-01 3.33997E-01
 1.60000E-01 2.51699E-01 2.92694E-01 3.36245E-01 3.41792E-01
 1.70000E-01 2.57663E-01 2.99418E-01 3.43854E-01 3.49543E-01
 1.80000E-01 2.63610E-01 3.06111E-01 3.51411E-01 3.57240E-01
 1.90000E-01 2.69534E-01 3.12765E-01 3.58908E-01 3.64874E-01
 2.00000E-01 2.75426E-01 3.19374E-01 3.66337E-01 3.72438E-01
 2.10000E-01 2.81283E-01 3.25932E-01 3.73692E-01 3.79926E-01
 2.20000E-01 2.87098E-01 3.32436E-01 3.80969E-01 3.87333E-01
 2.30000E-01 2.92869E-01 3.38880E-01 3.88164E-01 3.94655E-01
 2.40000E-01 2.98592E-01 3.45262E-01 3.95273E-01 4.01888E-01
 2.50000E-01 3.04264E-01 3.51580E-01 4.02293E-01 4.09029E-01
 2.60000E-01 3.09883E-01 3.57830E-01 4.09223E-01 4.16075E-01
 2.70000E-01 3.15447E-01 3.64012E-01 4.16061E-01 4.23026E-01
 2.80000E-01 3.20954E-01 3.70123E-01 4.22806E-01 4.29880E-01
 2.90000E-01 3.26404E-01 3.76164E-01 4.29456E-01 4.36635E-01
 3.00000E-01 3.31795E-01 3.82133E-01 4.36011E-01 4.43291E-01
 3.10000E-01 3.37127E-01 3.88029E-01 4.42472E-01 4.49848E-01
 3.20000E-01 3.42398E-01 3.93853E-01 4.48838E-01 4.56306E-01
 3.30000E-01 3.47609E-01 3.99604E-01 4.55109E-01 4.62664E-01
 3.40000E-01 3.52759E-01 4.05281E-01 4.61286E-01 4.68924E-01
 3.50000E-01 3.57848E-01 4.10887E-01 4.67370E-01 4.75086E-01
 3.60000E-01 3.62875E-01 4.16419E-01 4.73360E-01 4.81149E-01
 3.70000E-01 3.67842E-01 4.21880E-01 4.79259E-01 4.87116E-01
 3.80000E-01 3.72747E-01 4.27268E-01 4.85066E-01 4.92988E-01
 3.90000E-01 3.77592E-01 4.32585E-01 4.90784E-01 4.98764E-01
 4.00000E-01 3.82375E-01 4.37832E-01 4.96412E-01 5.04447E-01
 4.10000E-01 3.87099E-01 4.43007E-01 5.01952E-01 5.10037E-01
 4.20000E-01 3.91762E-01 4.48114E-01 5.07406E-01 5.15536E-01
 4.30000E-01 3.96366E-01 4.53151E-01 5.12774E-01 5.20945E-01
 4.40000E-01 4.00911E-01 4.58121E-01 5.18057E-01 5.26266E-01
 4.50000E-01 4.05397E-01 4.63022E-01 5.23258E-01 5.31499E-01
 4.60000E-01 4.09825E-01 4.67858E-01 5.28377E-01 5.36646E-01
 4.70000E-01 4.14196E-01 4.72627E-01 5.33416E-01 5.41709E-01
 4.80000E-01 4.18509E-01 4.77331E-01 5.38375E-01 5.46690E-01
 4.90000E-01 4.22766E-01 4.81972E-01 5.43257E-01 5.51588E-01
 5.00000E-01 4.26967E-01 4.86548E-01 5.48063E-01 5.56407E-01
 5.10000E-01 4.31113E-01 4.91063E-01 5.52793E-01 5.61147E-01
 5.20000E-01 4.35205E-01 4.95516E-01 5.57450E-01 5.65809E-01
 5.30000E-01 4.39243E-01 4.99908E-01 5.62035E-01 5.70396E-01
 5.40000E-01 4.43227E-01 5.04241E-01 5.66548E-01 5.74909E-01
 5.50000E-01 4.47159E-01 5.08515E-01 5.70991E-01 5.79349E-01
 5.60000E-01 4.51040E-01 5.12731E-01 5.75367E-01 5.83717E-01
 5.70000E-01 4.54869E-01 5.16889E-01 5.79674E-01 5.88016E-01
 5.80000E-01 4.58647E-01 5.20992E-01 5.83916E-01 5.92245E-01
 5.90000E-01 4.62375E-01 5.25039E-01 5.88094E-01 5.96407E-01
 6.00000E-01 4.66055E-01 5.29032E-01 5.92207E-01 6.00503E-01
 6.10000E-01 4.69685E-01 5.32971E-01 5.96259E-01 6.04535E-01
 6.20000E-01 4.73268E-01 5.36857E-01 6.00249E-01 6.08503E-01
 6.30000E-01 4.76804E-01 5.40691E-01 6.04180E-01 6.12408E-01
 6.40000E-01 4.80293E-01 5.44474E-01 6.08052E-01 6.16253E-01
 6.50000E-01 4.83736E-01 5.48207E-01 6.11866E-01 6.20038E-01
 6.60000E-01 4.87134E-01 5.51891E-01 6.15624E-01 6.23765E-01
 6.70000E-01 4.90487E-01 5.55525E-01 6.19326E-01 6.27434E-01
 6.80000E-01 4.93796E-01 5.59112E-01 6.22974E-01 6.31047E-01
 6.90000E-01 4.97061E-01 5.62651E-01 6.26569E-01 6.34605E-01
 7.00000E-01 5.00284E-01 5.66144E-01 6.30112E-01 6.38109E-01
 7.10000E-01 5.03464E-01 5.69592E-01 6.33604E-01 6.41560E-01
 7.20000E-01 5.06603E-01 5.72994E-01 6.37045E-01 6.44959E-01
 7.30000E-01 5.09701E-01 5.76352E-01 6.40437E-01 6.48308E-01
 7.40000E-01 5.13135E-01 5.79667E-01 6.43781E-01 6.51606E-01
 7.50000E-01 5.16892E-01 5.82938E-01 6.47077E-01 6.54856E-01
 7.60000E-01 5.20590E-01 5.86167E-01 6.50327E-01 6.58059E-01
 7.70000E-01 5.24232E-01 5.89761E-01 6.53532E-01 6.61214E-01
 7.80000E-01 5.27810E-01 5.93787E-01 6.56692E-01 6.64324E-01
 7.90000E-01 5.31336E-01 5.97752E-01 6.59808E-01 6.67389E-01
 8.00000E-01 5.34806E-01 6.01657E-01 6.62882E-01 6.70409E-01
 8.10000E-01 5.38220E-01 6.05497E-01 6.66047E-01 6.73387E-01
 8.20000E-01 5.41581E-01 6.09279E-01 6.70207E-01 6.76909E-01
 8.30000E-01 5.44889E-01 6.13000E-01 6.74300E-01 6.81043E-01
 8.40000E-01 5.48144E-01 6.16662E-01 6.78328E-01 6.85111E-01
 8.50000E-01 5.51350E-01 6.20269E-01 6.82296E-01 6.89119E-01
 8.60000E-01 5.54501E-01 6.23814E-01 6.86195E-01 6.93057E-01
 8.70000E-01 5.57605E-01 6.27306E-01 6.90037E-01 6.96937E-01
 8.80000E-01 5.60660E-01 6.30743E-01 6.93817E-01 7.00755E-01
 8.90000E-01 5.63667E-01 6.34126E-01 6.97538E-01 7.04514E-01
 9.00000E-01 5.66627E-01 6.37456E-01 7.01201E-01 7.08213E-01
 9.10000E-01 5.69542E-01 6.40735E-01 7.04808E-01 7.11856E-01
 9.20000E-01 5.72409E-01 6.43960E-01 7.08356E-01 7.15439E-01
 9.30000E-01 5.75232E-01 6.47136E-01 7.11849E-01 7.18968E-01
 9.40000E-01 5.78012E-01 6.50263E-01 7.15290E-01 7.22443E-01
 9.50000E-01 5.80746E-01 6.53339E-01 7.18673E-01 7.25860E-01
 9.60000E-01 5.83439E-01 6.56369E-01 7.22006E-01 7.29226E-01
 9.70000E-01 5.86089E-01 6.59350E-01 7.25285E-01 7.32538E-01
 9.80000E-01 5.88699E-01 6.62286E-01 7.28515E-01 7.35800E-01
 9.90000E-01 5.91268E-01 6.65176E-01 7.31694E-01 7.39011E-01
 1.00000E+00 5.93797E-01 6.68021E-01 7.34824E-01 7.42172E-01
 1.01158E+00 5.96677E-01 6.71262E-01 7.38388E-01 7.45772E-01
 1.02329E+00 5.99538E-01 6.74480E-01 7.41928E-01 7.49347E-01
 1.03514E+00 6.02378E-01 6.77676E-01 7.45443E-01 7.52898E-01
 1.04713E+00 6.05200E-01 6.80850E-01 7.48935E-01 7.56424E-01
 1.05925E+00 6.08003E-01 6.84003E-01 7.52403E-01 7.59927E-01
 1.07152E+00 6.10782E-01 6.87129E-01 7.55842E-01 7.63401E-01
 1.08393E+00 6.13541E-01 6.90234E-01 7.59258E-01 7.66850E-01
 1.09648E+00 6.16281E-01 6.93316E-01 7.62648E-01 7.70274E-01
 1.10917E+00 6.18998E-01 6.96372E-01 7.66009E-01 7.73670E-01
 1.12202E+00 6.21693E-01 6.99405E-01 7.69345E-01 7.77039E-01
 1.13501E+00 6.24366E-01 7.02412E-01 7.72654E-01 7.80380E-01
 1.14815E+00 6.27018E-01 7.05395E-01 7.75935E-01 7.83694E-01
 1.16145E+00 6.29646E-01 7.08352E-01 7.79187E-01 7.86979E-01
 1.17490E+00 6.32252E-01 7.11284E-01 7.82412E-01 7.90237E-01
 1.18850E+00 6.34834E-01 7.14189E-01 7.85608E-01 7.93464E-01
 1.20226E+00 6.37393E-01 7.17068E-01 7.88774E-01 7.96662E-01
 1.21619E+00 6.39929E-01 7.19920E-01 7.91912E-01 7.99832E-01
 1.23027E+00 6.42440E-01 7.22745E-01 7.95020E-01 8.02970E-01
 1.24451E+00 6.44929E-01 7.25545E-01 7.98099E-01 8.06080E-01
 1.25893E+00 6.47391E-01 7.28315E-01 8.01147E-01 8.09158E-01
 1.27350E+00 6.49831E-01 7.31059E-01 8.04165E-01 8.12207E-01
 1.28825E+00 6.52245E-01 7.33775E-01 8.07153E-01 8.15224E-01
 1.30317E+00 6.54635E-01 7.36464E-01 8.10110E-01 8.18212E-01
 1.31826E+00 6.56999E-01 7.39124E-01 8.13036E-01 8.21167E-01
 1.33352E+00 6.59340E-01 7.41757E-01 8.15933E-01 8.24092E-01
 1.34896E+00 6.61654E-01 7.44361E-01 8.18797E-01 8.26985E-01
 1.36458E+00 6.63944E-01 7.46937E-01 8.21631E-01 8.29847E-01
 1.38038E+00 6.66207E-01 7.49483E-01 8.24431E-01 8.32675E-01
 1.39637E+00 6.68446E-01 7.52002E-01 8.27202E-01 8.35474E-01
 1.41254E+00 6.70659E-01 7.54491E-01 8.29940E-01 8.38239E-01
 1.42889E+00 6.72846E-01 7.56952E-01 8.32647E-01 8.40973E-01
 1.44544E+00 6.75008E-01 7.59384E-01 8.35323E-01 8.43676E-01
 1.46218E+00 6.77144E-01 7.61787E-01 8.37966E-01 8.46346E-01
 1.47911E+00 6.79255E-01 7.64162E-01 8.40578E-01 8.48984E-01
 1.49624E+00 6.81340E-01 7.66507E-01 8.43158E-01 8.51590E-01
 1.51356E+00 6.83398E-01 7.68823E-01 8.45705E-01 8.54162E-01
 1.53109E+00 6.85432E-01 7.71111E-01 8.48222E-01 8.56704E-01
 1.54882E+00 6.87439E-01 7.73368E-01 8.50705E-01 8.59212E-01
 1.56675E+00 6.89420E-01 7.75598E-01 8.53158E-01 8.61689E-01
 1.58489E+00 6.91377E-01 7.77799E-01 8.55579E-01 8.64134E-01
 1.60325E+00 6.93307E-01 7.79970E-01 8.57967E-01 8.66547E-01
 1.62181E+00 6.95212E-01 7.82113E-01 8.60325E-01 8.68928E-01
 1.64059E+00 6.97090E-01 7.84227E-01 8.62649E-01 8.71276E-01
 1.65959E+00 6.98944E-01 7.86312E-01 8.64944E-01 8.73593E-01
 1.67880E+00 7.00772E-01 7.88369E-01 8.67205E-01 8.75877E-01
 1.69824E+00 7.02575E-01 7.90397E-01 8.69436E-01 8.78131E-01
 1.71791E+00 7.04353E-01 7.92397E-01 8.71637E-01 8.80353E-01
 1.73780E+00 7.06105E-01 7.94369E-01 8.73805E-01 8.82543E-01
 1.75792E+00 7.07833E-01 7.96312E-01 8.75943E-01 8.84703E-01
 1.77828E+00 7.09536E-01 7.98228E-01 8.78050E-01 8.86831E-01
 1.79887E+00 7.11214E-01 8.00115E-01 8.80127E-01 8.88928E-01
 1.81970E+00 7.12866E-01 8.01974E-01 8.82172E-01 8.90993E-01
 1.84077E+00 7.14496E-01 8.03807E-01 8.84188E-01 8.93030E-01
 1.86209E+00 7.16100E-01 8.05612E-01 8.86173E-01 8.95035E-01
 1.88365E+00 7.17679E-01 8.07389E-01 8.88128E-01 8.97009E-01
 1.90546E+00 7.19235E-01 8.09140E-01 8.90054E-01 8.98954E-01
 1.92752E+00 7.20767E-01 8.10863E-01 8.91949E-01 9.00868E-01
 1.94984E+00 7.22276E-01 8.12561E-01 8.93817E-01 9.02755E-01
 1.97242E+00 7.23760E-01 8.14230E-01 8.95653E-01 9.04610E-01
 1.99526E+00 7.25222E-01 8.15874E-01 8.97462E-01 9.06436E-01
 2.01837E+00 7.26660E-01 8.17493E-01 8.99242E-01 9.08235E-01
 2.04174E+00 7.28076E-01 8.19085E-01 9.00994E-01 9.10004E-01
 2.06538E+00 7.29468E-01 8.20651E-01 9.02716E-01 9.11744E-01
 2.08930E+00 7.30839E-01 8.22193E-01 9.04413E-01 9.13457E-01
 2.11349E+00 7.32186E-01 8.23710E-01 9.06081E-01 9.15141E-01
 2.13796E+00 7.33511E-01 8.25200E-01 9.07720E-01 9.16797E-01
 2.16272E+00 7.34816E-01 8.26668E-01 9.09334E-01 9.18428E-01
 2.18776E+00 7.36096E-01 8.28108E-01 9.10919E-01 9.20028E-01
 2.21309E+00 7.37357E-01 8.29527E-01 9.12479E-01 9.21604E-01
 2.23872E+00 7.38596E-01 8.30920E-01 9.14012E-01 9.23152E-01
 2.26464E+00 7.39813E-01 8.32290E-01 9.15519E-01 9.24674E-01
 2.29087E+00 7.41011E-01 8.33637E-01 9.17001E-01 9.26171E-01
 2.31739E+00 7.42187E-01 8.34961E-01 9.18457E-01 9.27642E-01
 2.34423E+00 7.43343E-01 8.36261E-01 9.19887E-01 9.29086E-01
 2.37137E+00 7.44480E-01 8.37540E-01 9.21294E-01 9.30506E-01
 2.39883E+00 7.45596E-01 8.38795E-01 9.22675E-01 9.31902E-01
 2.42661E+00 7.46692E-01 8.40029E-01 9.24032E-01 9.33272E-01
 2.45471E+00 7.47769E-01 8.41241E-01 9.25365E-01 9.34618E-01
 2.48313E+00 7.48827E-01 8.42430E-01 9.26673E-01 9.35940E-01
 2.51189E+00 7.49866E-01 8.43599E-01 9.27959E-01 9.37239E-01
 2.54097E+00 7.50886E-01 8.44747E-01 9.29222E-01 9.38514E-01
 2.57040E+00 7.51888E-01 8.45874E-01 9.30462E-01 9.39766E-01
 2.60016E+00 7.52872E-01 8.46981E-01 9.31679E-01 9.40996E-01
 2.63027E+00 7.53837E-01 8.48067E-01 9.32874E-01 9.42202E-01
 2.66073E+00 7.54786E-01 8.49134E-01 9.34047E-01 9.43388E-01
 2.69153E+00 7.55716E-01 8.50181E-01 9.35199E-01 9.44551E-01
 2.72270E+00 7.56629E-01 8.51208E-01 9.36329E-01 9.45692E-01
 2.75423E+00 7.57526E-01 8.52216E-01 9.37438E-01 9.46812E-01
 2.78612E+00 7.58405E-01 8.53205E-01 9.38526E-01 9.47911E-01
 2.81838E+00 7.59268E-01 8.54176E-01 9.39594E-01 9.48990E-01
 2.85102E+00 7.60115E-01 8.55129E-01 9.40642E-01 9.50048E-01
 2.88403E+00 7.60946E-01 8.56064E-01 9.41670E-01 9.51087E-01
 2.91743E+00 7.61761E-01 8.56981E-01 9.42679E-01 9.52106E-01
 2.95121E+00 7.62560E-01 8.57880E-01 9.43668E-01 9.53104E-01
 2.98538E+00 7.63344E-01 8.58763E-01 9.44639E-01 9.54085E-01
 3.01995E+00 7.64113E-01 8.59627E-01 9.45590E-01 9.55046E-01
 3.05492E+00 7.64867E-01 8.60476E-01 9.46523E-01 9.55989E-01
 3.09030E+00 7.65607E-01 8.61308E-01 9.47439E-01 9.56913E-01
 3.12608E+00 7.66332E-01 8.62124E-01 9.48336E-01 9.57820E-01
 3.16228E+00 7.67043E-01 8.62924E-01 9.49216E-01 9.58708E-01
 3.19890E+00 7.67741E-01 8.63708E-01 9.50079E-01 9.59580E-01
 3.23594E+00 7.68424E-01 8.64477E-01 9.50925E-01 9.60434E-01
 3.27341E+00 7.69094E-01 8.65231E-01 9.51754E-01 9.61272E-01
 3.31131E+00 7.69751E-01 8.65970E-01 9.52567E-01 9.62093E-01
 3.34965E+00 7.70395E-01 8.66694E-01 9.53364E-01 9.62897E-01
 3.38844E+00 7.71026E-01 8.67404E-01 9.54145E-01 9.63686E-01
 3.42768E+00 7.71644E-01 8.68100E-01 9.54910E-01 9.64459E-01
 3.46737E+00 7.72251E-01 8.68782E-01 9.55660E-01 9.65217E-01
 3.50752E+00 7.72844E-01 8.69450E-01 9.56395E-01 9.65959E-01
 3.54813E+00 7.73427E-01 8.70105E-01 9.57115E-01 9.66687E-01
 3.58922E+00 7.73997E-01 8.70746E-01 9.57821E-01 9.67399E-01
 3.63078E+00 7.74556E-01 8.71375E-01 9.58513E-01 9.68098E-01
 3.67282E+00 7.75103E-01 8.71991E-01 9.59190E-01 9.68782E-01
 3.71535E+00 7.75639E-01 8.72594E-01 9.59854E-01 9.69452E-01
 3.75837E+00 7.76165E-01 8.73186E-01 9.60504E-01 9.70109E-01
 3.80189E+00 7.76679E-01 8.73764E-01 9.61141E-01 9.70752E-01
 3.84592E+00 7.77183E-01 8.74331E-01 9.61764E-01 9.71382E-01
 3.89045E+00 7.77677E-01 8.74887E-01 9.62376E-01 9.71999E-01
 3.93550E+00 7.78161E-01 8.75431E-01 9.62974E-01 9.72604E-01
 3.98107E+00 7.78634E-01 8.75964E-01 9.63560E-01 9.73196E-01
 4.02717E+00 7.79099E-01 8.76486E-01 9.64134E-01 9.73776E-01
 4.07380E+00 7.79553E-01 8.76997E-01 9.64697E-01 9.74344E-01
 4.12098E+00 7.79998E-01 8.77497E-01 9.65247E-01 9.74900E-01
 4.16869E+00 7.80433E-01 8.77987E-01 9.65786E-01 9.75444E-01
 4.21697E+00 7.80860E-01 8.78467E-01 9.66314E-01 9.75977E-01
 4.26580E+00 7.81277E-01 8.78937E-01 9.66831E-01 9.76499E-01
 4.31519E+00 7.81686E-01 8.79397E-01 9.67337E-01 9.77010E-01
 4.36516E+00 7.82086E-01 8.79847E-01 9.67832E-01 9.77510E-01
 4.41570E+00 7.82478E-01 8.80288E-01 9.68317E-01 9.78000E-01
 4.46684E+00 7.82862E-01 8.80720E-01 9.68792E-01 9.78480E-01
 4.51856E+00 7.83238E-01 8.81143E-01 9.69257E-01 9.78949E-01
 4.57088E+00 7.83605E-01 8.81556E-01 9.69712E-01 9.79409E-01
 4.62381E+00 7.83965E-01 8.81961E-01 9.70157E-01 9.79859E-01
 4.67735E+00 7.84318E-01 8.82357E-01 9.70593E-01 9.80299E-01
 4.73151E+00 7.84662E-01 8.82745E-01 9.71020E-01 9.80730E-01
 4.78630E+00 7.85000E-01 8.83125E-01 9.71437E-01 9.81152E-01
 4.84172E+00 7.85330E-01 8.83496E-01 9.71846E-01 9.81565E-01
 4.89779E+00 7.85653E-01 8.83860E-01 9.72246E-01 9.81969E-01
 4.95450E+00 7.85970E-01 8.84216E-01 9.72638E-01 9.82364E-01
 5.01187E+00 7.86279E-01 8.84564E-01 9.73021E-01 9.82751E-01
 5.06991E+00 7.86583E-01 8.84905E-01 9.73396E-01 9.83130E-01
 5.12861E+00 7.86879E-01 8.85239E-01 9.73763E-01 9.83500E-01
 5.18800E+00 7.87169E-01 8.85565E-01 9.74122E-01 9.83863E-01
 5.24807E+00 7.87453E-01 8.85885E-01 9.74473E-01 9.84218E-01
 5.30884E+00 7.87731E-01 8.86197E-01 9.74817E-01 9.84565E-01
 5.37032E+00 7.88003E-01 8.86503E-01 9.75153E-01 9.84905E-01
 5.43250E+00 7.88269E-01 8.86802E-01 9.75482E-01 9.85237E-01
 5.49541E+00 7.88529E-01 8.87095E-01 9.75805E-01 9.85563E-01
 5.55904E+00 7.88784E-01 8.87382E-01 9.76120E-01 9.85881E-01
 5.62341E+00 7.89033E-01 8.87662E-01 9.76428E-01 9.86192E-01
 5.68853E+00 7.89276E-01 8.87936E-01 9.76729E-01 9.86497E-01
 5.75440E+00 7.89515E-01 8.88204E-01 9.77024E-01 9.86795E-01
 5.82103E+00 7.89748E-01 8.88466E-01 9.77313E-01 9.87086E-01
 5.88844E+00 7.89976E-01 8.88723E-01 9.77595E-01 9.87371E-01
 5.95662E+00 7.90199E-01 8.88974E-01 9.77871E-01 9.87650E-01
 6.02560E+00 7.90418E-01 8.89220E-01 9.78142E-01 9.87923E-01
 6.09537E+00 7.90631E-01 8.89460E-01 9.78406E-01 9.88190E-01
 6.16595E+00 7.90840E-01 8.89695E-01 9.78664E-01 9.88451E-01
 6.23735E+00 7.91044E-01 8.89925E-01 9.78917E-01 9.88706E-01
 6.30957E+00 7.91244E-01 8.90150E-01 9.79165E-01 9.88956E-01
 6.38263E+00 7.91440E-01 8.90370E-01 9.79407E-01 9.89201E-01
 6.45654E+00 7.91631E-01 8.90585E-01 9.79643E-01 9.89440E-01
 6.53131E+00 7.91818E-01 8.90795E-01 9.79875E-01 9.89673E-01
 6.60693E+00 7.92001E-01 8.91001E-01 9.80101E-01 9.89902E-01
 6.68344E+00 7.92180E-01 8.91202E-01 9.80322E-01 9.90126E-01
 6.76083E+00 7.92355E-01 8.91399E-01 9.80539E-01 9.90344E-01
 6.83912E+00 7.92526E-01 8.91592E-01 9.80751E-01 9.90558E-01
 6.91831E+00 7.92693E-01 8.91780E-01 9.80958E-01 9.90767E-01
 6.99842E+00 7.92857E-01 8.91964E-01 9.81160E-01 9.90972E-01
 7.07946E+00 7.93017E-01 8.92144E-01 9.81358E-01 9.91172E-01
 7.16143E+00 7.93173E-01 8.92320E-01 9.81552E-01 9.91368E-01
 7.24436E+00 7.93326E-01 8.92492E-01 9.81742E-01 9.91559E-01
 7.32825E+00 7.93476E-01 8.92661E-01 9.81927E-01 9.91746E-01
 7.41310E+00 7.93623E-01 8.92825E-01 9.82108E-01 9.91929E-01
 7.49894E+00 7.93766E-01 8.92986E-01 9.82285E-01 9.92108E-01
 7.58578E+00 7.93906E-01 8.93144E-01 9.82458E-01 9.92283E-01
 7.67361E+00 7.94043E-01 8.93298E-01 9.82628E-01 9.92454E-01
 7.76247E+00 7.94176E-01 8.93448E-01 9.82793E-01 9.92621E-01
 7.85236E+00 7.94307E-01 8.93596E-01 9.82955E-01 9.92785E-01
 7.94328E+00 7.94435E-01 8.93740E-01 9.83114E-01 9.92945E-01
 8.03526E+00 7.94560E-01 8.93880E-01 9.83268E-01 9.93101E-01
 8.12831E+00 7.94683E-01 8.94018E-01 9.83420E-01 9.93254E-01
 8.22243E+00 7.94802E-01 8.94153E-01 9.83568E-01 9.93404E-01
 8.31764E+00 7.94919E-01 8.94284E-01 9.83713E-01 9.93550E-01
 8.41395E+00 7.95034E-01 8.94413E-01 9.83854E-01 9.93693E-01
 8.51138E+00 7.95145E-01 8.94539E-01 9.83993E-01 9.93832E-01
 8.60994E+00 7.95255E-01 8.94662E-01 9.84128E-01 9.93969E-01
 8.70964E+00 7.95362E-01 8.94782E-01 9.84260E-01 9.94103E-01
 8.81049E+00 7.95466E-01 8.94899E-01 9.84389E-01 9.94233E-01
 8.91251E+00 7.95568E-01 8.95014E-01 9.84516E-01 9.94361E-01
 9.01571E+00 7.95668E-01 8.95127E-01 9.84640E-01 9.94486E-01
 9.12011E+00 7.95766E-01 8.95237E-01 9.84760E-01 9.94608E-01
 9.22571E+00 7.95861E-01 8.95344E-01 9.84879E-01 9.94727E-01
 9.33254E+00 7.95955E-01 8.95449E-01 9.84994E-01 9.94844E-01
 9.44061E+00 7.96046E-01 8.95552E-01 9.85107E-01 9.94958E-01
 9.54993E+00 7.96135E-01 8.95652E-01 9.85217E-01 9.95070E-01
 9.66051E+00 7.96222E-01 8.95750E-01 9.85325E-01 9.95179E-01
 9.77237E+00 7.96308E-01 8.95846E-01 9.85431E-01 9.95285E-01
 9.88553E+00 7.96391E-01 8.95940E-01 9.85534E-01 9.95389E-01
 1.00000E+01 7.96473E-01 8.96032E-01 9.85635E-01 9.95491E-01
 1.01158E+01 7.96552E-01 8.96121E-01 9.85733E-01 9.95591E-01
 1.02329E+01 7.96630E-01 8.96209E-01 9.85830E-01 9.95688E-01
 1.03514E+01 7.96706E-01 8.96295E-01 9.85924E-01 9.95783E-01
 1.04713E+01 7.96781E-01 8.96378E-01 9.86016E-01 9.95876E-01
 1.05925E+01 7.96854E-01 8.96460E-01 9.86106E-01 9.95967E-01
 1.07152E+01 7.96925E-01 8.96540E-01 9.86194E-01 9.96056E-01
 1.08393E+01 7.96994E-01 8.96618E-01 9.86280E-01 9.96143E-01
 1.09648E+01 7.97062E-01 8.96695E-01 9.86364E-01 9.96228E-01
 1.10917E+01 7.97129E-01 8.96770E-01 9.86447E-01 9.96311E-01
 1.12202E+01 7.97194E-01 8.96843E-01 9.86527E-01 9.96392E-01
 1.13501E+01 7.97257E-01 8.96914E-01 9.86606E-01 9.96472E-01
 1.14815E+01 7.97319E-01 8.96984E-01 9.86682E-01 9.96549E-01
 1.16145E+01 7.97380E-01 8.97052E-01 9.86757E-01 9.96625E-01
 1.17490E+01 7.97439E-01 8.97119E-01 9.86831E-01 9.96699E-01
 1.18850E+01 7.97497E-01 8.97184E-01 9.86903E-01 9.96772E-01
 1.20226E+01 7.97554E-01 8.97248E-01 9.86973E-01 9.96842E-01
 1.21619E+01 7.97609E-01 8.97310E-01 9.87041E-01 9.96912E-01
 1.23027E+01 7.97663E-01 8.97371E-01 9.87108E-01 9.96979E-01
 1.24451E+01 7.97716E-01 8.97431E-01 9.87174E-01 9.97045E-01
 1.25893E+01 7.97768E-01 8.97489E-01 9.87238E-01 9.97110E-01
 1.27350E+01 7.97818E-01 8.97546E-01 9.87300E-01 9.97173E-01
 1.28825E+01 7.97868E-01 8.97601E-01 9.87361E-01 9.97235E-01
 1.30317E+01 7.97916E-01 8.97656E-01 9.87421E-01 9.97295E-01
 1.31826E+01 7.97963E-01 8.97709E-01 9.87480E-01 9.97354E-01
 1.33352E+01 7.98010E-01 8.97761E-01 9.87537E-01 9.97412E-01
 1.34896E+01 7.98055E-01 8.97811E-01 9.87593E-01 9.97469E-01
 1.36458E+01 7.98099E-01 8.97861E-01 9.87647E-01 9.97524E-01
 1.38038E+01 7.98142E-01 8.97910E-01 9.87700E-01 9.97578E-01
 1.39637E+01 7.98184E-01 8.97957E-01 9.87753E-01 9.97630E-01
 1.41254E+01 7.98225E-01 8.98003E-01 9.87804E-01 9.97682E-01
 1.42889E+01 7.98265E-01 8.98049E-01 9.87853E-01 9.97732E-01
 1.44544E+01 7.98305E-01 8.98093E-01 9.87902E-01 9.97781E-01
 1.46218E+01 7.98343E-01 8.98136E-01 9.87950E-01 9.97829E-01
 1.47911E+01 7.98381E-01 8.98178E-01 9.87996E-01 9.97876E-01
 1.49624E+01 7.98417E-01 8.98220E-01 9.88042E-01 9.97922E-01
 1.51356E+01 7.98453E-01 8.98260E-01 9.88086E-01 9.97967E-01
 1.53109E+01 7.98488E-01 8.98299E-01 9.88129E-01 9.98011E-01
 1.54882E+01 7.98523E-01 8.98338E-01 9.88172E-01 9.98054E-01
 1.56675E+01 7.98556E-01 8.98376E-01 9.88213E-01 9.98095E-01
 1.58489E+01 7.98589E-01 8.98413E-01 9.88254E-01 9.98136E-01
 1.60325E+01 7.98621E-01 8.98449E-01 9.88294E-01 9.98176E-01
 1.62181E+01 7.98652E-01 8.98484E-01 9.88332E-01 9.98216E-01
 1.64059E+01 7.98683E-01 8.98518E-01 9.88370E-01 9.98254E-01
 1.65959E+01 7.98713E-01 8.98552E-01 9.88407E-01 9.98291E-01
 1.67880E+01 7.98742E-01 8.98585E-01 9.88443E-01 9.98328E-01
 1.69824E+01 7.98771E-01 8.98617E-01 9.88479E-01 9.98363E-01
 1.71791E+01 7.98798E-01 8.98648E-01 9.88513E-01 9.98398E-01
 1.73780E+01 7.98826E-01 8.98679E-01 9.88547E-01 9.98432E-01
 1.75792E+01 7.98852E-01 8.98709E-01 9.88580E-01 9.98466E-01
 1.77828E+01 7.98878E-01 8.98738E-01 9.88612E-01 9.98498E-01
 1.79887E+01 7.98904E-01 8.98767E-01 9.88644E-01 9.98530E-01
 1.81970E+01 7.98929E-01 8.98795E-01 9.88674E-01 9.98561E-01
 1.84077E+01 7.98953E-01 8.98822E-01 9.88705E-01 9.98592E-01
 1.86209E+01 7.98977E-01 8.98849E-01 9.88734E-01 9.98621E-01
 1.88365E+01 7.99000E-01 8.98875E-01 9.88763E-01 9.98650E-01
 1.90546E+01 7.99023E-01 8.98901E-01 9.88791E-01 9.98679E-01
 1.92752E+01 7.99045E-01 8.98926E-01 9.88818E-01 9.98706E-01
 1.94984E+01 7.99067E-01 8.98950E-01 9.88845E-01 9.98734E-01
 1.97242E+01 7.99088E-01 8.98974E-01 9.88871E-01 9.98760E-01
 1.99526E+01 7.99109E-01 8.98997E-01 9.88897E-01 9.98786E-01
 2.01837E+01 7.99129E-01 8.99020E-01 9.88922E-01 9.98811E-01
 2.04174E+01 7.99149E-01 8.99042E-01 9.88947E-01 9.98836E-01
 2.06538E+01 7.99168E-01 8.99064E-01 9.88970E-01 9.98860E-01
 2.08930E+01 7.99187E-01 8.99085E-01 9.88994E-01 9.98884E-01
 2.11349E+01 7.99205E-01 8.99106E-01 9.89017E-01 9.98907E-01
 2.13796E+01 7.99223E-01 8.99126E-01 9.89039E-01 9.98929E-01
 2.16272E+01 7.99241E-01 8.99146E-01 9.89061E-01 9.98952E-01
 2.18776E+01 7.99258E-01 8.99166E-01 9.89082E-01 9.98973E-01
 2.21309E+01 7.99275E-01 8.99185E-01 9.89103E-01 9.98994E-01
 2.23872E+01 7.99292E-01 8.99203E-01 9.89123E-01 9.99015E-01
 2.26464E+01 7.99308E-01 8.99221E-01 9.89143E-01 9.99035E-01
 2.29087E+01 7.99324E-01 8.99239E-01 9.89163E-01 9.99055E-01
 2.31739E+01 7.99339E-01 8.99256E-01 9.89182E-01 9.99074E-01
 2.34423E+01 7.99354E-01 8.99273E-01 9.89201E-01 9.99093E-01
 2.37137E+01 7.99369E-01 8.99290E-01 9.89219E-01 9.99111E-01
 2.39883E+01 7.99383E-01 8.99306E-01 9.89236E-01 9.99129E-01
 2.42661E+01 7.99397E-01 8.99322E-01 9.89254E-01 9.99146E-01
 2.45471E+01 7.99411E-01 8.99337E-01 9.89271E-01 9.99163E-01
 2.48313E+01 7.99424E-01 8.99352E-01 9.89287E-01 9.99180E-01
 2.51189E+01 7.99437E-01 8.99367E-01 9.89304E-01 9.99197E-01
 2.54097E+01 7.99450E-01 8.99381E-01 9.89319E-01 9.99213E-01
 2.57040E+01 7.99462E-01 8.99395E-01 9.89335E-01 9.99228E-01
 2.60016E+01 7.99475E-01 8.99409E-01 9.89350E-01 9.99243E-01
 2.63027E+01 7.99487E-01 8.99422E-01 9.89365E-01 9.99258E-01
 2.66073E+01 7.99498E-01 8.99436E-01 9.89379E-01 9.99273E-01
 2.69153E+01 7.99510E-01 8.99448E-01 9.89393E-01 9.99287E-01
 2.72270E+01 7.99521E-01 8.99461E-01 9.89407E-01 9.99301E-01
 2.75423E+01 7.99532E-01 8.99473E-01 9.89421E-01 9.99315E-01
 2.78612E+01 7.99542E-01 8.99485E-01 9.89434E-01 9.99328E-01
 2.81838E+01 7.99553E-01 8.99497E-01 9.89447E-01 9.99341E-01
 2.85102E+01 7.99563E-01 8.99508E-01 9.89459E-01 9.99354E-01
 2.88403E+01 7.99573E-01 8.99520E-01 9.89472E-01 9.99366E-01
 2.91743E+01 7.99583E-01 8.99530E-01 9.89484E-01 9.99378E-01
 2.95121E+01 7.99592E-01 8.99541E-01 9.89495E-01 9.99390E-01
 2.98538E+01 7.99601E-01 8.99552E-01 9.89507E-01 9.99402E-01
 3.01995E+01 7.99610E-01 8.99562E-01 9.89518E-01 9.99413E-01
 3.05492E+01 7.99619E-01 8.99572E-01 9.89529E-01 9.99424E-01
 3.09030E+01 7.99628E-01 8.99582E-01 9.89540E-01 9.99435E-01
 3.12608E+01 7.99636E-01 8.99591E-01 9.89550E-01 9.99446E-01
 3.16228E+01 7.99645E-01 8.99600E-01 9.89560E-01 9.99456E-01
 3.19890E+01 7.99653E-01 8.99609E-01 9.89570E-01 9.99466E-01
 3.23594E+01 7.99661E-01 8.99618E-01 9.89580E-01 9.99476E-01
 3.27341E+01 7.99668E-01 8.99627E-01 9.89590E-01 9.99486E-01
 3.31131E+01 7.99676E-01 8.99635E-01 9.89599E-01 9.99495E-01
 3.34965E+01 7.99683E-01 8.99644E-01 9.89608E-01 9.99504E-01
 3.38844E+01 7.99691E-01 8.99652E-01 9.89617E-01 9.99513E-01
 3.42768E+01 7.99698E-01 8.99660E-01 9.89626E-01 9.99522E-01
 3.46737E+01 7.99704E-01 8.99668E-01 9.89634E-01 9.99531E-01
 3.50752E+01 7.99711E-01 8.99675E-01 9.89643E-01 9.99539E-01
 3.54813E+01 7.99718E-01 8.99682E-01 9.89651E-01 9.99547E-01
 3.58922E+01 7.99724E-01 8.99690E-01 9.89659E-01 9.99555E-01
 3.63078E+01 7.99730E-01 8.99697E-01 9.89666E-01 9.99563E-01
 3.67282E+01 7.99737E-01 8.99704E-01 9.89674E-01 9.99571E-01
 3.71535E+01 7.99743E-01 8.99710E-01 9.89681E-01 9.99578E-01
 3.75837E+01 7.99748E-01 8.99717E-01 9.89689E-01 9.99586E-01
 3.80189E+01 7.99754E-01 8.99723E-01 9.89696E-01 9.99593E-01
 3.84592E+01 7.99760E-01 8.99730E-01 9.89703E-01 9.99600E-01
 3.89045E+01 7.99765E-01 8.99736E-01 9.89709E-01 9.99607E-01
 3.93550E+01 7.99771E-01 8.99742E-01 9.89716E-01 9.99613E-01
 3.98107E+01 7.99776E-01 8.99748E-01 9.89723E-01 9.99620E-01
 4.02717E+01 7.99781E-01 8.99753E-01 9.89729E-01 9.99626E-01
 4.07380E+01 7.99786E-01 8.99759E-01 9.89735E-01 9.99632E-01
 4.12098E+01 7.99791E-01 8.99765E-01 9.89741E-01 9.99638E-01
 4.16869E+01 7.99795E-01 8.99770E-01 9.89747E-01 9.99644E-01
 4.21697E+01 7.99800E-01 8.99775E-01 9.89753E-01 9.99650E-01
 4.26580E+01 7.99805E-01 8.99780E-01 9.89758E-01 9.99656E-01
 4.31519E+01 7.99809E-01 8.99785E-01 9.89764E-01 9.99661E-01
 4.36516E+01 7.99813E-01 8.99790E-01 9.89769E-01 9.99667E-01
 4.41570E+01 7.99818E-01 8.99795E-01 9.89774E-01 9.99672E-01
 4.46684E+01 7.99822E-01 8.99800E-01 9.89780E-01 9.99677E-01
 4.51856E+01 7.99826E-01 8.99804E-01 9.89785E-01 9.99682E-01
 4.57088E+01 7.99830E-01 8.99809E-01 9.89789E-01 9.99687E-01
 4.62381E+01 7.99834E-01 8.99813E-01 9.89794E-01 9.99692E-01
 4.67735E+01 7.99838E-01 8.99817E-01 9.89799E-01 9.99697E-01
 4.73151E+01 7.99841E-01 8.99821E-01 9.89804E-01 9.99702E-01
 4.78630E+01 7.99845E-01 8.99825E-01 9.89808E-01 9.99706E-01
 4.84172E+01 7.99848E-01 8.99829E-01 9.89812E-01 9.99710E-01
 4.89779E+01 7.99852E-01 8.99833E-01 9.89817E-01 9.99715E-01
 4.95450E+01 7.99855E-01 8.99837E-01 9.89821E-01 9.99719E-01
 5.01187E+01 7.99858E-01 8.99841E-01 9.89825E-01 9.99723E-01
 5.06991E+01 7.99862E-01 8.99844E-01 9.89829E-01 9.99727E-01
 5.12861E+01 7.99865E-01 8.99848E-01 9.89833E-01 9.99731E-01
 5.18800E+01 7.99868E-01 8.99851E-01 9.89837E-01 9.99735E-01
 5.24807E+01 7.99871E-01 8.99855E-01 9.89840E-01 9.99739E-01
 5.30884E+01 7.99874E-01 8.99858E-01 9.89844E-01 9.99742E-01
 5.37032E+01 7.99877E-01 8.99861E-01 9.89847E-01 9.99746E-01
 5.43250E+01 7.99880E-01 8.99864E-01 9.89851E-01 9.99749E-01
 5.49541E+01 7.99882E-01 8.99868E-01 9.89854E-01 9.99753E-01
 5.55904E+01 7.99885E-01 8.99871E-01 9.89858E-01 9.99756E-01
 5.62341E+01 7.99888E-01 8.99874E-01 9.89861E-01 9.99760E-01
 5.68853E+01 7.99890E-01 8.99876E-01 9.89864E-01 9.99763E-01
 5.75440E+01 7.99893E-01 8.99879E-01 9.89867E-01 9.99766E-01
 5.82103E+01 7.99895E-01 8.99882E-01 9.89870E-01 9.99769E-01
 5.88844E+01 7.99897E-01 8.99885E-01 9.89873E-01 9.99772E-01
 5.95662E+01 7.99900E-01 8.99887E-01 9.89876E-01 9.99775E-01
 6.02560E+01 7.99902E-01 8.99890E-01 9.89879E-01 9.99778E-01
 6.09537E+01 7.99904E-01 8.99892E-01 9.89882E-01 9.99780E-01
 6.16595E+01 7.99907E-01 8.99895E-01 9.89884E-01 9.99783E-01
 6.23735E+01 7.99909E-01 8.99897E-01 9.89887E-01 9.99786E-01
 6.30957E+01 7.99911E-01 8.99900E-01 9.89889E-01 9.99788E-01
 6.38263E+01 7.99913E-01 8.99902E-01 9.89892E-01 9.99791E-01
 6.45654E+01 7.99915E-01 8.99904E-01 9.89894E-01 9.99793E-01
 6.53131E+01 7.99917E-01 8.99906E-01 9.89897E-01 9.99796E-01
 6.60693E+01 7.99919E-01 8.99908E-01 9.89899E-01 9.99798E-01
 6.68344E+01 7.99920E-01 8.99910E-01 9.89902E-01 9.99801E-01
 6.76083E+01 7.99922E-01 8.99913E-01 9.89904E-01 9.99803E-01
 6.83912E+01 7.99924E-01 8.99914E-01 9.89906E-01 9.99805E-01
 6.91831E+01 7.99926E-01 8.99916E-01 9.89908E-01 9.99807E-01
 6.99842E+01 7.99927E-01 8.99918E-01 9.89910E-01 9.99809E-01
 7.07946E+01 7.99929E-01 8.99920E-01 9.89912E-01 9.99811E-01
 7.16143E+01 7.99931E-01 8.99922E-01 9.89914E-01 9.99813E-01
 7.24436E+01 7.99932E-01 8.99924E-01 9.89916E-01 9.99815E-01
 7.32825E+01 7.99934E-01 8.99926E-01 9.89918E-01 9.99817E-01
 7.41310E+01 7.99935E-01 8.99927E-01 9.89920E-01 9.99819E-01
 7.49894E+01 7.99937E-01 8.99929E-01 9.89922E-01 9.99821E-01
 7.58578E+01 7.99938E-01 8.99930E-01 9.89924E-01 9.99823E-01
 7.67361E+01 7.99940E-01 8.99932E-01 9.89925E-01 9.99825E-01
 7.76247E+01 7.99941E-01 8.99934E-01 9.89927E-01 9.99826E-01
 7.85236E+01 7.99942E-01 8.99935E-01 9.89929E-01 9.99828E-01
 7.94328E+01 7.99944E-01 8.99937E-01 9.89930E-01 9.99830E-01
 8.03526E+01 7.99945E-01 8.99938E-01 9.89932E-01 9.99831E-01
 8.12831E+01 7.99946E-01 8.99939E-01 9.89933E-01 9.99833E-01
 8.22243E+01 7.99947E-01 8.99941E-01 9.89935E-01 9.99834E-01
 8.31764E+01 7.99949E-01 8.99942E-01 9.89936E-01 9.99836E-01
 8.41395E+01 7.99950E-01 8.99944E-01 9.89938E-01 9.99837E-01
 8.51138E+01 7.99951E-01 8.99945E-01 9.89939E-01 9.99839E-01
 8.60994E+01 7.99952E-01 8.99946E-01 9.89941E-01 9.99840E-01
 8.70964E+01 7.99953E-01 8.99947E-01 9.89942E-01 9.99841E-01
 8.81049E+01 7.99954E-01 8.99948E-01 9.89943E-01 9.99843E-01
 8.91251E+01 7.99955E-01 8.99950E-01 9.89945E-01 9.99844E-01
 9.01571E+01 7.99956E-01 8.99951E-01 9.89946E-01 9.99845E-01
 9.12011E+01 7.99957E-01 8.99952E-01 9.89947E-01 9.99847E-01
 9.22571E+01 7.99958E-01 8.99953E-01 9.89948E-01 9.99848E-01
 9.33254E+01 7.99959E-01 8.99954E-01 9.89949E-01 9.99849E-01
 9.44061E+01 7.99960E-01 8.99955E-01 9.89951E-01 9.99850E-01
 9.54993E+01 7.99961E-01 8.99956E-01 9.89952E-01 9.99851E-01
 9.66051E+01 7.99962E-01 8.99957E-01 9.89953E-01 9.99852E-01
 9.77237E+01 7.99963E-01 8.99958E-01 9.89954E-01 9.99853E-01
 9.88553E+01 7.99964E-01 8.99959E-01 9.89955E-01 9.99855E-01
 1.00000E+02 7.99964E-01 8.99960E-01 9.89956E-01 9.99856E-01
