 1.00000E-02 1.71570E-01 2.00180E-01 2.29052E-01 2.32463E-01
 2.00000E-02 1.77404E-01 2.07179E-01 2.37411E-01 2.41017E-01
 3.00000E-02 1.83773E-01 2.14722E-01 2.46346E-01 2.50142E-01
 4.00000E-02 1.90592E-01 2.22717E-01 2.55738E-01 2.59726E-01
 5.00000E-02 1.97774E-01 2.31076E-01 2.65488E-01 2.69668E-01
 6.00000E-02 2.05251E-01 2.39718E-01 2.75507E-01 2.79883E-01
 7.00000E-02 2.12956E-01 2.48574E-01 2.85721E-01 2.90291E-01
 8.00000E-02 2.20835E-01 2.57584E-01 2.96063E-01 3.00827E-01
 9.00000E-02 2.28837E-01 2.66696E-01 3.06478E-01 3.11435E-01
 1.00000E-01 2.36921E-01 2.75866E-01 3.16916E-01 3.22064E-01
 1.10000E-01 2.45049E-01 2.85057E-01 3.27339E-01 3.32675E-01
 1.20000E-01 2.53191E-01 2.94237E-01 3.37713E-01 3.43233E-01
 1.30000E-01 2.61321E-01 3.03380E-01 3.48009E-01 3.53710E-01
 1.40000E-01 2.69419E-01 3.12465E-01 3.58207E-01 3.64084E-01
 1.50000E-01 2.77467E-01 3.21474E-01 3.68286E-01 3.74334E-01
 1.60000E-01 2.85450E-01 3.30393E-01 3.78233E-01 3.84446E-01
 1.70000E-01 2.93359E-01 3.39212E-01 3.88036E-01 3.94408E-01
 1.80000E-01 3.01182E-01 3.47921E-01 3.97686E-01 4.04211E-01
 1.90000E-01 3.08915E-01 3.56513E-01 4.07176E-01 4.13848E-01
 2.00000E-01 3.16549E-01 3.64984E-01 4.16503E-01 4.23312E-01
 2.10000E-01 3.24082E-01 3.73329E-01 4.25661E-01 4.32601E-01
 2.20000E-01 3.31510E-01 3.81545E-01 4.34650E-01 4.41713E-01
 2.30000E-01 3.38829E-01 3.89630E-01 4.43468E-01 4.50645E-01
 2.40000E-01 3.46038E-01 3.97583E-01 4.52114E-01 4.59397E-01
 2.50000E-01 3.53136E-01 4.05403E-01 4.60589E-01 4.67971E-01
 2.60000E-01 3.60121E-01 4.13090E-01 4.68894E-01 4.76366E-01
 2.70000E-01 3.66993E-01 4.20643E-01 4.77031E-01 4.84584E-01
 2.80000E-01 3.73752E-01 4.28065E-01 4.85002E-01 4.92627E-01
 2.90000E-01 3.80398E-01 4.35354E-01 4.92808E-01 5.00499E-01
 3.00000E-01 3.86932E-01 4.42513E-01 5.00452E-01 5.08200E-01
 3.10000E-01 3.93355E-01 4.49543E-01 5.07937E-01 5.15735E-01
 3.20000E-01 3.99666E-01 4.56446E-01 5.15265E-01 5.23106E-01
 3.30000E-01 4.05868E-01 4.63222E-01 5.22440E-01 5.30316E-01
 3.40000E-01 4.11961E-01 4.69875E-01 5.29464E-01 5.37369E-01
 3.50000E-01 4.17947E-01 4.76405E-01 5.36342E-01 5.44269E-01
 3.60000E-01 4.23827E-01 4.82815E-01 5.43075E-01 5.51018E-01
 3.70000E-01 4.29603E-01 4.89108E-01 5.49667E-01 5.57620E-01
 3.80000E-01 4.35276E-01 4.95284E-01 5.56122E-01 5.64079E-01
 3.90000E-01 4.40848E-01 5.01347E-01 5.62442E-01 5.70398E-01
 4.00000E-01 4.46320E-01 5.07299E-01 5.68631E-01 5.76581E-01
 4.10000E-01 4.51695E-01 5.13141E-01 5.74691E-01 5.82630E-01
 4.20000E-01 4.56973E-01 5.18876E-01 5.80627E-01 5.88550E-01
 4.30000E-01 4.62157E-01 5.24506E-01 5.86441E-01 5.94344E-01
 4.40000E-01 4.67248E-01 5.30033E-01 5.92136E-01 6.00014E-01
 4.50000E-01 4.72247E-01 5.35460E-01 5.97715E-01 6.05565E-01
 4.60000E-01 4.77157E-01 5.40788E-01 6.03181E-01 6.10999E-01
 4.70000E-01 4.81979E-01 5.46020E-01 6.08537E-01 6.16319E-01
 4.80000E-01 4.86714E-01 5.51157E-01 6.13786E-01 6.21529E-01
 4.90000E-01 4.91364E-01 5.56201E-01 6.18930E-01 6.26630E-01
 5.00000E-01 4.96250E-01 5.61156E-01 6.23972E-01 6.31627E-01
 5.10000E-01 5.01841E-01 5.66021E-01 6.28915E-01 6.36521E-01
 5.20000E-01 5.07309E-01 5.70800E-01 6.33761E-01 6.41316E-01
 5.30000E-01 5.12657E-01 5.76739E-01 6.38513E-01 6.46014E-01
 5.40000E-01 5.17888E-01 5.82624E-01 6.43173E-01 6.50617E-01
 5.50000E-01 5.23004E-01 5.88379E-01 6.47743E-01 6.55129E-01
 5.60000E-01 5.28007E-01 5.94008E-01 6.53409E-01 6.59943E-01
 5.70000E-01 5.32901E-01 5.99514E-01 6.59465E-01 6.66060E-01
 5.80000E-01 5.37687E-01 6.04898E-01 6.65388E-01 6.72042E-01
 5.90000E-01 5.42369E-01 6.10165E-01 6.71181E-01 6.77893E-01
 6.00000E-01 5.46947E-01 6.15316E-01 6.76847E-01 6.83616E-01
 6.10000E-01 5.51426E-01 6.20354E-01 6.82389E-01 6.89213E-01
 6.20000E-01 5.55806E-01 6.25282E-01 6.87810E-01 6.94688E-01
 6.30000E-01 5.60091E-01 6.30102E-01 6.93112E-01 7.00043E-01
 6.40000E-01 5.64282E-01 6.34817E-01 6.98298E-01 7.05281E-01
 6.50000E-01 5.68381E-01 6.39429E-01 7.03372E-01 7.10405E-01
 6.60000E-01 5.72391E-01 6.43940E-01 7.08334E-01 7.15418E-01
 6.70000E-01 5.76314E-01 6.48354E-01 7.13189E-01 7.20321E-01
 6.80000E-01 5.80152E-01 6.52671E-01 7.17938E-01 7.25118E-01
 6.90000E-01 5.83907E-01 6.56895E-01 7.22584E-01 7.29810E-01
 7.00000E-01 5.87580E-01 6.61027E-01 7.27130E-01 7.34401E-01
 7.10000E-01 5.91174E-01 6.65070E-01 7.31578E-01 7.38893E-01
 7.20000E-01 5.94690E-01 6.69026E-01 7.35929E-01 7.43288E-01
 7.30000E-01 5.98131E-01 6.72897E-01 7.40187E-01 7.47589E-01
 7.40000E-01 6.01498E-01 6.76685E-01 7.44354E-01 7.51797E-01
 7.50000E-01 6.04793E-01 6.80392E-01 7.48431E-01 7.55915E-01
 7.60000E-01 6.08017E-01 6.84019E-01 7.52421E-01 7.59945E-01
 7.70000E-01 6.11172E-01 6.87569E-01 7.56326E-01 7.63889E-01
 7.80000E-01 6.14261E-01 6.91044E-01 7.60148E-01 7.67749E-01
 7.90000E-01 6.17284E-01 6.94444E-01 7.63889E-01 7.71528E-01
 8.00000E-01 6.20243E-01 6.97773E-01 7.67551E-01 7.75226E-01
 8.10000E-01 6.23139E-01 7.01032E-01 7.71135E-01 7.78846E-01
 8.20000E-01 6.25975E-01 7.04222E-01 7.74644E-01 7.82391E-01
 8.30000E-01 6.28751E-01 7.07345E-01 7.78080E-01 7.85861E-01
 8.40000E-01 6.31469E-01 7.10403E-01 7.81443E-01 7.89258E-01
 8.50000E-01 6.34131E-01 7.13397E-01 7.84737E-01 7.92584E-01
 8.60000E-01 6.36737E-01 7.16329E-01 7.87962E-01 7.95842E-01
 8.70000E-01 6.39289E-01 7.19200E-01 7.91120E-01 7.99031E-01
 8.80000E-01 6.41788E-01 7.22012E-01 7.94213E-01 8.02155E-01
 8.90000E-01 6.44236E-01 7.24766E-01 7.97242E-01 8.05215E-01
 9.00000E-01 6.46634E-01 7.27463E-01 8.00209E-01 8.08212E-01
 9.10000E-01 6.48982E-01 7.30105E-01 8.03116E-01 8.11147E-01
 9.20000E-01 6.51283E-01 7.32694E-01 8.05963E-01 8.14023E-01
 9.30000E-01 6.53537E-01 7.35229E-01 8.08752E-01 8.16840E-01
 9.40000E-01 6.55745E-01 7.37714E-01 8.11485E-01 8.19600E-01
 9.50000E-01 6.57909E-01 7.40148E-01 8.14163E-01 8.22304E-01
 9.60000E-01 6.60030E-01 7.42533E-01 8.16787E-01 8.24954E-01
 9.70000E-01 6.62107E-01 7.44871E-01 8.19358E-01 8.27551E-01
 9.80000E-01 6.64144E-01 7.47162E-01 8.21878E-01 8.30097E-01
 9.90000E-01 6.66139E-01 7.49407E-01 8.24348E-01 8.32591E-01
 1.00000E+00 6.68096E-01 7.51608E-01 8.26769E-01 8.35036E-01
 1.01158E+00 6.70313E-01 7.54102E-01 8.29512E-01 8.37807E-01
 1.02329E+00 6.72504E-01 7.56567E-01 8.32224E-01 8.40546E-01
 1.03514E+00 6.74670E-01 7.59004E-01 8.34904E-01 8.43253E-01
 1.04713E+00 6.76810E-01 7.61412E-01 8.37553E-01 8.45928E-01
 1.05925E+00 6.78925E-01 7.63790E-01 8.40169E-01 8.48571E-01
 1.07152E+00 6.81014E-01 7.66140E-01 8.42754E-01 8.51182E-01
 1.08393E+00 6.83076E-01 7.68461E-01 8.45307E-01 8.53760E-01
 1.09648E+00 6.85114E-01 7.70753E-01 8.47828E-01 8.56306E-01
 1.10917E+00 6.87125E-01 7.73016E-01 8.50317E-01 8.58821E-01
 1.12202E+00 6.89111E-01 7.75250E-01 8.52775E-01 8.61302E-01
 1.13501E+00 6.91071E-01 7.77455E-01 8.55200E-01 8.63752E-01
 1.14815E+00 6.93005E-01 7.79631E-01 8.57594E-01 8.66170E-01
 1.16145E+00 6.94914E-01 7.81778E-01 8.59956E-01 8.68555E-01
 1.17490E+00 6.96797E-01 7.83897E-01 8.62286E-01 8.70909E-01
 1.18850E+00 6.98655E-01 7.85986E-01 8.64585E-01 8.73231E-01
 1.20226E+00 7.00487E-01 7.88048E-01 8.66852E-01 8.75521E-01
 1.21619E+00 7.02294E-01 7.90080E-01 8.69088E-01 8.77779E-01
 1.23027E+00 7.04075E-01 7.92085E-01 8.71293E-01 8.80006E-01
 1.24451E+00 7.05832E-01 7.94061E-01 8.73467E-01 8.82201E-01
 1.25893E+00 7.07563E-01 7.96008E-01 8.75609E-01 8.84365E-01
 1.27350E+00 7.09269E-01 7.97928E-01 8.77721E-01 8.86498E-01
 1.28825E+00 7.10951E-01 7.99820E-01 8.79802E-01 8.88600E-01
 1.30317E+00 7.12608E-01 8.01684E-01 8.81852E-01 8.90671E-01
 1.31826E+00 7.14240E-01 8.03521E-01 8.83873E-01 8.92711E-01
 1.33352E+00 7.15849E-01 8.05330E-01 8.85863E-01 8.94721E-01
 1.34896E+00 7.17432E-01 8.07111E-01 8.87823E-01 8.96701E-01
 1.36458E+00 7.18992E-01 8.08866E-01 8.89753E-01 8.98650E-01
 1.38038E+00 7.20528E-01 8.10594E-01 8.91653E-01 9.00570E-01
 1.39637E+00 7.22040E-01 8.12295E-01 8.93525E-01 9.02460E-01
 1.41254E+00 7.23529E-01 8.13970E-01 8.95367E-01 9.04320E-01
 1.42889E+00 7.24994E-01 8.15618E-01 8.97180E-01 9.06151E-01
 1.44544E+00 7.26436E-01 8.17240E-01 8.98964E-01 9.07954E-01
 1.46218E+00 7.27855E-01 8.18836E-01 9.00720E-01 9.09727E-01
 1.47911E+00 7.29251E-01 8.20407E-01 9.02448E-01 9.11472E-01
 1.49624E+00 7.30624E-01 8.21952E-01 9.04147E-01 9.13189E-01
 1.51356E+00 7.31975E-01 8.23472E-01 9.05819E-01 9.14878E-01
 1.53109E+00 7.33304E-01 8.24967E-01 9.07464E-01 9.16539E-01
 1.54882E+00 7.34611E-01 8.26438E-01 9.09081E-01 9.18172E-01
 1.56675E+00 7.35896E-01 8.27883E-01 9.10672E-01 9.19779E-01
 1.58489E+00 7.37160E-01 8.29305E-01 9.12236E-01 9.21358E-01
 1.60325E+00 7.38402E-01 8.30703E-01 9.13773E-01 9.22911E-01
 1.62181E+00 7.39624E-01 8.32077E-01 9.15284E-01 9.24437E-01
 1.64059E+00 7.40824E-01 8.33427E-01 9.16770E-01 9.25937E-01
 1.65959E+00 7.42004E-01 8.34754E-01 9.18230E-01 9.27412E-01
 1.67880E+00 7.43163E-01 8.36059E-01 9.19664E-01 9.28861E-01
 1.69824E+00 7.44302E-01 8.37340E-01 9.21074E-01 9.30285E-01
 1.71791E+00 7.45422E-01 8.38599E-01 9.22459E-01 9.31684E-01
 1.73780E+00 7.46521E-01 8.39836E-01 9.23820E-01 9.33058E-01
 1.75792E+00 7.47601E-01 8.41051E-01 9.25157E-01 9.34408E-01
 1.77828E+00 7.48662E-01 8.42245E-01 9.26469E-01 9.35734E-01
 1.79887E+00 7.49704E-01 8.43417E-01 9.27759E-01 9.37036E-01
 1.81970E+00 7.50727E-01 8.44568E-01 9.29025E-01 9.38315E-01
 1.84077E+00 7.51732E-01 8.45698E-01 9.30268E-01 9.39571E-01
 1.86209E+00 7.52718E-01 8.46808E-01 9.31489E-01 9.40804E-01
 1.88365E+00 7.53687E-01 8.47898E-01 9.32688E-01 9.42014E-01
 1.90546E+00 7.54638E-01 8.48967E-01 9.33864E-01 9.43203E-01
 1.92752E+00 7.55571E-01 8.50017E-01 9.35019E-01 9.44369E-01
 1.94984E+00 7.56487E-01 8.51048E-01 9.36152E-01 9.45514E-01
 1.97242E+00 7.57386E-01 8.52059E-01 9.37265E-01 9.46638E-01
 1.99526E+00 7.58268E-01 8.53051E-01 9.38357E-01 9.47740E-01
 2.01837E+00 7.59134E-01 8.54025E-01 9.39428E-01 9.48822E-01
 2.04174E+00 7.59983E-01 8.54981E-01 9.40479E-01 9.49884E-01
 2.06538E+00 7.60816E-01 8.55918E-01 9.41510E-01 9.50925E-01
 2.08930E+00 7.61634E-01 8.56838E-01 9.42521E-01 9.51947E-01
 2.11349E+00 7.62435E-01 8.57740E-01 9.43514E-01 9.52949E-01
 2.13796E+00 7.63222E-01 8.58625E-01 9.44487E-01 9.53932E-01
 2.16272E+00 7.63993E-01 8.59492E-01 9.45442E-01 9.54896E-01
 2.18776E+00 7.64750E-01 8.60344E-01 9.46378E-01 9.55842E-01
 2.21309E+00 7.65492E-01 8.61178E-01 9.47296E-01 9.56769E-01
 2.23872E+00 7.66219E-01 8.61997E-01 9.48196E-01 9.57678E-01
 2.26464E+00 7.66933E-01 8.62799E-01 9.49079E-01 9.58570E-01
 2.29087E+00 7.67632E-01 8.63586E-01 9.49945E-01 9.59444E-01
 2.31739E+00 7.68318E-01 8.64357E-01 9.50793E-01 9.60301E-01
 2.34423E+00 7.68990E-01 8.65114E-01 9.51625E-01 9.61141E-01
 2.37137E+00 7.69649E-01 8.65855E-01 9.52440E-01 9.61965E-01
 2.39883E+00 7.70295E-01 8.66581E-01 9.53240E-01 9.62772E-01
 2.42661E+00 7.70928E-01 8.67294E-01 9.54023E-01 9.63563E-01
 2.45471E+00 7.71548E-01 8.67992E-01 9.54791E-01 9.64339E-01
 2.48313E+00 7.72156E-01 8.68676E-01 9.55543E-01 9.65099E-01
 2.51189E+00 7.72752E-01 8.69346E-01 9.56281E-01 9.65843E-01
 2.54097E+00 7.73336E-01 8.70003E-01 9.57003E-01 9.66573E-01
 2.57040E+00 7.73908E-01 8.70646E-01 9.57711E-01 9.67288E-01
 2.60016E+00 7.74469E-01 8.71277E-01 9.58405E-01 9.67989E-01
 2.63027E+00 7.75018E-01 8.71895E-01 9.59084E-01 9.68675E-01
 2.66073E+00 7.75556E-01 8.72500E-01 9.59750E-01 9.69348E-01
 2.69153E+00 7.76083E-01 8.73093E-01 9.60403E-01 9.70007E-01
 2.72270E+00 7.76599E-01 8.73674E-01 9.61041E-01 9.70652E-01
 2.75423E+00 7.77105E-01 8.74243E-01 9.61667E-01 9.71284E-01
 2.78612E+00 7.77600E-01 8.74800E-01 9.62280E-01 9.71903E-01
 2.81838E+00 7.78086E-01 8.75346E-01 9.62881E-01 9.72510E-01
 2.85102E+00 7.78561E-01 8.75881E-01 9.63469E-01 9.73104E-01
 2.88403E+00 7.79026E-01 8.76404E-01 9.64045E-01 9.73685E-01
 2.91743E+00 7.79482E-01 8.76917E-01 9.64609E-01 9.74255E-01
 2.95121E+00 7.79928E-01 8.77419E-01 9.65161E-01 9.74813E-01
 2.98538E+00 7.80365E-01 8.77911E-01 9.65702E-01 9.75359E-01
 3.01995E+00 7.80793E-01 8.78392E-01 9.66232E-01 9.75894E-01
 3.05492E+00 7.81212E-01 8.78864E-01 9.66750E-01 9.76418E-01
 3.09030E+00 7.81623E-01 8.79325E-01 9.67258E-01 9.76930E-01
 3.12608E+00 7.82024E-01 8.79777E-01 9.67755E-01 9.77432E-01
 3.16228E+00 7.82417E-01 8.80220E-01 9.68242E-01 9.77924E-01
 3.19890E+00 7.82802E-01 8.80653E-01 9.68718E-01 9.78405E-01
 3.23594E+00 7.83179E-01 8.81077E-01 9.69184E-01 9.78876E-01
 3.27341E+00 7.83548E-01 8.81492E-01 9.69641E-01 9.79337E-01
 3.31131E+00 7.83909E-01 8.81898E-01 9.70088E-01 9.79789E-01
 3.34965E+00 7.84263E-01 8.82296E-01 9.70525E-01 9.80230E-01
 3.38844E+00 7.84609E-01 8.82685E-01 9.70953E-01 9.80663E-01
 3.42768E+00 7.84947E-01 8.83066E-01 9.71372E-01 9.81086E-01
 3.46737E+00 7.85279E-01 8.83439E-01 9.71783E-01 9.81500E-01
 3.50752E+00 7.85603E-01 8.83804E-01 9.72184E-01 9.81906E-01
 3.54813E+00 7.85921E-01 8.84161E-01 9.72577E-01 9.82303E-01
 3.58922E+00 7.86231E-01 8.84510E-01 9.72961E-01 9.82691E-01
 3.63078E+00 7.86535E-01 8.84852E-01 9.73337E-01 9.83071E-01
 3.67282E+00 7.86833E-01 8.85187E-01 9.73706E-01 9.83443E-01
 3.71535E+00 7.87124E-01 8.85514E-01 9.74066E-01 9.83807E-01
 3.75837E+00 7.87409E-01 8.85835E-01 9.74418E-01 9.84163E-01
 3.80189E+00 7.87688E-01 8.86149E-01 9.74763E-01 9.84511E-01
 3.84592E+00 7.87960E-01 8.86455E-01 9.75101E-01 9.84852E-01
 3.89045E+00 7.88227E-01 8.86756E-01 9.75431E-01 9.85186E-01
 3.93550E+00 7.88488E-01 8.87049E-01 9.75754E-01 9.85512E-01
 3.98107E+00 7.88744E-01 8.87337E-01 9.76070E-01 9.85831E-01
 4.02717E+00 7.88994E-01 8.87618E-01 9.76380E-01 9.86144E-01
 4.07380E+00 7.89238E-01 8.87893E-01 9.76682E-01 9.86449E-01
 4.12098E+00 7.89477E-01 8.88162E-01 9.76978E-01 9.86748E-01
 4.16869E+00 7.89712E-01 8.88425E-01 9.77268E-01 9.87041E-01
 4.21697E+00 7.89940E-01 8.88683E-01 9.77551E-01 9.87327E-01
 4.26580E+00 7.90164E-01 8.88935E-01 9.77828E-01 9.87607E-01
 4.31519E+00 7.90384E-01 8.89181E-01 9.78100E-01 9.87881E-01
 4.36516E+00 7.90598E-01 8.89423E-01 9.78365E-01 9.88148E-01
 4.41570E+00 7.90807E-01 8.89658E-01 9.78624E-01 9.88410E-01
 4.46684E+00 7.91012E-01 8.89889E-01 9.78878E-01 9.88667E-01
 4.51856E+00 7.91213E-01 8.90115E-01 9.79126E-01 9.88917E-01
 4.57088E+00 7.91409E-01 8.90335E-01 9.79369E-01 9.89163E-01
 4.62381E+00 7.91601E-01 8.90551E-01 9.79606E-01 9.89402E-01
 4.67735E+00 7.91789E-01 8.90762E-01 9.79839E-01 9.89637E-01
 4.73151E+00 7.91972E-01 8.90969E-01 9.80066E-01 9.89866E-01
 4.78630E+00 7.92152E-01 8.91171E-01 9.80288E-01 9.90091E-01
 4.84172E+00 7.92327E-01 8.91368E-01 9.80505E-01 9.90310E-01
 4.89779E+00 7.92499E-01 8.91562E-01 9.80718E-01 9.90525E-01
 4.95450E+00 7.92667E-01 8.91750E-01 9.80926E-01 9.90735E-01
 5.01187E+00 7.92831E-01 8.91935E-01 9.81129E-01 9.90940E-01
 5.06991E+00 7.92992E-01 8.92116E-01 9.81328E-01 9.91141E-01
 5.12861E+00 7.93149E-01 8.92293E-01 9.81522E-01 9.91337E-01
 5.18800E+00 7.93303E-01 8.92465E-01 9.81712E-01 9.91529E-01
 5.24807E+00 7.93453E-01 8.92634E-01 9.81898E-01 9.91717E-01
 5.30884E+00 7.93600E-01 8.92800E-01 9.82080E-01 9.91901E-01
 5.37032E+00 7.93743E-01 8.92961E-01 9.82257E-01 9.92080E-01
 5.43250E+00 7.93884E-01 8.93119E-01 9.82431E-01 9.92256E-01
 5.49541E+00 7.94021E-01 8.93274E-01 9.82601E-01 9.92427E-01
 5.55904E+00 7.94156E-01 8.93425E-01 9.82768E-01 9.92595E-01
 5.62341E+00 7.94287E-01 8.93573E-01 9.82930E-01 9.92759E-01
 5.68853E+00 7.94415E-01 8.93717E-01 9.83089E-01 9.92920E-01
 5.75440E+00 7.94541E-01 8.93858E-01 9.83244E-01 9.93077E-01
 5.82103E+00 7.94664E-01 8.93997E-01 9.83396E-01 9.93230E-01
 5.88844E+00 7.94784E-01 8.94132E-01 9.83545E-01 9.93380E-01
 5.95662E+00 7.94901E-01 8.94264E-01 9.83690E-01 9.93527E-01
 6.02560E+00 7.95016E-01 8.94393E-01 9.83832E-01 9.93670E-01
 6.09537E+00 7.95128E-01 8.94519E-01 9.83971E-01 9.93811E-01
 6.16595E+00 7.95238E-01 8.94643E-01 9.84107E-01 9.93948E-01
 6.23735E+00 7.95345E-01 8.94763E-01 9.84240E-01 9.94082E-01
 6.30957E+00 7.95450E-01 8.94881E-01 9.84369E-01 9.94213E-01
 6.38263E+00 7.95552E-01 8.94997E-01 9.84496E-01 9.94341E-01
 6.45654E+00 7.95653E-01 8.95109E-01 9.84620E-01 9.94466E-01
 6.53131E+00 7.95751E-01 8.95220E-01 9.84742E-01 9.94589E-01
 6.60693E+00 7.95847E-01 8.95327E-01 9.84860E-01 9.94709E-01
 6.68344E+00 7.95940E-01 8.95433E-01 9.84976E-01 9.94826E-01
 6.76083E+00 7.96032E-01 8.95536E-01 9.85089E-01 9.94940E-01
 6.83912E+00 7.96121E-01 8.95637E-01 9.85200E-01 9.95052E-01
 6.91831E+00 7.96209E-01 8.95735E-01 9.85309E-01 9.95162E-01
 6.99842E+00 7.96294E-01 8.95831E-01 9.85414E-01 9.95269E-01
 7.07946E+00 7.96378E-01 8.95925E-01 9.85518E-01 9.95373E-01
 7.16143E+00 7.96460E-01 8.96017E-01 9.85619E-01 9.95475E-01
 7.24436E+00 7.96540E-01 8.96107E-01 9.85718E-01 9.95575E-01
 7.32825E+00 7.96618E-01 8.96195E-01 9.85815E-01 9.95673E-01
 7.41310E+00 7.96694E-01 8.96281E-01 9.85909E-01 9.95769E-01
 7.49894E+00 7.96769E-01 8.96365E-01 9.86002E-01 9.95862E-01
 7.58578E+00 7.96842E-01 8.96447E-01 9.86092E-01 9.95953E-01
 7.67361E+00 7.96914E-01 8.96528E-01 9.86181E-01 9.96042E-01
 7.76247E+00 7.96983E-01 8.96606E-01 9.86267E-01 9.96130E-01
 7.85236E+00 7.97052E-01 8.96683E-01 9.86351E-01 9.96215E-01
 7.94328E+00 7.97118E-01 8.96758E-01 9.86434E-01 9.96298E-01
 8.03526E+00 7.97183E-01 8.96831E-01 9.86515E-01 9.96380E-01
 8.12831E+00 7.97247E-01 8.96903E-01 9.86593E-01 9.96459E-01
 8.22243E+00 7.97309E-01 8.96973E-01 9.86670E-01 9.96537E-01
 8.31764E+00 7.97370E-01 8.97042E-01 9.86746E-01 9.96613E-01
 8.41395E+00 7.97430E-01 8.97109E-01 9.86819E-01 9.96688E-01
 8.51138E+00 7.97488E-01 8.97174E-01 9.86891E-01 9.96760E-01
 8.60994E+00 7.97545E-01 8.97238E-01 9.86962E-01 9.96831E-01
 8.70964E+00 7.97600E-01 8.97301E-01 9.87031E-01 9.96901E-01
 8.81049E+00 7.97655E-01 8.97362E-01 9.87098E-01 9.96969E-01
 8.91251E+00 7.97708E-01 8.97421E-01 9.87164E-01 9.97035E-01
 9.01571E+00 7.97760E-01 8.97480E-01 9.87228E-01 9.97100E-01
 9.12011E+00 7.97811E-01 8.97537E-01 9.87291E-01 9.97163E-01
 9.22571E+00 7.97860E-01 8.97593E-01 9.87352E-01 9.97225E-01
 9.33254E+00 7.97909E-01 8.97647E-01 9.87412E-01 9.97286E-01
 9.44061E+00 7.97956E-01 8.97701E-01 9.87471E-01 9.97345E-01
 9.54993E+00 7.98002E-01 8.97753E-01 9.87528E-01 9.97403E-01
 9.66051E+00 7.98048E-01 8.97804E-01 9.87584E-01 9.97460E-01
 9.77237E+00 7.98092E-01 8.97853E-01 9.87639E-01 9.97515E-01
 9.88553E+00 7.98135E-01 8.97902E-01 9.87692E-01 9.97569E-01
 1.00000E+01 7.98177E-01 8.97950E-01 9.87745E-01 9.97622E-01
 1.01158E+01 7.98219E-01 8.97996E-01 9.87796E-01 9.97674E-01
 1.02329E+01 7.98259E-01 8.98041E-01 9.87846E-01 9.97724E-01
 1.03514E+01 7.98299E-01 8.98086E-01 9.87894E-01 9.97773E-01
 1.04713E+01 7.98337E-01 8.98129E-01 9.87942E-01 9.97822E-01
 1.05925E+01 7.98375E-01 8.98172E-01 9.87989E-01 9.97869E-01
 1.07152E+01 7.98412E-01 8.98213E-01 9.88035E-01 9.97915E-01
 1.08393E+01 7.98448E-01 8.98254E-01 9.88079E-01 9.97960E-01
 1.09648E+01 7.98483E-01 8.98293E-01 9.88123E-01 9.98004E-01
 1.10917E+01 7.98517E-01 8.98332E-01 9.88165E-01 9.98047E-01
 1.12202E+01 7.98551E-01 8.98370E-01 9.88207E-01 9.98089E-01
 1.13501E+01 7.98584E-01 8.98407E-01 9.88248E-01 9.98130E-01
 1.14815E+01 7.98616E-01 8.98443E-01 9.88287E-01 9.98170E-01
 1.16145E+01 7.98647E-01 8.98478E-01 9.88326E-01 9.98209E-01
 1.17490E+01 7.98678E-01 8.98513E-01 9.88364E-01 9.98248E-01
 1.18850E+01 7.98708E-01 8.98547E-01 9.88401E-01 9.98285E-01
 1.20226E+01 7.98737E-01 8.98580E-01 9.88438E-01 9.98322E-01
 1.21619E+01 7.98766E-01 8.98612E-01 9.88473E-01 9.98358E-01
 1.23027E+01 7.98794E-01 8.98643E-01 9.88508E-01 9.98393E-01
 1.24451E+01 7.98822E-01 8.98674E-01 9.88542E-01 9.98427E-01
 1.25893E+01 7.98848E-01 8.98704E-01 9.88575E-01 9.98460E-01
 1.27350E+01 7.98874E-01 8.98734E-01 9.88607E-01 9.98493E-01
 1.28825E+01 7.98900E-01 8.98762E-01 9.88639E-01 9.98525E-01
 1.30317E+01 7.98925E-01 8.98791E-01 9.88670E-01 9.98556E-01
 1.31826E+01 7.98949E-01 8.98818E-01 9.88700E-01 9.98587E-01
 1.33352E+01 7.98973E-01 8.98845E-01 9.88729E-01 9.98617E-01
 1.34896E+01 7.98997E-01 8.98871E-01 9.88758E-01 9.98646E-01
 1.36458E+01 7.99019E-01 8.98897E-01 9.88786E-01 9.98674E-01
 1.38038E+01 7.99042E-01 8.98922E-01 9.88814E-01 9.98702E-01
 1.39637E+01 7.99063E-01 8.98946E-01 9.88841E-01 9.98729E-01
 1.41254E+01 7.99085E-01 8.98970E-01 9.88867E-01 9.98756E-01
 1.42889E+01 7.99105E-01 8.98994E-01 9.88893E-01 9.98782E-01
 1.44544E+01 7.99126E-01 8.99016E-01 9.88918E-01 9.98807E-01
 1.46218E+01 7.99146E-01 8.99039E-01 9.88943E-01 9.98832E-01
 1.47911E+01 7.99165E-01 8.99061E-01 9.88967E-01 9.98856E-01
 1.49624E+01 7.99184E-01 8.99082E-01 9.88990E-01 9.98880E-01
 1.51356E+01 7.99203E-01 8.99103E-01 9.89013E-01 9.98903E-01
 1.53109E+01 7.99221E-01 8.99123E-01 9.89036E-01 9.98926E-01
 1.54882E+01 7.99238E-01 8.99143E-01 9.89058E-01 9.98948E-01
 1.56675E+01 7.99256E-01 8.99163E-01 9.89079E-01 9.98970E-01
 1.58489E+01 7.99273E-01 8.99182E-01 9.89100E-01 9.98991E-01
 1.60325E+01 7.99289E-01 8.99200E-01 9.89120E-01 9.99012E-01
 1.62181E+01 7.99305E-01 8.99218E-01 9.89140E-01 9.99032E-01
 1.64059E+01 7.99321E-01 8.99236E-01 9.89160E-01 9.99051E-01
 1.65959E+01 7.99337E-01 8.99254E-01 9.89179E-01 9.99071E-01
 1.67880E+01 7.99352E-01 8.99271E-01 9.89198E-01 9.99090E-01
 1.69824E+01 7.99366E-01 8.99287E-01 9.89216E-01 9.99108E-01
 1.71791E+01 7.99381E-01 8.99303E-01 9.89234E-01 9.99126E-01
 1.73780E+01 7.99395E-01 8.99319E-01 9.89251E-01 9.99144E-01
 1.75792E+01 7.99409E-01 8.99335E-01 9.89268E-01 9.99161E-01
 1.77828E+01 7.99422E-01 8.99350E-01 9.89285E-01 9.99178E-01
 1.79887E+01 7.99435E-01 8.99365E-01 9.89301E-01 9.99194E-01
 1.81970E+01 7.99448E-01 8.99379E-01 9.89317E-01 9.99210E-01
 1.84077E+01 7.99461E-01 8.99393E-01 9.89332E-01 9.99226E-01
 1.86209E+01 7.99473E-01 8.99407E-01 9.89348E-01 9.99241E-01
 1.88365E+01 7.99485E-01 8.99420E-01 9.89362E-01 9.99256E-01
 1.90546E+01 7.99497E-01 8.99434E-01 9.89377E-01 9.99271E-01
 1.92752E+01 7.99508E-01 8.99446E-01 9.89391E-01 9.99285E-01
 1.94984E+01 7.99519E-01 8.99459E-01 9.89405E-01 9.99299E-01
 1.97242E+01 7.99530E-01 8.99471E-01 9.89418E-01 9.99313E-01
 1.99526E+01 7.99541E-01 8.99483E-01 9.89432E-01 9.99326E-01
 2.01837E+01 7.99551E-01 8.99495E-01 9.89445E-01 9.99339E-01
 2.04174E+01 7.99561E-01 8.99507E-01 9.89457E-01 9.99352E-01
 2.06538E+01 7.99571E-01 8.99518E-01 9.89470E-01 9.99364E-01
 2.08930E+01 7.99581E-01 8.99529E-01 9.89482E-01 9.99376E-01
 2.11349E+01 7.99591E-01 8.99539E-01 9.89493E-01 9.99388E-01
 2.13796E+01 7.99600E-01 8.99550E-01 9.89505E-01 9.99400E-01
 2.16272E+01 7.99609E-01 8.99560E-01 9.89516E-01 9.99411E-01
 2.18776E+01 7.99618E-01 8.99570E-01 9.89527E-01 9.99423E-01
 2.21309E+01 7.99627E-01 8.99580E-01 9.89538E-01 9.99433E-01
 2.23872E+01 7.99635E-01 8.99590E-01 9.89548E-01 9.99444E-01
 2.26464E+01 7.99643E-01 8.99599E-01 9.89559E-01 9.99454E-01
 2.29087E+01 7.99652E-01 8.99608E-01 9.89569E-01 9.99464E-01
 2.31739E+01 7.99659E-01 8.99617E-01 9.89579E-01 9.99474E-01
 2.34423E+01 7.99667E-01 8.99626E-01 9.89588E-01 9.99484E-01
 2.37137E+01 7.99675E-01 8.99634E-01 9.89598E-01 9.99494E-01
 2.39883E+01 7.99682E-01 8.99642E-01 9.89607E-01 9.99503E-01
 2.42661E+01 7.99689E-01 8.99651E-01 9.89616E-01 9.99512E-01
 2.45471E+01 7.99696E-01 8.99659E-01 9.89624E-01 9.99521E-01
 2.48313E+01 7.99703E-01 8.99666E-01 9.89633E-01 9.99529E-01
 2.51189E+01 7.99710E-01 8.99674E-01 9.89641E-01 9.99538E-01
 2.54097E+01 7.99717E-01 8.99681E-01 9.89649E-01 9.99546E-01
 2.57040E+01 7.99723E-01 8.99689E-01 9.89657E-01 9.99554E-01
 2.60016E+01 7.99729E-01 8.99696E-01 9.89665E-01 9.99562E-01
 2.63027E+01 7.99736E-01 8.99703E-01 9.89673E-01 9.99570E-01
 2.66073E+01 7.99742E-01 8.99709E-01 9.89680E-01 9.99577E-01
 2.69153E+01 7.99748E-01 8.99716E-01 9.89688E-01 9.99584E-01
 2.72270E+01 7.99753E-01 8.99722E-01 9.89695E-01 9.99592E-01
 2.75423E+01 7.99759E-01 8.99729E-01 9.89702E-01 9.99599E-01
 2.78612E+01 7.99764E-01 8.99735E-01 9.89708E-01 9.99605E-01
 2.81838E+01 7.99770E-01 8.99741E-01 9.89715E-01 9.99612E-01
 2.85102E+01 7.99775E-01 8.99747E-01 9.89722E-01 9.99619E-01
 2.88403E+01 7.99780E-01 8.99753E-01 9.89728E-01 9.99625E-01
 2.91743E+01 7.99785E-01 8.99758E-01 9.89734E-01 9.99631E-01
 2.95121E+01 7.99790E-01 8.99764E-01 9.89740E-01 9.99637E-01
 2.98538E+01 7.99795E-01 8.99769E-01 9.89746E-01 9.99643E-01
 3.01995E+01 7.99799E-01 8.99774E-01 9.89752E-01 9.99649E-01
 3.05492E+01 7.99804E-01 8.99779E-01 9.89757E-01 9.99655E-01
 3.09030E+01 7.99808E-01 8.99785E-01 9.89763E-01 9.99661E-01
 3.12608E+01 7.99813E-01 8.99789E-01 9.89768E-01 9.99666E-01
 3.16228E+01 7.99817E-01 8.99794E-01 9.89774E-01 9.99671E-01
 3.19890E+01 7.99821E-01 8.99799E-01 9.89779E-01 9.99677E-01
 3.23594E+01 7.99825E-01 8.99803E-01 9.89784E-01 9.99682E-01
 3.27341E+01 7.99829E-01 8.99808E-01 9.89789E-01 9.99687E-01
 3.31131E+01 7.99833E-01 8.99812E-01 9.89794E-01 9.99691E-01
 3.34965E+01 7.99837E-01 8.99817E-01 9.89798E-01 9.99696E-01
 3.38844E+01 7.99841E-01 8.99821E-01 9.89803E-01 9.99701E-01
 3.42768E+01 7.99844E-01 8.99825E-01 9.89807E-01 9.99705E-01
 3.46737E+01 7.99848E-01 8.99829E-01 9.89812E-01 9.99710E-01
 3.50752E+01 7.99851E-01 8.99833E-01 9.89816E-01 9.99714E-01
 3.54813E+01 7.99855E-01 8.99837E-01 9.89820E-01 9.99718E-01
 3.58922E+01 7.99858E-01 8.99840E-01 9.89824E-01 9.99722E-01
 3.63078E+01 7.99861E-01 8.99844E-01 9.89828E-01 9.99727E-01
 3.67282E+01 7.99864E-01 8.99847E-01 9.89832E-01 9.99730E-01
 3.71535E+01 7.99867E-01 8.99851E-01 9.89836E-01 9.99734E-01
 3.75837E+01 7.99870E-01 8.99854E-01 9.89840E-01 9.99738E-01
 3.80189E+01 7.99873E-01 8.99858E-01 9.89843E-01 9.99742E-01
 3.84592E+01 7.99876E-01 8.99861E-01 9.89847E-01 9.99745E-01
 3.89045E+01 7.99879E-01 8.99864E-01 9.89850E-01 9.99749E-01
 3.93550E+01 7.99882E-01 8.99867E-01 9.89854E-01 9.99752E-01
 3.98107E+01 7.99885E-01 8.99870E-01 9.89857E-01 9.99756E-01
 4.02717E+01 7.99887E-01 8.99873E-01 9.89860E-01 9.99759E-01
 4.07380E+01 7.99890E-01 8.99876E-01 9.89864E-01 9.99762E-01
 4.12098E+01 7.99892E-01 8.99879E-01 9.89867E-01 9.99765E-01
 4.16869E+01 7.99895E-01 8.99882E-01 9.89870E-01 9.99768E-01
 4.21697E+01 7.99897E-01 8.99884E-01 9.89873E-01 9.99771E-01
 4.26580E+01 7.99899E-01 8.99887E-01 9.89876E-01 9.99774E-01
 4.31519E+01 7.99902E-01 8.99889E-01 9.89878E-01 9.99777E-01
 4.36516E+01 7.99904E-01 8.99892E-01 9.89881E-01 9.99780E-01
 4.41570E+01 7.99906E-01 8.99894E-01 9.89884E-01 9.99783E-01
 4.46684E+01 7.99908E-01 8.99897E-01 9.89887E-01 9.99785E-01
 4.51856E+01 7.99910E-01 8.99899E-01 9.89889E-01 9.99788E-01
 4.57088E+01 7.99912E-01 8.99901E-01 9.89892E-01 9.99791E-01
 4.62381E+01 7.99914E-01 8.99904E-01 9.89894E-01 9.99793E-01
 4.67735E+01 7.99916E-01 8.99906E-01 9.89896E-01 9.99795E-01
 4.73151E+01 7.99918E-01 8.99908E-01 9.89899E-01 9.99798E-01
 4.78630E+01 7.99920E-01 8.99910E-01 9.89901E-01 9.99800E-01
 4.84172E+01 7.99922E-01 8.99912E-01 9.89903E-01 9.99802E-01
 4.89779E+01 7.99924E-01 8.99914E-01 9.89906E-01 9.99805E-01
 4.95450E+01 7.99925E-01 8.99916E-01 9.89908E-01 9.99807E-01
 5.01187E+01 7.99927E-01 8.99918E-01 9.89910E-01 9.99809E-01
 5.06991E+01 7.99929E-01 8.99920E-01 9.89912E-01 9.99811E-01
 5.12861E+01 7.99930E-01 8.99922E-01 9.89914E-01 9.99813E-01
 5.18800E+01 7.99932E-01 8.99924E-01 9.89916E-01 9.99815E-01
 5.24807E+01 7.99934E-01 8.99925E-01 9.89918E-01 9.99817E-01
 5.30884E+01 7.99935E-01 8.99927E-01 9.89920E-01 9.99819E-01
 5.37032E+01 7.99937E-01 8.99929E-01 9.89921E-01 9.99821E-01
 5.43250E+01 7.99938E-01 8.99930E-01 9.89923E-01 9.99823E-01
 5.49541E+01 7.99939E-01 8.99932E-01 9.89925E-01 9.99824E-01
 5.55904E+01 7.99941E-01 8.99933E-01 9.89927E-01 9.99826E-01
 5.62341E+01 7.99942E-01 8.99935E-01 9.89928E-01 9.99828E-01
 5.68853E+01 7.99943E-01 8.99936E-01 9.89930E-01 9.99829E-01
 5.75440E+01 7.99945E-01 8.99938E-01 9.89932E-01 9.99831E-01
 5.82103E+01 7.99946E-01 8.99939E-01 9.89933E-01 9.99833E-01
 5.88844E+01 7.99947E-01 8.99941E-01 9.89935E-01 9.99834E-01
 5.95662E+01 7.99948E-01 8.99942E-01 9.89936E-01 9.99836E-01
 6.02560E+01 7.99950E-01 8.99943E-01 9.89938E-01 9.99837E-01
 6.09537E+01 7.99951E-01 8.99945E-01 9.89939E-01 9.99838E-01
 6.16595E+01 7.99952E-01 8.99946E-01 9.89940E-01 9.99840E-01
 6.23735E+01 7.99953E-01 8.99947E-01 9.89942E-01 9.99841E-01
 6.30957E+01 7.99954E-01 8.99948E-01 9.89943E-01 9.99843E-01
 6.38263E+01 7.99955E-01 8.99949E-01 9.89944E-01 9.99844E-01
 6.45654E+01 7.99956E-01 8.99951E-01 9.89946E-01 9.99845E-01
 6.53131E+01 7.99957E-01 8.99952E-01 9.89947E-01 9.99846E-01
 6.60693E+01 7.99958E-01 8.99953E-01 9.89948E-01 9.99848E-01
 6.68344E+01 7.99959E-01 8.99954E-01 9.89949E-01 9.99849E-01
 6.76083E+01 7.99960E-01 8.99955E-01 9.89950E-01 9.99850E-01
 6.83912E+01 7.99961E-01 8.99956E-01 9.89952E-01 9.99851E-01
 6.91831E+01 7.99962E-01 8.99957E-01 9.89953E-01 9.99852E-01
 6.99842E+01 7.99963E-01 8.99958E-01 9.89954E-01 9.99853E-01
 7.07946E+01 7.99963E-01 8.99959E-01 9.89955E-01 9.99854E-01
 7.16143E+01 7.99964E-01 8.99960E-01 9.89956E-01 9.99855E-01
 7.24436E+01 7.99965E-01 8.99961E-01 9.89957E-01 9.99856E-01
 7.32825E+01 7.99966E-01 8.99962E-01 9.89958E-01 9.99857E-01
 7.41310E+01 7.99967E-01 8.99963E-01 9.89959E-01 9.99858E-01
 7.49894E+01 7.99967E-01 8.99963E-01 9.89960E-01 9.99859E-01
 7.58578E+01 7.99968E-01 8.99964E-01 9.89961E-01 9.99860E-01
 7.67361E+01 7.99969E-01 8.99965E-01 9.89962E-01 9.99861E-01
 7.76247E+01 7.99970E-01 8.99966E-01 9.89962E-01 9.99862E-01
 7.85236E+01 7.99970E-01 8.99967E-01 9.89963E-01 9.99863E-01
 7.94328E+01 7.99971E-01 8.99967E-01 9.89964E-01 9.99864E-01
 8.03526E+01 7.99972E-01 8.99968E-01 9.89965E-01 9.99865E-01
 8.12831E+01 7.99972E-01 8.99969E-01 9.89966E-01 9.99865E-01
 8.22243E+01 7.99973E-01 8.99970E-01 9.89967E-01 9.99866E-01
 8.31764E+01 7.99974E-01 8.99970E-01 9.89967E-01 9.99867E-01
 8.41395E+01 7.99974E-01 8.99971E-01 9.89968E-01 9.99868E-01
 8.51138E+01 7.99975E-01 8.99972E-01 9.89969E-01 9.99868E-01
 8.60994E+01 7.99975E-01 8.99972E-01 9.89969E-01 9.99869E-01
 8.70964E+01 7.99976E-01 8.99973E-01 9.89970E-01 9.99870E-01
 8.81049E+01 7.99976E-01 8.99973E-01 9.89971E-01 9.99871E-01
 8.91251E+01 7.99977E-01 8.99974E-01 9.89971E-01 9.99871E-01
 9.01571E+01 7.99977E-01 8.99975E-01 9.89972E-01 9.99872E-01
 9.12011E+01 7.99978E-01 8.99975E-01 9.89973E-01 9.99873E-01
 9.22571E+01 7.99978E-01 8.99976E-01 9.89973E-01 9.99873E-01
 9.33254E+01 7.99979E-01 8.99976E-01 9.89974E-01 9.99874E-01
 9.44061E+01 7.99979E-01 8.99977E-01 9.89975E-01 9.99874E-01
 9.54993E+01 7.99980E-01 8.99977E-01 9.89975E-01 9.99875E-01
 9.66051E+01 7.99980E-01 8.99978E-01 9.89976E-01 9.99875E-01
 9.77237E+01 7.99981E-01 8.99978E-01 9.89976E-01 9.99876E-01
 9.88553E+01 7.99981E-01 8.99979E-01 9.89977E-01 9.99877E-01
 1.00000E+02 7.99982E-01 8.99979E-01 9.89977E-01 9.99877E-01
