 1.00000E-02 7.25366E-02 1.00232E-01 1.34688E-01 1.39366E-01
 2.00000E-02 7.73617E-02 1.07475E-01 1.45936E-01 1.51311E-01
 3.00000E-02 8.22540E-02 1.14864E-01 1.57704E-01 1.63931E-01
 4.00000E-02 8.72165E-02 1.22386E-01 1.70048E-01 1.77318E-01
 5.00000E-02 9.22569E-02 1.30047E-01 1.82974E-01 1.91573E-01
 6.00000E-02 9.73827E-02 1.37836E-01 1.96468E-01 2.06785E-01
 7.00000E-02 1.02590E-01 1.45737E-01 2.10452E-01 2.23042E-01
 8.00000E-02 1.07873E-01 1.53724E-01 2.24794E-01 2.40404E-01
 9.00000E-02 1.13220E-01 1.61767E-01 2.39326E-01 2.58876E-01
 1.00000E-01 1.18620E-01 1.69837E-01 2.53873E-01 2.78191E-01
 1.10000E-01 1.24059E-01 1.77907E-01 2.68293E-01 2.97524E-01
 1.20000E-01 1.29522E-01 1.85947E-01 2.82479E-01 3.16285E-01
 1.30000E-01 1.34998E-01 1.93939E-01 2.96362E-01 3.34325E-01
 1.40000E-01 1.40474E-01 2.01865E-01 3.09900E-01 3.51632E-01
 1.50000E-01 1.45943E-01 2.09710E-01 3.23072E-01 3.68225E-01
 1.60000E-01 1.51395E-01 2.17465E-01 3.35868E-01 3.84135E-01
 1.70000E-01 1.56826E-01 2.25122E-01 3.48287E-01 3.99396E-01
 1.80000E-01 1.62229E-01 2.32676E-01 3.60336E-01 4.14042E-01
 1.90000E-01 1.67602E-01 2.40123E-01 3.72022E-01 4.28105E-01
 2.00000E-01 1.72942E-01 2.47463E-01 3.83355E-01 4.41619E-01
 2.10000E-01 1.78245E-01 2.54694E-01 3.94345E-01 4.54610E-01
 2.20000E-01 1.83512E-01 2.61816E-01 4.05006E-01 4.67109E-01
 2.30000E-01 1.88742E-01 2.68830E-01 4.15350E-01 4.79141E-01
 2.40000E-01 1.93933E-01 2.75738E-01 4.25389E-01 4.90730E-01
 2.50000E-01 1.99086E-01 2.82540E-01 4.35134E-01 5.01899E-01
 2.60000E-01 2.04201E-01 2.89240E-01 4.44596E-01 5.12669E-01
 2.70000E-01 2.09278E-01 2.95838E-01 4.53788E-01 5.23061E-01
 2.80000E-01 2.14318E-01 3.02337E-01 4.62719E-01 5.33091E-01
 2.90000E-01 2.19321E-01 3.08740E-01 4.71399E-01 5.42779E-01
 3.00000E-01 2.24288E-01 3.15048E-01 4.79839E-01 5.52138E-01
 3.10000E-01 2.29220E-01 3.21264E-01 4.88047E-01 5.61188E-01
 3.20000E-01 2.34117E-01 3.27391E-01 4.96033E-01 5.69939E-01
 3.30000E-01 2.38982E-01 3.33430E-01 5.03804E-01 5.78407E-01
 3.40000E-01 2.43814E-01 3.39384E-01 5.11370E-01 5.86602E-01
 3.50000E-01 2.48614E-01 3.45255E-01 5.18736E-01 5.94538E-01
 3.60000E-01 2.53385E-01 3.51046E-01 5.25912E-01 6.02226E-01
 3.70000E-01 2.58125E-01 3.56759E-01 5.32903E-01 6.09676E-01
 3.80000E-01 2.62837E-01 3.62395E-01 5.39717E-01 6.16898E-01
 3.90000E-01 2.67522E-01 3.67957E-01 5.46359E-01 6.23902E-01
 4.00000E-01 2.72179E-01 3.73447E-01 5.52835E-01 6.30695E-01
 4.10000E-01 2.76811E-01 3.78867E-01 5.59152E-01 6.37288E-01
 4.20000E-01 2.81418E-01 3.84219E-01 5.65315E-01 6.43688E-01
 4.30000E-01 2.86001E-01 3.89504E-01 5.71329E-01 6.49902E-01
 4.40000E-01 2.90560E-01 3.94725E-01 5.77199E-01 6.55938E-01
 4.50000E-01 2.95097E-01 3.99884E-01 5.82930E-01 6.61802E-01
 4.60000E-01 2.99612E-01 4.04981E-01 5.88526E-01 6.67501E-01
 4.70000E-01 3.04106E-01 4.10019E-01 5.93992E-01 6.73042E-01
 4.80000E-01 3.08579E-01 4.14999E-01 5.99333E-01 6.78429E-01
 4.90000E-01 3.13032E-01 4.19922E-01 6.04551E-01 6.83669E-01
 5.00000E-01 3.17466E-01 4.24791E-01 6.09651E-01 6.88767E-01
 5.10000E-01 3.21880E-01 4.29606E-01 6.14638E-01 6.93729E-01
 5.20000E-01 3.26276E-01 4.34369E-01 6.19513E-01 6.98558E-01
 5.30000E-01 3.30654E-01 4.39081E-01 6.24281E-01 7.03260E-01
 5.40000E-01 3.35014E-01 4.43744E-01 6.28945E-01 7.07839E-01
 5.50000E-01 3.39357E-01 4.48358E-01 6.33508E-01 7.12300E-01
 5.60000E-01 3.43682E-01 4.52925E-01 6.37973E-01 7.16645E-01
 5.70000E-01 3.47989E-01 4.57446E-01 6.42343E-01 7.20880E-01
 5.80000E-01 3.52280E-01 4.61922E-01 6.46621E-01 7.25008E-01
 5.90000E-01 3.56554E-01 4.66354E-01 6.50810E-01 7.29033E-01
 6.00000E-01 3.60811E-01 4.70742E-01 6.54912E-01 7.32957E-01
 6.10000E-01 3.65051E-01 4.75088E-01 6.58929E-01 7.36785E-01
 6.20000E-01 3.69275E-01 4.79393E-01 6.62865E-01 7.40519E-01
 6.30000E-01 3.73481E-01 4.83658E-01 6.66721E-01 7.44163E-01
 6.40000E-01 3.77671E-01 4.87882E-01 6.70499E-01 7.47719E-01
 6.50000E-01 3.81842E-01 4.92068E-01 6.74203E-01 7.51189E-01
 6.60000E-01 3.85948E-01 4.96215E-01 6.77833E-01 7.54578E-01
 6.70000E-01 3.89965E-01 5.00324E-01 6.81392E-01 7.57887E-01
 6.80000E-01 3.93895E-01 5.04397E-01 6.84882E-01 7.61119E-01
 6.90000E-01 3.97739E-01 5.08433E-01 6.88304E-01 7.64276E-01
 7.00000E-01 4.01500E-01 5.12433E-01 6.91661E-01 7.67360E-01
 7.10000E-01 4.05179E-01 5.16398E-01 6.94955E-01 7.70374E-01
 7.20000E-01 4.08778E-01 5.20328E-01 6.98186E-01 7.73320E-01
 7.30000E-01 4.12298E-01 5.24223E-01 7.01357E-01 7.76199E-01
 7.40000E-01 4.15741E-01 5.28085E-01 7.04469E-01 7.79014E-01
 7.50000E-01 4.19109E-01 5.31913E-01 7.07524E-01 7.81766E-01
 7.60000E-01 4.22404E-01 5.35708E-01 7.10522E-01 7.84459E-01
 7.70000E-01 4.25628E-01 5.39470E-01 7.13467E-01 7.87092E-01
 7.80000E-01 4.28781E-01 5.43200E-01 7.16358E-01 7.89668E-01
 7.90000E-01 4.31866E-01 5.46898E-01 7.19198E-01 7.92189E-01
 8.00000E-01 4.34884E-01 5.50564E-01 7.21987E-01 7.94655E-01
 8.10000E-01 4.37836E-01 5.54198E-01 7.24727E-01 7.97070E-01
 8.20000E-01 4.40725E-01 5.57802E-01 7.27419E-01 7.99433E-01
 8.30000E-01 4.43552E-01 5.61370E-01 7.30065E-01 8.01747E-01
 8.40000E-01 4.46318E-01 5.64871E-01 7.32664E-01 8.04013E-01
 8.50000E-01 4.49024E-01 5.68296E-01 7.35220E-01 8.06232E-01
 8.60000E-01 4.51673E-01 5.71649E-01 7.37732E-01 8.08405E-01
 8.70000E-01 4.54266E-01 5.74930E-01 7.40201E-01 8.10534E-01
 8.80000E-01 4.56803E-01 5.78141E-01 7.42629E-01 8.12620E-01
 8.90000E-01 4.59286E-01 5.81284E-01 7.45016E-01 8.14664E-01
 9.00000E-01 4.61717E-01 5.84361E-01 7.47365E-01 8.16668E-01
 9.10000E-01 4.64097E-01 5.87373E-01 7.49674E-01 8.18631E-01
 9.20000E-01 4.66427E-01 5.90322E-01 7.51946E-01 8.20556E-01
 9.30000E-01 4.68708E-01 5.93209E-01 7.54181E-01 8.22443E-01
 9.40000E-01 4.70942E-01 5.96036E-01 7.56381E-01 8.24294E-01
 9.50000E-01 4.73129E-01 5.98804E-01 7.58545E-01 8.26108E-01
 9.60000E-01 4.75271E-01 6.01515E-01 7.60674E-01 8.27888E-01
 9.70000E-01 4.77369E-01 6.04170E-01 7.62771E-01 8.29634E-01
 9.80000E-01 4.79424E-01 6.06771E-01 7.64834E-01 8.31347E-01
 9.90000E-01 4.81437E-01 6.09319E-01 7.66865E-01 8.33027E-01
 1.00000E+00 4.83409E-01 6.11815E-01 7.68865E-01 8.34676E-01
 1.01158E+00 4.85643E-01 6.14642E-01 7.71143E-01 8.36548E-01
 1.02329E+00 4.87849E-01 6.17434E-01 7.73406E-01 8.38400E-01
 1.03514E+00 4.90029E-01 6.20193E-01 7.75655E-01 8.40234E-01
 1.04713E+00 4.92181E-01 6.22917E-01 7.77889E-01 8.42048E-01
 1.05925E+00 4.94306E-01 6.25607E-01 7.80108E-01 8.43844E-01
 1.07152E+00 4.96405E-01 6.28262E-01 7.82313E-01 8.45621E-01
 1.08393E+00 4.98476E-01 6.30884E-01 7.84503E-01 8.47380E-01
 1.09648E+00 5.00521E-01 6.33471E-01 7.86678E-01 8.49119E-01
 1.10917E+00 5.02538E-01 6.36025E-01 7.88838E-01 8.50841E-01
 1.12202E+00 5.04529E-01 6.38545E-01 7.90984E-01 8.52543E-01
 1.13501E+00 5.06494E-01 6.41031E-01 7.93115E-01 8.54227E-01
 1.14815E+00 5.08431E-01 6.43483E-01 7.95231E-01 8.55893E-01
 1.16145E+00 5.10343E-01 6.45903E-01 7.97332E-01 8.57541E-01
 1.17490E+00 5.12228E-01 6.48288E-01 7.99418E-01 8.59170E-01
 1.18850E+00 5.14087E-01 6.50641E-01 8.01489E-01 8.60781E-01
 1.20226E+00 5.15920E-01 6.52961E-01 8.03545E-01 8.62374E-01
 1.21619E+00 5.17727E-01 6.55248E-01 8.05586E-01 8.63949E-01
 1.23027E+00 5.19509E-01 6.57503E-01 8.07611E-01 8.65506E-01
 1.24451E+00 5.21265E-01 6.59725E-01 8.09622E-01 8.67046E-01
 1.25893E+00 5.22995E-01 6.61916E-01 8.11618E-01 8.68568E-01
 1.27350E+00 5.24701E-01 6.64075E-01 8.13599E-01 8.70072E-01
 1.28825E+00 5.26382E-01 6.66202E-01 8.15564E-01 8.71559E-01
 1.30317E+00 5.28037E-01 6.68297E-01 8.17515E-01 8.73028E-01
 1.31826E+00 5.29669E-01 6.70362E-01 8.19450E-01 8.74480E-01
 1.33352E+00 5.31276E-01 6.72396E-01 8.21371E-01 8.75916E-01
 1.34896E+00 5.32859E-01 6.74400E-01 8.23276E-01 8.77334E-01
 1.36458E+00 5.34418E-01 6.76373E-01 8.25166E-01 8.78735E-01
 1.38038E+00 5.35954E-01 6.78317E-01 8.27042E-01 8.80120E-01
 1.39637E+00 5.37466E-01 6.80230E-01 8.28902E-01 8.81488E-01
 1.41254E+00 5.38955E-01 6.82115E-01 8.30747E-01 8.82839E-01
 1.42889E+00 5.40421E-01 6.83971E-01 8.32577E-01 8.84175E-01
 1.44544E+00 5.41865E-01 6.85798E-01 8.34392E-01 8.85494E-01
 1.46218E+00 5.43286E-01 6.87596E-01 8.36193E-01 8.86797E-01
 1.47911E+00 5.44685E-01 6.89367E-01 8.37978E-01 8.88084E-01
 1.49624E+00 5.46062E-01 6.91109E-01 8.39748E-01 8.89355E-01
 1.51356E+00 5.47417E-01 6.92825E-01 8.41504E-01 8.90611E-01
 1.53109E+00 5.48751E-01 6.94513E-01 8.43244E-01 8.91851E-01
 1.54882E+00 5.50064E-01 6.96175E-01 8.44970E-01 8.93076E-01
 1.56675E+00 5.51356E-01 6.97810E-01 8.46681E-01 8.94286E-01
 1.58489E+00 5.52628E-01 6.99419E-01 8.48377E-01 8.95480E-01
 1.60325E+00 5.53879E-01 7.01003E-01 8.50058E-01 8.96660E-01
 1.62181E+00 5.55110E-01 7.02561E-01 8.51725E-01 8.97825E-01
 1.64059E+00 5.56321E-01 7.04094E-01 8.53377E-01 8.98975E-01
 1.65959E+00 5.57513E-01 7.05603E-01 8.55014E-01 9.00111E-01
 1.67880E+00 5.58686E-01 7.07087E-01 8.56637E-01 9.01233E-01
 1.69824E+00 5.59840E-01 7.08547E-01 8.58246E-01 9.02341E-01
 1.71791E+00 5.60975E-01 7.09983E-01 8.59839E-01 9.03434E-01
 1.73780E+00 5.62091E-01 7.11397E-01 8.61419E-01 9.04514E-01
 1.75792E+00 5.63190E-01 7.12787E-01 8.62984E-01 9.05580E-01
 1.77828E+00 5.64270E-01 7.14154E-01 8.64535E-01 9.06633E-01
 1.79887E+00 5.65333E-01 7.15500E-01 8.66071E-01 9.07673E-01
 1.81970E+00 5.66379E-01 7.16823E-01 8.67593E-01 9.08699E-01
 1.84077E+00 5.67407E-01 7.18125E-01 8.69101E-01 9.09712E-01
 1.86209E+00 5.68419E-01 7.19405E-01 8.70595E-01 9.10713E-01
 1.88365E+00 5.69414E-01 7.20664E-01 8.72075E-01 9.11700E-01
 1.90546E+00 5.70393E-01 7.21903E-01 8.73541E-01 9.12675E-01
 1.92752E+00 5.71356E-01 7.23122E-01 8.74993E-01 9.13638E-01
 1.94984E+00 5.72303E-01 7.24321E-01 8.76431E-01 9.14589E-01
 1.97242E+00 5.73234E-01 7.25500E-01 8.77854E-01 9.15527E-01
 1.99526E+00 5.74151E-01 7.26659E-01 8.79258E-01 9.16454E-01
 2.01837E+00 5.75052E-01 7.27800E-01 8.80638E-01 9.17369E-01
 2.04174E+00 5.75938E-01 7.28922E-01 8.81996E-01 9.18272E-01
 2.06538E+00 5.76810E-01 7.30026E-01 8.83331E-01 9.19164E-01
 2.08930E+00 5.77668E-01 7.31111E-01 8.84645E-01 9.20045E-01
 2.11349E+00 5.78512E-01 7.32179E-01 8.85937E-01 9.20914E-01
 2.13796E+00 5.79342E-01 7.33230E-01 8.87208E-01 9.21773E-01
 2.16272E+00 5.80159E-01 7.34263E-01 8.88459E-01 9.22620E-01
 2.18776E+00 5.80962E-01 7.35280E-01 8.89689E-01 9.23457E-01
 2.21309E+00 5.81752E-01 7.36280E-01 8.90899E-01 9.24284E-01
 2.23872E+00 5.82529E-01 7.37264E-01 8.92089E-01 9.25100E-01
 2.26464E+00 5.83294E-01 7.38232E-01 8.93260E-01 9.25906E-01
 2.29087E+00 5.84047E-01 7.39184E-01 8.94413E-01 9.26702E-01
 2.31739E+00 5.84787E-01 7.40121E-01 8.95546E-01 9.27488E-01
 2.34423E+00 5.85515E-01 7.41043E-01 8.96662E-01 9.28265E-01
 2.37137E+00 5.86232E-01 7.41950E-01 8.97759E-01 9.29031E-01
 2.39883E+00 5.86937E-01 7.42842E-01 8.98839E-01 9.29788E-01
 2.42661E+00 5.87631E-01 7.43720E-01 8.99901E-01 9.30536E-01
 2.45471E+00 5.88314E-01 7.44584E-01 9.00947E-01 9.31275E-01
 2.48313E+00 5.88985E-01 7.45435E-01 9.01976E-01 9.32005E-01
 2.51189E+00 5.89647E-01 7.46272E-01 9.02989E-01 9.32725E-01
 2.54097E+00 5.90297E-01 7.47095E-01 9.03985E-01 9.33437E-01
 2.57040E+00 5.90938E-01 7.47906E-01 9.04966E-01 9.34141E-01
 2.60016E+00 5.91568E-01 7.48704E-01 9.05932E-01 9.34836E-01
 2.63027E+00 5.92189E-01 7.49489E-01 9.06882E-01 9.35522E-01
 2.66073E+00 5.92800E-01 7.50262E-01 9.07817E-01 9.36200E-01
 2.69153E+00 5.93401E-01 7.51023E-01 9.08738E-01 9.36870E-01
 2.72270E+00 5.93993E-01 7.51772E-01 9.09645E-01 9.37533E-01
 2.75423E+00 5.94576E-01 7.52510E-01 9.10537E-01 9.38187E-01
 2.78612E+00 5.95150E-01 7.53236E-01 9.11416E-01 9.38833E-01
 2.81838E+00 5.95715E-01 7.53951E-01 9.12281E-01 9.39472E-01
 2.85102E+00 5.96271E-01 7.54656E-01 9.13133E-01 9.40104E-01
 2.88403E+00 5.96819E-01 7.55349E-01 9.13972E-01 9.40728E-01
 2.91743E+00 5.97359E-01 7.56032E-01 9.14799E-01 9.41345E-01
 2.95121E+00 5.97890E-01 7.56705E-01 9.15613E-01 9.41954E-01
 2.98538E+00 5.98413E-01 7.57367E-01 9.16414E-01 9.42557E-01
 3.01995E+00 5.98929E-01 7.58020E-01 9.17204E-01 9.43153E-01
 3.05492E+00 5.99437E-01 7.58662E-01 9.17982E-01 9.43742E-01
 3.09030E+00 5.99937E-01 7.59296E-01 9.18748E-01 9.44324E-01
 3.12608E+00 6.00430E-01 7.59920E-01 9.19503E-01 9.44899E-01
 3.16228E+00 6.00916E-01 7.60534E-01 9.20246E-01 9.45469E-01
 3.19890E+00 6.01395E-01 7.61140E-01 9.20979E-01 9.46031E-01
 3.23594E+00 6.01866E-01 7.61737E-01 9.21702E-01 9.46588E-01
 3.27341E+00 6.02331E-01 7.62325E-01 9.22413E-01 9.47138E-01
 3.31131E+00 6.02789E-01 7.62905E-01 9.23115E-01 9.47682E-01
 3.34965E+00 6.03240E-01 7.63476E-01 9.23806E-01 9.48221E-01
 3.38844E+00 6.03685E-01 7.64039E-01 9.24487E-01 9.48753E-01
 3.42768E+00 6.04124E-01 7.64594E-01 9.25159E-01 9.49279E-01
 3.46737E+00 6.04556E-01 7.65141E-01 9.25821E-01 9.49800E-01
 3.50752E+00 6.04983E-01 7.65681E-01 9.26474E-01 9.50315E-01
 3.54813E+00 6.05403E-01 7.66213E-01 9.27118E-01 9.50825E-01
 3.58922E+00 6.05817E-01 7.66737E-01 9.27752E-01 9.51329E-01
 3.63078E+00 6.06226E-01 7.67255E-01 9.28378E-01 9.51828E-01
 3.67282E+00 6.06629E-01 7.67765E-01 9.28995E-01 9.52321E-01
 3.71535E+00 6.07026E-01 7.68268E-01 9.29604E-01 9.52810E-01
 3.75837E+00 6.07418E-01 7.68764E-01 9.30204E-01 9.53293E-01
 3.80189E+00 6.07805E-01 7.69253E-01 9.30796E-01 9.53771E-01
 3.84592E+00 6.08186E-01 7.69736E-01 9.31380E-01 9.54244E-01
 3.89045E+00 6.08563E-01 7.70212E-01 9.31957E-01 9.54712E-01
 3.93550E+00 6.08934E-01 7.70682E-01 9.32525E-01 9.55176E-01
 3.98107E+00 6.09300E-01 7.71145E-01 9.33086E-01 9.55634E-01
 4.02717E+00 6.09661E-01 7.71603E-01 9.33639E-01 9.56088E-01
 4.07380E+00 6.10018E-01 7.72054E-01 9.34185E-01 9.56537E-01
 4.12098E+00 6.10370E-01 7.72499E-01 9.34724E-01 9.56982E-01
 4.16869E+00 6.10717E-01 7.72939E-01 9.35256E-01 9.57422E-01
 4.21697E+00 6.11060E-01 7.73372E-01 9.35780E-01 9.57858E-01
 4.26580E+00 6.11398E-01 7.73800E-01 9.36298E-01 9.58289E-01
 4.31519E+00 6.11732E-01 7.74223E-01 9.36810E-01 9.58716E-01
 4.36516E+00 6.12061E-01 7.74640E-01 9.37314E-01 9.59139E-01
 4.41570E+00 6.12386E-01 7.75052E-01 9.37812E-01 9.59558E-01
 4.46684E+00 6.12708E-01 7.75458E-01 9.38304E-01 9.59972E-01
 4.51856E+00 6.13025E-01 7.75859E-01 9.38790E-01 9.60382E-01
 4.57088E+00 6.13338E-01 7.76255E-01 9.39269E-01 9.60789E-01
 4.62381E+00 6.13647E-01 7.76647E-01 9.39742E-01 9.61191E-01
 4.67735E+00 6.13952E-01 7.77033E-01 9.40210E-01 9.61589E-01
 4.73151E+00 6.14253E-01 7.77414E-01 9.40671E-01 9.61984E-01
 4.78630E+00 6.14551E-01 7.77791E-01 9.41127E-01 9.62374E-01
 4.84172E+00 6.14845E-01 7.78163E-01 9.41577E-01 9.62761E-01
 4.89779E+00 6.15135E-01 7.78530E-01 9.42021E-01 9.63144E-01
 4.95450E+00 6.15422E-01 7.78893E-01 9.42461E-01 9.63523E-01
 5.01187E+00 6.15705E-01 7.79251E-01 9.42894E-01 9.63899E-01
 5.06991E+00 6.15984E-01 7.79605E-01 9.43322E-01 9.64271E-01
 5.12861E+00 6.16261E-01 7.79955E-01 9.43746E-01 9.64639E-01
 5.18800E+00 6.16534E-01 7.80300E-01 9.44163E-01 9.65004E-01
 5.24807E+00 6.16803E-01 7.80642E-01 9.44576E-01 9.65365E-01
 5.30884E+00 6.17070E-01 7.80979E-01 9.44984E-01 9.65723E-01
 5.37032E+00 6.17333E-01 7.81312E-01 9.45387E-01 9.66078E-01
 5.43250E+00 6.17593E-01 7.81641E-01 9.45785E-01 9.66429E-01
 5.49541E+00 6.17849E-01 7.81966E-01 9.46179E-01 9.66776E-01
 5.55904E+00 6.18103E-01 7.82287E-01 9.46567E-01 9.67121E-01
 5.62341E+00 6.18354E-01 7.82604E-01 9.46951E-01 9.67462E-01
 5.68853E+00 6.18602E-01 7.82918E-01 9.47331E-01 9.67800E-01
 5.75440E+00 6.18847E-01 7.83228E-01 9.47706E-01 9.68134E-01
 5.82103E+00 6.19089E-01 7.83534E-01 9.48076E-01 9.68466E-01
 5.88844E+00 6.19328E-01 7.83837E-01 9.48442E-01 9.68794E-01
 5.95662E+00 6.19564E-01 7.84136E-01 9.48804E-01 9.69119E-01
 6.02560E+00 6.19797E-01 7.84431E-01 9.49162E-01 9.69441E-01
 6.09537E+00 6.20028E-01 7.84723E-01 9.49515E-01 9.69760E-01
 6.16595E+00 6.20256E-01 7.85012E-01 9.49864E-01 9.70076E-01
 6.23735E+00 6.20482E-01 7.85297E-01 9.50209E-01 9.70389E-01
 6.30957E+00 6.20704E-01 7.85579E-01 9.50550E-01 9.70699E-01
 6.38263E+00 6.20924E-01 7.85858E-01 9.50888E-01 9.71006E-01
 6.45654E+00 6.21142E-01 7.86133E-01 9.51221E-01 9.71310E-01
 6.53131E+00 6.21357E-01 7.86405E-01 9.51550E-01 9.71611E-01
 6.60693E+00 6.21570E-01 7.86674E-01 9.51876E-01 9.71909E-01
 6.68344E+00 6.21780E-01 7.86940E-01 9.52198E-01 9.72205E-01
 6.76083E+00 6.21988E-01 7.87203E-01 9.52516E-01 9.72497E-01
 6.83912E+00 6.22193E-01 7.87463E-01 9.52830E-01 9.72787E-01
 6.91831E+00 6.22396E-01 7.87720E-01 9.53141E-01 9.73074E-01
 6.99842E+00 6.22596E-01 7.87974E-01 9.53448E-01 9.73358E-01
 7.07946E+00 6.22795E-01 7.88225E-01 9.53752E-01 9.73640E-01
 7.16143E+00 6.22991E-01 7.88473E-01 9.54052E-01 9.73918E-01
 7.24436E+00 6.23185E-01 7.88718E-01 9.54349E-01 9.74195E-01
 7.32825E+00 6.23376E-01 7.88960E-01 9.54642E-01 9.74468E-01
 7.41310E+00 6.23565E-01 7.89200E-01 9.54932E-01 9.74739E-01
 7.49894E+00 6.23753E-01 7.89437E-01 9.55219E-01 9.75007E-01
 7.58578E+00 6.23938E-01 7.89671E-01 9.55502E-01 9.75273E-01
 7.67361E+00 6.24121E-01 7.89903E-01 9.55782E-01 9.75536E-01
 7.76247E+00 6.24302E-01 7.90132E-01 9.56059E-01 9.75796E-01
 7.85236E+00 6.24480E-01 7.90358E-01 9.56333E-01 9.76054E-01
 7.94328E+00 6.24657E-01 7.90582E-01 9.56604E-01 9.76310E-01
 8.03526E+00 6.24832E-01 7.90803E-01 9.56871E-01 9.76562E-01
 8.12831E+00 6.25005E-01 7.91021E-01 9.57136E-01 9.76813E-01
 8.22243E+00 6.25175E-01 7.91237E-01 9.57397E-01 9.77061E-01
 8.31764E+00 6.25344E-01 7.91451E-01 9.57656E-01 9.77307E-01
 8.41395E+00 6.25511E-01 7.91662E-01 9.57911E-01 9.77550E-01
 8.51138E+00 6.25676E-01 7.91871E-01 9.58164E-01 9.77791E-01
 8.60994E+00 6.25839E-01 7.92078E-01 9.58414E-01 9.78029E-01
 8.70964E+00 6.26000E-01 7.92282E-01 9.58661E-01 9.78265E-01
 8.81049E+00 6.26160E-01 7.92484E-01 9.58905E-01 9.78499E-01
 8.91251E+00 6.26318E-01 7.92683E-01 9.59147E-01 9.78730E-01
 9.01571E+00 6.26473E-01 7.92880E-01 9.59385E-01 9.78960E-01
 9.12011E+00 6.26627E-01 7.93075E-01 9.59621E-01 9.79187E-01
 9.22571E+00 6.26780E-01 7.93268E-01 9.59854E-01 9.79411E-01
 9.33254E+00 6.26930E-01 7.93459E-01 9.60085E-01 9.79634E-01
 9.44061E+00 6.27079E-01 7.93647E-01 9.60313E-01 9.79854E-01
 9.54993E+00 6.27226E-01 7.93833E-01 9.60538E-01 9.80072E-01
 9.66051E+00 6.27372E-01 7.94018E-01 9.60761E-01 9.80288E-01
 9.77237E+00 6.27516E-01 7.94200E-01 9.60982E-01 9.80501E-01
 9.88553E+00 6.27658E-01 7.94380E-01 9.61199E-01 9.80713E-01
 1.00000E+01 6.27799E-01 7.94558E-01 9.61415E-01 9.80922E-01
 1.01158E+01 6.27938E-01 7.94734E-01 9.61628E-01 9.81130E-01
 1.02329E+01 6.28075E-01 7.94908E-01 9.61838E-01 9.81335E-01
 1.03514E+01 6.28211E-01 7.95079E-01 9.62046E-01 9.81538E-01
 1.04713E+01 6.28345E-01 7.95250E-01 9.62252E-01 9.81739E-01
 1.05925E+01 6.28478E-01 7.95418E-01 9.62455E-01 9.81938E-01
 1.07152E+01 6.28609E-01 7.95584E-01 9.62656E-01 9.82135E-01
 1.08393E+01 6.28739E-01 7.95748E-01 9.62855E-01 9.82330E-01
 1.09648E+01 6.28868E-01 7.95911E-01 9.63052E-01 9.82523E-01
 1.10917E+01 6.28994E-01 7.96071E-01 9.63246E-01 9.82715E-01
 1.12202E+01 6.29120E-01 7.96230E-01 9.63438E-01 9.82904E-01
 1.13501E+01 6.29244E-01 7.96387E-01 9.63628E-01 9.83091E-01
 1.14815E+01 6.29367E-01 7.96542E-01 9.63816E-01 9.83276E-01
 1.16145E+01 6.29488E-01 7.96695E-01 9.64001E-01 9.83460E-01
 1.17490E+01 6.29608E-01 7.96847E-01 9.64185E-01 9.83641E-01
 1.18850E+01 6.29726E-01 7.96997E-01 9.64366E-01 9.83821E-01
 1.20226E+01 6.29843E-01 7.97145E-01 9.64546E-01 9.83999E-01
 1.21619E+01 6.29959E-01 7.97292E-01 9.64723E-01 9.84175E-01
 1.23027E+01 6.30074E-01 7.97437E-01 9.64899E-01 9.84349E-01
 1.24451E+01 6.30187E-01 7.97580E-01 9.65072E-01 9.84521E-01
 1.25893E+01 6.30299E-01 7.97722E-01 9.65243E-01 9.84692E-01
 1.27350E+01 6.30409E-01 7.97862E-01 9.65413E-01 9.84861E-01
 1.28825E+01 6.30519E-01 7.98000E-01 9.65580E-01 9.85028E-01
 1.30317E+01 6.30627E-01 7.98137E-01 9.65746E-01 9.85193E-01
 1.31826E+01 6.30734E-01 7.98272E-01 9.65909E-01 9.85357E-01
 1.33352E+01 6.30839E-01 7.98406E-01 9.66071E-01 9.85519E-01
 1.34896E+01 6.30944E-01 7.98538E-01 9.66231E-01 9.85679E-01
 1.36458E+01 6.31047E-01 7.98669E-01 9.66390E-01 9.85838E-01
 1.38038E+01 6.31149E-01 7.98798E-01 9.66546E-01 9.85995E-01
 1.39637E+01 6.31250E-01 7.98926E-01 9.66701E-01 9.86150E-01
 1.41254E+01 6.31350E-01 7.99052E-01 9.66853E-01 9.86304E-01
 1.42889E+01 6.31449E-01 7.99177E-01 9.67005E-01 9.86456E-01
 1.44544E+01 6.31546E-01 7.99301E-01 9.67154E-01 9.86606E-01
 1.46218E+01 6.31643E-01 7.99423E-01 9.67302E-01 9.86755E-01
 1.47911E+01 6.31738E-01 7.99544E-01 9.67448E-01 9.86903E-01
 1.49624E+01 6.31832E-01 7.99663E-01 9.67592E-01 9.87048E-01
 1.51356E+01 6.31926E-01 7.99781E-01 9.67735E-01 9.87193E-01
 1.53109E+01 6.32018E-01 7.99897E-01 9.67876E-01 9.87335E-01
 1.54882E+01 6.32109E-01 8.00013E-01 9.68015E-01 9.87477E-01
 1.56675E+01 6.32199E-01 8.00127E-01 9.68153E-01 9.87616E-01
 1.58489E+01 6.32288E-01 8.00239E-01 9.68290E-01 9.87755E-01
 1.60325E+01 6.32376E-01 8.00351E-01 9.68424E-01 9.87892E-01
 1.62181E+01 6.32463E-01 8.00461E-01 9.68558E-01 9.88027E-01
 1.64059E+01 6.32549E-01 8.00570E-01 9.68689E-01 9.88161E-01
 1.65959E+01 6.32634E-01 8.00677E-01 9.68820E-01 9.88293E-01
 1.67880E+01 6.32718E-01 8.00784E-01 9.68948E-01 9.88424E-01
 1.69824E+01 6.32801E-01 8.00889E-01 9.69076E-01 9.88554E-01
 1.71791E+01 6.32883E-01 8.00993E-01 9.69201E-01 9.88682E-01
 1.73780E+01 6.32965E-01 8.01096E-01 9.69326E-01 9.88809E-01
 1.75792E+01 6.33045E-01 8.01197E-01 9.69449E-01 9.88935E-01
 1.77828E+01 6.33124E-01 8.01298E-01 9.69570E-01 9.89059E-01
 1.79887E+01 6.33203E-01 8.01397E-01 9.69691E-01 9.89181E-01
 1.81970E+01 6.33280E-01 8.01495E-01 9.69810E-01 9.89303E-01
 1.84077E+01 6.33357E-01 8.01593E-01 9.69927E-01 9.89423E-01
 1.86209E+01 6.33433E-01 8.01689E-01 9.70043E-01 9.89541E-01
 1.88365E+01 6.33508E-01 8.01783E-01 9.70158E-01 9.89658E-01
 1.90546E+01 6.33582E-01 8.01877E-01 9.70272E-01 9.89774E-01
 1.92752E+01 6.33655E-01 8.01970E-01 9.70384E-01 9.89888E-01
 1.94984E+01 6.33728E-01 8.02062E-01 9.70495E-01 9.90002E-01
 1.97242E+01 6.33799E-01 8.02152E-01 9.70604E-01 9.90114E-01
 1.99526E+01 6.33870E-01 8.02242E-01 9.70713E-01 9.90224E-01
 2.01837E+01 6.33940E-01 8.02331E-01 9.70820E-01 9.90333E-01
 2.04174E+01 6.34009E-01 8.02418E-01 9.70926E-01 9.90442E-01
 2.06538E+01 6.34078E-01 8.02505E-01 9.71031E-01 9.90548E-01
 2.08930E+01 6.34145E-01 8.02590E-01 9.71134E-01 9.90654E-01
 2.11349E+01 6.34212E-01 8.02675E-01 9.71237E-01 9.90759E-01
 2.13796E+01 6.34278E-01 8.02759E-01 9.71338E-01 9.90862E-01
 2.16272E+01 6.34344E-01 8.02841E-01 9.71438E-01 9.90964E-01
 2.18776E+01 6.34408E-01 8.02923E-01 9.71537E-01 9.91065E-01
 2.21309E+01 6.34472E-01 8.03004E-01 9.71635E-01 9.91165E-01
 2.23872E+01 6.34535E-01 8.03084E-01 9.71731E-01 9.91263E-01
 2.26464E+01 6.34598E-01 8.03163E-01 9.71827E-01 9.91361E-01
 2.29087E+01 6.34660E-01 8.03241E-01 9.71922E-01 9.91457E-01
 2.31739E+01 6.34721E-01 8.03318E-01 9.72015E-01 9.91552E-01
 2.34423E+01 6.34781E-01 8.03394E-01 9.72107E-01 9.91647E-01
 2.37137E+01 6.34840E-01 8.03470E-01 9.72199E-01 9.91740E-01
 2.39883E+01 6.34899E-01 8.03545E-01 9.72289E-01 9.91832E-01
 2.42661E+01 6.34958E-01 8.03618E-01 9.72378E-01 9.91923E-01
 2.45471E+01 6.35015E-01 8.03691E-01 9.72466E-01 9.92013E-01
 2.48313E+01 6.35072E-01 8.03763E-01 9.72554E-01 9.92102E-01
 2.51189E+01 6.35129E-01 8.03835E-01 9.72640E-01 9.92190E-01
 2.54097E+01 6.35184E-01 8.03905E-01 9.72725E-01 9.92277E-01
 2.57040E+01 6.35239E-01 8.03975E-01 9.72809E-01 9.92363E-01
 2.60016E+01 6.35294E-01 8.04043E-01 9.72893E-01 9.92448E-01
 2.63027E+01 6.35347E-01 8.04112E-01 9.72975E-01 9.92532E-01
 2.66073E+01 6.35401E-01 8.04179E-01 9.73056E-01 9.92615E-01
 2.69153E+01 6.35453E-01 8.04245E-01 9.73137E-01 9.92697E-01
 2.72270E+01 6.35505E-01 8.04311E-01 9.73216E-01 9.92778E-01
 2.75423E+01 6.35556E-01 8.04376E-01 9.73295E-01 9.92858E-01
 2.78612E+01 6.35607E-01 8.04440E-01 9.73373E-01 9.92938E-01
 2.81838E+01 6.35657E-01 8.04504E-01 9.73450E-01 9.93016E-01
 2.85102E+01 6.35707E-01 8.04567E-01 9.73526E-01 9.93094E-01
 2.88403E+01 6.35756E-01 8.04629E-01 9.73601E-01 9.93170E-01
 2.91743E+01 6.35805E-01 8.04690E-01 9.73675E-01 9.93246E-01
 2.95121E+01 6.35853E-01 8.04751E-01 9.73749E-01 9.93321E-01
 2.98538E+01 6.35900E-01 8.04811E-01 9.73821E-01 9.93395E-01
 3.01995E+01 6.35947E-01 8.04870E-01 9.73893E-01 9.93468E-01
 3.05492E+01 6.35993E-01 8.04929E-01 9.73964E-01 9.93540E-01
 3.09030E+01 6.36039E-01 8.04987E-01 9.74034E-01 9.93612E-01
 3.12608E+01 6.36084E-01 8.05044E-01 9.74103E-01 9.93683E-01
 3.16228E+01 6.36129E-01 8.05101E-01 9.74172E-01 9.93753E-01
 3.19890E+01 6.36173E-01 8.05157E-01 9.74240E-01 9.93822E-01
 3.23594E+01 6.36217E-01 8.05212E-01 9.74307E-01 9.93890E-01
 3.27341E+01 6.36260E-01 8.05267E-01 9.74373E-01 9.93958E-01
 3.31131E+01 6.36303E-01 8.05321E-01 9.74438E-01 9.94024E-01
 3.34965E+01 6.36345E-01 8.05374E-01 9.74503E-01 9.94090E-01
 3.38844E+01 6.36387E-01 8.05427E-01 9.74567E-01 9.94156E-01
 3.42768E+01 6.36428E-01 8.05479E-01 9.74630E-01 9.94220E-01
 3.46737E+01 6.36469E-01 8.05531E-01 9.74693E-01 9.94284E-01
 3.50752E+01 6.36509E-01 8.05582E-01 9.74755E-01 9.94347E-01
 3.54813E+01 6.36549E-01 8.05633E-01 9.74816E-01 9.94409E-01
 3.58922E+01 6.36589E-01 8.05683E-01 9.74876E-01 9.94471E-01
 3.63078E+01 6.36628E-01 8.05732E-01 9.74936E-01 9.94532E-01
 3.67282E+01 6.36666E-01 8.05781E-01 9.74995E-01 9.94592E-01
 3.71535E+01 6.36704E-01 8.05829E-01 9.75053E-01 9.94652E-01
 3.75837E+01 6.36742E-01 8.05877E-01 9.75111E-01 9.94711E-01
 3.80189E+01 6.36779E-01 8.05924E-01 9.75168E-01 9.94769E-01
 3.84592E+01 6.36816E-01 8.05970E-01 9.75224E-01 9.94826E-01
 3.89045E+01 6.36853E-01 8.06017E-01 9.75280E-01 9.94883E-01
 3.93550E+01 6.36889E-01 8.06062E-01 9.75335E-01 9.94939E-01
 3.98107E+01 6.36924E-01 8.06107E-01 9.75390E-01 9.94995E-01
 4.02717E+01 6.36959E-01 8.06152E-01 9.75443E-01 9.95050E-01
 4.07380E+01 6.36994E-01 8.06196E-01 9.75497E-01 9.95104E-01
 4.12098E+01 6.37028E-01 8.06239E-01 9.75549E-01 9.95158E-01
 4.16869E+01 6.37062E-01 8.06282E-01 9.75601E-01 9.95211E-01
 4.21697E+01 6.37096E-01 8.06325E-01 9.75653E-01 9.95263E-01
 4.26580E+01 6.37129E-01 8.06367E-01 9.75704E-01 9.95315E-01
 4.31519E+01 6.37162E-01 8.06408E-01 9.75754E-01 9.95367E-01
 4.36516E+01 6.37194E-01 8.06449E-01 9.75804E-01 9.95417E-01
 4.41570E+01 6.37227E-01 8.06490E-01 9.75853E-01 9.95467E-01
 4.46684E+01 6.37258E-01 8.06530E-01 9.75901E-01 9.95517E-01
 4.51856E+01 6.37290E-01 8.06570E-01 9.75949E-01 9.95566E-01
 4.57088E+01 6.37321E-01 8.06609E-01 9.75997E-01 9.95614E-01
 4.62381E+01 6.37351E-01 8.06648E-01 9.76044E-01 9.95662E-01
 4.67735E+01 6.37382E-01 8.06686E-01 9.76090E-01 9.95710E-01
 4.73151E+01 6.37411E-01 8.06724E-01 9.76136E-01 9.95756E-01
 4.78630E+01 6.37441E-01 8.06761E-01 9.76181E-01 9.95803E-01
 4.84172E+01 6.37470E-01 8.06798E-01 9.76226E-01 9.95848E-01
 4.89779E+01 6.37499E-01 8.06835E-01 9.76270E-01 9.95893E-01
 4.95450E+01 6.37528E-01 8.06871E-01 9.76314E-01 9.95938E-01
 5.01187E+01 6.37556E-01 8.06907E-01 9.76357E-01 9.95982E-01
 5.06991E+01 6.37584E-01 8.06942E-01 9.76400E-01 9.96026E-01
 5.12861E+01 6.37612E-01 8.06977E-01 9.76443E-01 9.96069E-01
 5.18800E+01 6.37639E-01 8.07012E-01 9.76484E-01 9.96112E-01
 5.24807E+01 6.37666E-01 8.07046E-01 9.76526E-01 9.96154E-01
 5.30884E+01 6.37693E-01 8.07080E-01 9.76567E-01 9.96196E-01
 5.37032E+01 6.37719E-01 8.07113E-01 9.76607E-01 9.96237E-01
 5.43250E+01 6.37745E-01 8.07146E-01 9.76647E-01 9.96278E-01
 5.49541E+01 6.37771E-01 8.07179E-01 9.76686E-01 9.96318E-01
 5.55904E+01 6.37796E-01 8.07211E-01 9.76726E-01 9.96358E-01
 5.62341E+01 6.37822E-01 8.07243E-01 9.76764E-01 9.96397E-01
 5.68853E+01 6.37847E-01 8.07275E-01 9.76802E-01 9.96436E-01
 5.75440E+01 6.37871E-01 8.07306E-01 9.76840E-01 9.96474E-01
 5.82103E+01 6.37896E-01 8.07337E-01 9.76877E-01 9.96513E-01
 5.88844E+01 6.37920E-01 8.07367E-01 9.76914E-01 9.96550E-01
 5.95662E+01 6.37943E-01 8.07397E-01 9.76951E-01 9.96587E-01
 6.02560E+01 6.37967E-01 8.07427E-01 9.76987E-01 9.96624E-01
 6.09537E+01 6.37990E-01 8.07456E-01 9.77022E-01 9.96660E-01
 6.16595E+01 6.38013E-01 8.07485E-01 9.77057E-01 9.96696E-01
 6.23735E+01 6.38036E-01 8.07514E-01 9.77092E-01 9.96732E-01
 6.30957E+01 6.38058E-01 8.07543E-01 9.77127E-01 9.96767E-01
 6.38263E+01 6.38081E-01 8.07571E-01 9.77161E-01 9.96802E-01
 6.45654E+01 6.38103E-01 8.07599E-01 9.77194E-01 9.96836E-01
 6.53131E+01 6.38124E-01 8.07626E-01 9.77227E-01 9.96870E-01
 6.60693E+01 6.38146E-01 8.07653E-01 9.77260E-01 9.96903E-01
 6.68344E+01 6.38167E-01 8.07680E-01 9.77293E-01 9.96936E-01
 6.76083E+01 6.38188E-01 8.07707E-01 9.77325E-01 9.96969E-01
 6.83912E+01 6.38209E-01 8.07733E-01 9.77357E-01 9.97002E-01
 6.91831E+01 6.38229E-01 8.07759E-01 9.77388E-01 9.97034E-01
 6.99842E+01 6.38249E-01 8.07784E-01 9.77419E-01 9.97065E-01
 7.07946E+01 6.38269E-01 8.07810E-01 9.77450E-01 9.97096E-01
 7.16143E+01 6.38289E-01 8.07835E-01 9.77480E-01 9.97127E-01
 7.24436E+01 6.38309E-01 8.07860E-01 9.77510E-01 9.97158E-01
 7.32825E+01 6.38328E-01 8.07884E-01 9.77540E-01 9.97188E-01
 7.41310E+01 6.38347E-01 8.07908E-01 9.77569E-01 9.97218E-01
 7.49894E+01 6.38366E-01 8.07932E-01 9.77598E-01 9.97248E-01
 7.58578E+01 6.38385E-01 8.07956E-01 9.77627E-01 9.97277E-01
 7.67361E+01 6.38403E-01 8.07979E-01 9.77655E-01 9.97306E-01
 7.76247E+01 6.38422E-01 8.08002E-01 9.77683E-01 9.97334E-01
 7.85236E+01 6.38440E-01 8.08025E-01 9.77710E-01 9.97362E-01
 7.94328E+01 6.38457E-01 8.08048E-01 9.77738E-01 9.97390E-01
 8.03526E+01 6.38475E-01 8.08070E-01 9.77765E-01 9.97418E-01
 8.12831E+01 6.38493E-01 8.08092E-01 9.77792E-01 9.97445E-01
 8.22243E+01 6.38510E-01 8.08114E-01 9.77818E-01 9.97472E-01
 8.31764E+01 6.38527E-01 8.08136E-01 9.77844E-01 9.97499E-01
 8.41395E+01 6.38544E-01 8.08157E-01 9.77870E-01 9.97525E-01
 8.51138E+01 6.38560E-01 8.08178E-01 9.77895E-01 9.97551E-01
 8.60994E+01 6.38577E-01 8.08199E-01 9.77921E-01 9.97577E-01
 8.70964E+01 6.38593E-01 8.08219E-01 9.77946E-01 9.97602E-01
 8.81049E+01 6.38609E-01 8.08240E-01 9.77970E-01 9.97627E-01
 8.91251E+01 6.38625E-01 8.08260E-01 9.77995E-01 9.97652E-01
 9.01571E+01 6.38641E-01 8.08280E-01 9.78019E-01 9.97677E-01
 9.12011E+01 6.38656E-01 8.08300E-01 9.78042E-01 9.97701E-01
 9.22571E+01 6.38672E-01 8.08319E-01 9.78066E-01 9.97725E-01
 9.33254E+01 6.38687E-01 8.08338E-01 9.78089E-01 9.97749E-01
 9.44061E+01 6.38702E-01 8.08357E-01 9.78112E-01 9.97772E-01
 9.54993E+01 6.38717E-01 8.08376E-01 9.78135E-01 9.97796E-01
 9.66051E+01 6.38732E-01 8.08395E-01 9.78157E-01 9.97818E-01
 9.77237E+01 6.38746E-01 8.08413E-01 9.78180E-01 9.97841E-01
 9.88553E+01 6.38760E-01 8.08431E-01 9.78202E-01 9.97864E-01
 1.00000E+02 6.38775E-01 8.08449E-01 9.78223E-01 9.97886E-01
