 1.00000E-02 1.67471E-01 1.95170E-01 2.23154E-01 2.26438E-01
 2.00000E-02 1.68596E-01 1.96647E-01 2.24825E-01 2.28125E-01
 3.00000E-02 1.69624E-01 1.97887E-01 2.26373E-01 2.29781E-01
 4.00000E-02 1.70555E-01 1.99084E-01 2.27918E-01 2.31318E-01
 5.00000E-02 1.71396E-01 2.00184E-01 2.29333E-01 2.32791E-01
 6.00000E-02 1.72180E-01 2.01216E-01 2.30670E-01 2.34172E-01
 7.00000E-02 1.72888E-01 2.02160E-01 2.31932E-01 2.35478E-01
 8.00000E-02 1.73527E-01 2.03034E-01 2.33115E-01 2.36716E-01
 9.00000E-02 1.74099E-01 2.03837E-01 2.34238E-01 2.37880E-01
 1.00000E-01 1.74614E-01 2.04574E-01 2.35290E-01 2.38978E-01
 1.10000E-01 1.75064E-01 2.05247E-01 2.36280E-01 2.40016E-01
 1.20000E-01 1.75460E-01 2.05859E-01 2.37211E-01 2.40994E-01
 1.30000E-01 1.75802E-01 2.06415E-01 2.38082E-01 2.41916E-01
 1.40000E-01 1.76093E-01 2.06917E-01 2.38906E-01 2.42785E-01
 1.50000E-01 1.76334E-01 2.07365E-01 2.39677E-01 2.43607E-01
 1.60000E-01 1.76528E-01 2.07764E-01 2.40401E-01 2.44382E-01
 1.70000E-01 1.76676E-01 2.08116E-01 2.41081E-01 2.45117E-01
 1.80000E-01 1.76784E-01 2.08424E-01 2.41718E-01 2.45808E-01
 1.90000E-01 1.76852E-01 2.08691E-01 2.42320E-01 2.46464E-01
 2.00000E-01 1.76882E-01 2.08917E-01 2.42884E-01 2.47085E-01
 2.10000E-01 1.76875E-01 2.09105E-01 2.43415E-01 2.47673E-01
 2.20000E-01 1.76835E-01 2.09258E-01 2.43915E-01 2.48232E-01
 2.30000E-01 1.76763E-01 2.09378E-01 2.44385E-01 2.48764E-01
 2.40000E-01 1.76661E-01 2.09467E-01 2.44830E-01 2.49271E-01
 2.50000E-01 1.76530E-01 2.09525E-01 2.45251E-01 2.49757E-01
 2.60000E-01 1.76373E-01 2.09556E-01 2.45649E-01 2.50223E-01
 2.70000E-01 1.76190E-01 2.09561E-01 2.46028E-01 2.50670E-01
 2.80000E-01 1.75984E-01 2.09542E-01 2.46388E-01 2.51102E-01
 2.90000E-01 1.75755E-01 2.09499E-01 2.46732E-01 2.51521E-01
 3.00000E-01 1.75505E-01 2.09435E-01 2.47062E-01 2.51927E-01
 3.10000E-01 1.75235E-01 2.09351E-01 2.47378E-01 2.52322E-01
 3.20000E-01 1.74948E-01 2.09247E-01 2.47685E-01 2.52710E-01
 3.30000E-01 1.74642E-01 2.09127E-01 2.47981E-01 2.53092E-01
 3.40000E-01 1.74320E-01 2.08990E-01 2.48269E-01 2.53470E-01
 3.50000E-01 1.73983E-01 2.08837E-01 2.48550E-01 2.53843E-01
 3.60000E-01 1.73632E-01 2.08670E-01 2.48825E-01 2.54216E-01
 3.70000E-01 1.73267E-01 2.08489E-01 2.49098E-01 2.54588E-01
 3.80000E-01 1.72890E-01 2.08296E-01 2.49366E-01 2.54962E-01
 3.90000E-01 1.72501E-01 2.08092E-01 2.49633E-01 2.55339E-01
 4.00000E-01 1.72101E-01 2.07876E-01 2.49900E-01 2.55721E-01
 4.10000E-01 1.71691E-01 2.07650E-01 2.50167E-01 2.56108E-01
 4.20000E-01 1.71271E-01 2.07415E-01 2.50435E-01 2.56502E-01
 4.30000E-01 1.70843E-01 2.07171E-01 2.50705E-01 2.56905E-01
 4.40000E-01 1.70406E-01 2.06919E-01 2.50978E-01 2.57318E-01
 4.50000E-01 1.69961E-01 2.06660E-01 2.51256E-01 2.57741E-01
 4.60000E-01 1.69510E-01 2.06393E-01 2.51538E-01 2.58176E-01
 4.70000E-01 1.69051E-01 2.06120E-01 2.51825E-01 2.58625E-01
 4.80000E-01 1.68587E-01 2.05841E-01 2.52118E-01 2.59089E-01
 4.90000E-01 1.68116E-01 2.05556E-01 2.52417E-01 2.59569E-01
 5.00000E-01 1.67641E-01 2.05267E-01 2.52724E-01 2.60065E-01
 5.10000E-01 1.67161E-01 2.04971E-01 2.53037E-01 2.60579E-01
 5.20000E-01 1.66676E-01 2.04672E-01 2.53358E-01 2.61113E-01
 5.30000E-01 1.66187E-01 2.04369E-01 2.53687E-01 2.61667E-01
 5.40000E-01 1.65694E-01 2.04061E-01 2.54024E-01 2.62242E-01
 5.50000E-01 1.65198E-01 2.03750E-01 2.54369E-01 2.62840E-01
 5.60000E-01 1.64698E-01 2.03436E-01 2.54722E-01 2.63460E-01
 5.70000E-01 1.64196E-01 2.03118E-01 2.55082E-01 2.64106E-01
 5.80000E-01 1.63691E-01 2.02797E-01 2.55451E-01 2.64777E-01
 5.90000E-01 1.63184E-01 2.02474E-01 2.55827E-01 2.65475E-01
 6.00000E-01 1.62674E-01 2.02147E-01 2.56211E-01 2.66199E-01
 6.10000E-01 1.62163E-01 2.01818E-01 2.56601E-01 2.66953E-01
 6.20000E-01 1.61650E-01 2.01487E-01 2.56998E-01 2.67735E-01
 6.30000E-01 1.61135E-01 2.01154E-01 2.57401E-01 2.68548E-01
 6.40000E-01 1.60620E-01 2.00818E-01 2.57809E-01 2.69392E-01
 6.50000E-01 1.60103E-01 2.00481E-01 2.58221E-01 2.70268E-01
 6.60000E-01 1.59585E-01 2.00141E-01 2.58638E-01 2.71177E-01
 6.70000E-01 1.59066E-01 1.99799E-01 2.59058E-01 2.72118E-01
 6.80000E-01 1.58546E-01 1.99456E-01 2.59480E-01 2.73092E-01
 6.90000E-01 1.58026E-01 1.99110E-01 2.59905E-01 2.74100E-01
 7.00000E-01 1.57506E-01 1.98763E-01 2.60330E-01 2.75142E-01
 7.10000E-01 1.56985E-01 1.98414E-01 2.60754E-01 2.76215E-01
 7.20000E-01 1.56464E-01 1.98064E-01 2.61179E-01 2.77319E-01
 7.30000E-01 1.55943E-01 1.97711E-01 2.61601E-01 2.78450E-01
 7.40000E-01 1.55421E-01 1.97357E-01 2.62022E-01 2.79604E-01
 7.50000E-01 1.54900E-01 1.97001E-01 2.62439E-01 2.80774E-01
 7.60000E-01 1.54379E-01 1.96644E-01 2.62852E-01 2.81955E-01
 7.70000E-01 1.53858E-01 1.96285E-01 2.63261E-01 2.83137E-01
 7.80000E-01 1.53337E-01 1.95924E-01 2.63665E-01 2.84316E-01
 7.90000E-01 1.52817E-01 1.95561E-01 2.64062E-01 2.85485E-01
 8.00000E-01 1.52297E-01 1.95196E-01 2.64454E-01 2.86641E-01
 8.10000E-01 1.51778E-01 1.94831E-01 2.64839E-01 2.87780E-01
 8.20000E-01 1.51258E-01 1.94463E-01 2.65216E-01 2.88901E-01
 8.30000E-01 1.50740E-01 1.94093E-01 2.65585E-01 2.90001E-01
 8.40000E-01 1.50222E-01 1.93722E-01 2.65947E-01 2.91080E-01
 8.50000E-01 1.49705E-01 1.93349E-01 2.66299E-01 2.92138E-01
 8.60000E-01 1.49188E-01 1.92974E-01 2.66643E-01 2.93172E-01
 8.70000E-01 1.48672E-01 1.92598E-01 2.66977E-01 2.94184E-01
 8.80000E-01 1.48156E-01 1.92220E-01 2.67302E-01 2.95173E-01
 8.90000E-01 1.47642E-01 1.91839E-01 2.67617E-01 2.96139E-01
 9.00000E-01 1.47128E-01 1.91458E-01 2.67922E-01 2.97083E-01
 9.10000E-01 1.46615E-01 1.91074E-01 2.68217E-01 2.98003E-01
 9.20000E-01 1.46103E-01 1.90689E-01 2.68501E-01 2.98900E-01
 9.30000E-01 1.45591E-01 1.90302E-01 2.68775E-01 2.99775E-01
 9.40000E-01 1.45081E-01 1.89913E-01 2.69039E-01 3.00628E-01
 9.50000E-01 1.44571E-01 1.89522E-01 2.69292E-01 3.01458E-01
 9.60000E-01 1.44062E-01 1.89129E-01 2.69534E-01 3.02267E-01
 9.70000E-01 1.43554E-01 1.88735E-01 2.69765E-01 3.03053E-01
 9.80000E-01 1.43047E-01 1.88339E-01 2.69985E-01 3.03818E-01
 9.90000E-01 1.42541E-01 1.87941E-01 2.70196E-01 3.04563E-01
 1.00000E+00 1.42036E-01 1.87541E-01 2.70395E-01 3.05286E-01
 1.01158E+00 1.41452E-01 1.87077E-01 2.70612E-01 3.06098E-01
 1.02329E+00 1.40863E-01 1.86604E-01 2.70816E-01 3.06892E-01
 1.03514E+00 1.40268E-01 1.86123E-01 2.71009E-01 3.07668E-01
 1.04713E+00 1.39668E-01 1.85635E-01 2.71188E-01 3.08424E-01
 1.05925E+00 1.39062E-01 1.85138E-01 2.71354E-01 3.09161E-01
 1.07152E+00 1.38451E-01 1.84633E-01 2.71506E-01 3.09878E-01
 1.08393E+00 1.37834E-01 1.84120E-01 2.71645E-01 3.10575E-01
 1.09648E+00 1.37212E-01 1.83598E-01 2.71768E-01 3.11252E-01
 1.10917E+00 1.36584E-01 1.83068E-01 2.71877E-01 3.11908E-01
 1.12202E+00 1.35951E-01 1.82528E-01 2.71970E-01 3.12544E-01
 1.13501E+00 1.35311E-01 1.81980E-01 2.72048E-01 3.13158E-01
 1.14815E+00 1.34667E-01 1.81423E-01 2.72110E-01 3.13750E-01
 1.16145E+00 1.34017E-01 1.80858E-01 2.72155E-01 3.14321E-01
 1.17490E+00 1.33361E-01 1.80283E-01 2.72185E-01 3.14869E-01
 1.18850E+00 1.32700E-01 1.79698E-01 2.72197E-01 3.15394E-01
 1.20226E+00 1.32033E-01 1.79105E-01 2.72192E-01 3.15897E-01
 1.21619E+00 1.31360E-01 1.78502E-01 2.72169E-01 3.16376E-01
 1.23027E+00 1.30682E-01 1.77889E-01 2.72129E-01 3.16833E-01
 1.24451E+00 1.29998E-01 1.77267E-01 2.72071E-01 3.17266E-01
 1.25893E+00 1.29309E-01 1.76636E-01 2.71995E-01 3.17675E-01
 1.27350E+00 1.28614E-01 1.75994E-01 2.71899E-01 3.18060E-01
 1.28825E+00 1.27914E-01 1.75343E-01 2.71786E-01 3.18420E-01
 1.30317E+00 1.27208E-01 1.74682E-01 2.71652E-01 3.18755E-01
 1.31826E+00 1.26496E-01 1.74011E-01 2.71501E-01 3.19067E-01
 1.33352E+00 1.25779E-01 1.73330E-01 2.71329E-01 3.19353E-01
 1.34896E+00 1.25057E-01 1.72639E-01 2.71139E-01 3.19614E-01
 1.36458E+00 1.24329E-01 1.71939E-01 2.70928E-01 3.19849E-01
 1.38038E+00 1.23596E-01 1.71227E-01 2.70696E-01 3.20058E-01
 1.39637E+00 1.22857E-01 1.70507E-01 2.70446E-01 3.20242E-01
 1.41254E+00 1.22113E-01 1.69776E-01 2.70174E-01 3.20401E-01
 1.42889E+00 1.21364E-01 1.69035E-01 2.69882E-01 3.20533E-01
 1.44544E+00 1.20609E-01 1.68283E-01 2.69570E-01 3.20638E-01
 1.46218E+00 1.19850E-01 1.67522E-01 2.69236E-01 3.20716E-01
 1.47911E+00 1.19085E-01 1.66750E-01 2.68882E-01 3.20769E-01
 1.49624E+00 1.18315E-01 1.65969E-01 2.68506E-01 3.20795E-01
 1.51356E+00 1.17540E-01 1.65177E-01 2.68110E-01 3.20793E-01
 1.53109E+00 1.16760E-01 1.64375E-01 2.67692E-01 3.20764E-01
 1.54882E+00 1.15975E-01 1.63563E-01 2.67253E-01 3.20710E-01
 1.56675E+00 1.15186E-01 1.62741E-01 2.66792E-01 3.20627E-01
 1.58489E+00 1.14391E-01 1.61910E-01 2.66310E-01 3.20517E-01
 1.60325E+00 1.13592E-01 1.61068E-01 2.65807E-01 3.20379E-01
 1.62181E+00 1.12789E-01 1.60217E-01 2.65281E-01 3.20215E-01
 1.64059E+00 1.11981E-01 1.59356E-01 2.64734E-01 3.20023E-01
 1.65959E+00 1.11168E-01 1.58485E-01 2.64166E-01 3.19802E-01
 1.67880E+00 1.10351E-01 1.57604E-01 2.63576E-01 3.19554E-01
 1.69824E+00 1.09530E-01 1.56714E-01 2.62964E-01 3.19279E-01
 1.71791E+00 1.08705E-01 1.55815E-01 2.62330E-01 3.18977E-01
 1.73780E+00 1.07876E-01 1.54906E-01 2.61676E-01 3.18646E-01
 1.75792E+00 1.07043E-01 1.53988E-01 2.60999E-01 3.18287E-01
 1.77828E+00 1.06206E-01 1.53061E-01 2.60301E-01 3.17902E-01
 1.79887E+00 1.05366E-01 1.52125E-01 2.59581E-01 3.17488E-01
 1.81970E+00 1.04522E-01 1.51180E-01 2.58839E-01 3.17046E-01
 1.84077E+00 1.03674E-01 1.50226E-01 2.58077E-01 3.16577E-01
 1.86209E+00 1.02824E-01 1.49263E-01 2.57293E-01 3.16081E-01
 1.88365E+00 1.01970E-01 1.48293E-01 2.56488E-01 3.15557E-01
 1.90546E+00 1.01113E-01 1.47314E-01 2.55661E-01 3.15004E-01
 1.92752E+00 1.00253E-01 1.46326E-01 2.54814E-01 3.14426E-01
 1.94984E+00 9.93907E-02 1.45331E-01 2.53946E-01 3.13820E-01
 1.97242E+00 9.85258E-02 1.44328E-01 2.53057E-01 3.13186E-01
 1.99526E+00 9.76584E-02 1.43318E-01 2.52147E-01 3.12526E-01
 2.01837E+00 9.67888E-02 1.42299E-01 2.51216E-01 3.11839E-01
 2.04174E+00 9.59170E-02 1.41274E-01 2.50266E-01 3.11125E-01
 2.06538E+00 9.50432E-02 1.40242E-01 2.49296E-01 3.10384E-01
 2.08930E+00 9.41676E-02 1.39203E-01 2.48305E-01 3.09617E-01
 2.11349E+00 9.32903E-02 1.38157E-01 2.47295E-01 3.08823E-01
 2.13796E+00 9.24116E-02 1.37104E-01 2.46265E-01 3.08003E-01
 2.16272E+00 9.15316E-02 1.36046E-01 2.45216E-01 3.07158E-01
 2.18776E+00 9.06503E-02 1.34981E-01 2.44148E-01 3.06287E-01
 2.21309E+00 8.97682E-02 1.33911E-01 2.43061E-01 3.05390E-01
 2.23872E+00 8.88852E-02 1.32835E-01 2.41955E-01 3.04467E-01
 2.26464E+00 8.80016E-02 1.31754E-01 2.40830E-01 3.03520E-01
 2.29087E+00 8.71175E-02 1.30668E-01 2.39688E-01 3.02548E-01
 2.31739E+00 8.62332E-02 1.29577E-01 2.38528E-01 3.01550E-01
 2.34423E+00 8.53488E-02 1.28481E-01 2.37350E-01 3.00530E-01
 2.37137E+00 8.44645E-02 1.27381E-01 2.36156E-01 2.99485E-01
 2.39883E+00 8.35805E-02 1.26277E-01 2.34944E-01 2.98415E-01
 2.42661E+00 8.26969E-02 1.25169E-01 2.33715E-01 2.97323E-01
 2.45471E+00 8.18139E-02 1.24058E-01 2.32470E-01 2.96208E-01
 2.48313E+00 8.09318E-02 1.22943E-01 2.31209E-01 2.95069E-01
 2.51189E+00 8.00506E-02 1.21825E-01 2.29932E-01 2.93908E-01
 2.54097E+00 7.91706E-02 1.20704E-01 2.28640E-01 2.92725E-01
 2.57040E+00 7.82919E-02 1.19581E-01 2.27333E-01 2.91520E-01
 2.60016E+00 7.74147E-02 1.18456E-01 2.26011E-01 2.90293E-01
 2.63027E+00 7.65393E-02 1.17329E-01 2.24675E-01 2.89046E-01
 2.66073E+00 7.56657E-02 1.16199E-01 2.23325E-01 2.87777E-01
 2.69153E+00 7.47942E-02 1.15069E-01 2.21962E-01 2.86488E-01
 2.72270E+00 7.39250E-02 1.13937E-01 2.20585E-01 2.85179E-01
 2.75423E+00 7.30581E-02 1.12805E-01 2.19196E-01 2.83851E-01
 2.78612E+00 7.21939E-02 1.11671E-01 2.17794E-01 2.82502E-01
 2.81838E+00 7.13324E-02 1.10538E-01 2.16380E-01 2.81136E-01
 2.85102E+00 7.04738E-02 1.09404E-01 2.14954E-01 2.79751E-01
 2.88403E+00 6.96184E-02 1.08271E-01 2.13517E-01 2.78348E-01
 2.91743E+00 6.87662E-02 1.07138E-01 2.12070E-01 2.76928E-01
 2.95121E+00 6.79175E-02 1.06006E-01 2.10612E-01 2.75490E-01
 2.98538E+00 6.70724E-02 1.04875E-01 2.09144E-01 2.74036E-01
 3.01995E+00 6.62311E-02 1.03745E-01 2.07667E-01 2.72565E-01
 3.05492E+00 6.53937E-02 1.02617E-01 2.06180E-01 2.71079E-01
 3.09030E+00 6.45604E-02 1.01490E-01 2.04685E-01 2.69578E-01
 3.12608E+00 6.37313E-02 1.00366E-01 2.03182E-01 2.68061E-01
 3.16228E+00 6.29065E-02 9.92435E-02 2.01670E-01 2.66531E-01
 3.19890E+00 6.20863E-02 9.81239E-02 2.00151E-01 2.64986E-01
 3.23594E+00 6.12707E-02 9.70071E-02 1.98626E-01 2.63428E-01
 3.27341E+00 6.04600E-02 9.58934E-02 1.97093E-01 2.61857E-01
 3.31131E+00 5.96541E-02 9.47830E-02 1.95555E-01 2.60273E-01
 3.34965E+00 5.88534E-02 9.36762E-02 1.94011E-01 2.58678E-01
 3.38844E+00 5.80578E-02 9.25731E-02 1.92462E-01 2.57071E-01
 3.42768E+00 5.72675E-02 9.14741E-02 1.90908E-01 2.55453E-01
 3.46737E+00 5.64827E-02 9.03795E-02 1.89350E-01 2.53824E-01
 3.50752E+00 5.57035E-02 8.92893E-02 1.87787E-01 2.52186E-01
 3.54813E+00 5.49299E-02 8.82038E-02 1.86221E-01 2.50538E-01
 3.58922E+00 5.41621E-02 8.71233E-02 1.84652E-01 2.48881E-01
 3.63078E+00 5.34001E-02 8.60478E-02 1.83080E-01 2.47216E-01
 3.67282E+00 5.26442E-02 8.49777E-02 1.81506E-01 2.45542E-01
 3.71535E+00 5.18943E-02 8.39131E-02 1.79931E-01 2.43860E-01
 3.75837E+00 5.11506E-02 8.28543E-02 1.78354E-01 2.42172E-01
 3.80189E+00 5.04132E-02 8.18013E-02 1.76776E-01 2.40478E-01
 3.84592E+00 4.96821E-02 8.07545E-02 1.75197E-01 2.38776E-01
 3.89045E+00 4.89574E-02 7.97139E-02 1.73618E-01 2.37070E-01
 3.93550E+00 4.82392E-02 7.86798E-02 1.72039E-01 2.35358E-01
 3.98107E+00 4.75275E-02 7.76523E-02 1.70461E-01 2.33642E-01
 4.02717E+00 4.68225E-02 7.66316E-02 1.68884E-01 2.31922E-01
 4.07380E+00 4.61242E-02 7.56179E-02 1.67308E-01 2.30197E-01
 4.12098E+00 4.54327E-02 7.46113E-02 1.65734E-01 2.28470E-01
 4.16869E+00 4.47479E-02 7.36119E-02 1.64162E-01 2.26740E-01
 4.21697E+00 4.40700E-02 7.26199E-02 1.62592E-01 2.25007E-01
 4.26580E+00 4.33989E-02 7.16354E-02 1.61025E-01 2.23272E-01
 4.31519E+00 4.27349E-02 7.06584E-02 1.59462E-01 2.21537E-01
 4.36516E+00 4.20777E-02 6.96892E-02 1.57902E-01 2.19800E-01
 4.41570E+00 4.14276E-02 6.87279E-02 1.56346E-01 2.18063E-01
 4.46684E+00 4.07845E-02 6.77745E-02 1.54794E-01 2.16325E-01
 4.51856E+00 4.01485E-02 6.68292E-02 1.53246E-01 2.14588E-01
 4.57088E+00 3.95195E-02 6.58921E-02 1.51704E-01 2.12852E-01
 4.62381E+00 3.88977E-02 6.49632E-02 1.50166E-01 2.11117E-01
 4.67735E+00 3.82829E-02 6.40427E-02 1.48634E-01 2.09383E-01
 4.73151E+00 3.76753E-02 6.31306E-02 1.47108E-01 2.07651E-01
 4.78630E+00 3.70747E-02 6.22270E-02 1.45587E-01 2.05922E-01
 4.84172E+00 3.64813E-02 6.13319E-02 1.44073E-01 2.04195E-01
 4.89779E+00 3.58951E-02 6.04454E-02 1.42565E-01 2.02471E-01
 4.95450E+00 3.53159E-02 5.95675E-02 1.41065E-01 2.00751E-01
 5.01187E+00 3.47438E-02 5.86983E-02 1.39571E-01 1.99034E-01
 5.06991E+00 3.41788E-02 5.78379E-02 1.38084E-01 1.97322E-01
 5.12861E+00 3.36210E-02 5.69863E-02 1.36605E-01 1.95614E-01
 5.18800E+00 3.30701E-02 5.61436E-02 1.35134E-01 1.93911E-01
 5.24807E+00 3.25263E-02 5.53097E-02 1.33670E-01 1.92213E-01
 5.30884E+00 3.19896E-02 5.44847E-02 1.32215E-01 1.90520E-01
 5.37032E+00 3.14598E-02 5.36686E-02 1.30768E-01 1.88833E-01
 5.43250E+00 3.09370E-02 5.28614E-02 1.29329E-01 1.87152E-01
 5.49541E+00 3.04211E-02 5.20630E-02 1.27900E-01 1.85478E-01
 5.55904E+00 2.99122E-02 5.12736E-02 1.26479E-01 1.83809E-01
 5.62341E+00 2.94101E-02 5.04931E-02 1.25067E-01 1.82148E-01
 5.68853E+00 2.89148E-02 4.97215E-02 1.23664E-01 1.80494E-01
 5.75440E+00 2.84263E-02 4.89590E-02 1.22271E-01 1.78847E-01
 5.82103E+00 2.79446E-02 4.82052E-02 1.20887E-01 1.77208E-01
 5.88844E+00 2.74696E-02 4.74604E-02 1.19513E-01 1.75576E-01
 5.95662E+00 2.70012E-02 4.67244E-02 1.18148E-01 1.73952E-01
 6.02560E+00 2.65394E-02 4.59973E-02 1.16793E-01 1.72337E-01
 6.09537E+00 2.60842E-02 4.52789E-02 1.15449E-01 1.70729E-01
 6.16595E+00 2.56356E-02 4.45694E-02 1.14114E-01 1.69131E-01
 6.23735E+00 2.51934E-02 4.38686E-02 1.12789E-01 1.67541E-01
 6.30957E+00 2.47576E-02 4.31764E-02 1.11475E-01 1.65960E-01
 6.38263E+00 2.43281E-02 4.24930E-02 1.10171E-01 1.64388E-01
 6.45654E+00 2.39050E-02 4.18183E-02 1.08877E-01 1.62826E-01
 6.53131E+00 2.34881E-02 4.11522E-02 1.07594E-01 1.61273E-01
 6.60693E+00 2.30774E-02 4.04946E-02 1.06321E-01 1.59729E-01
 6.68344E+00 2.26728E-02 3.98454E-02 1.05059E-01 1.58194E-01
 6.76083E+00 2.22743E-02 3.92048E-02 1.03807E-01 1.56670E-01
 6.83912E+00 2.18818E-02 3.85725E-02 1.02566E-01 1.55156E-01
 6.91831E+00 2.14952E-02 3.79486E-02 1.01335E-01 1.53651E-01
 6.99842E+00 2.11146E-02 3.73329E-02 1.00116E-01 1.52156E-01
 7.07946E+00 2.07397E-02 3.67255E-02 9.89066E-02 1.50672E-01
 7.16143E+00 2.03707E-02 3.61262E-02 9.77082E-02 1.49198E-01
 7.24436E+00 2.00073E-02 3.55350E-02 9.65207E-02 1.47734E-01
 7.32825E+00 1.96496E-02 3.49520E-02 9.53439E-02 1.46280E-01
 7.41310E+00 1.92975E-02 3.43769E-02 9.41778E-02 1.44837E-01
 7.49894E+00 1.89509E-02 3.38097E-02 9.30225E-02 1.43405E-01
 7.58578E+00 1.86097E-02 3.32503E-02 9.18779E-02 1.41983E-01
 7.67361E+00 1.82740E-02 3.26987E-02 9.07440E-02 1.40571E-01
 7.76247E+00 1.79435E-02 3.21549E-02 8.96209E-02 1.39170E-01
 7.85236E+00 1.76183E-02 3.16187E-02 8.85085E-02 1.37780E-01
 7.94328E+00 1.72984E-02 3.10900E-02 8.74068E-02 1.36400E-01
 8.03526E+00 1.69835E-02 3.05689E-02 8.63157E-02 1.35031E-01
 8.12831E+00 1.66738E-02 3.00551E-02 8.52353E-02 1.33673E-01
 8.22243E+00 1.63690E-02 2.95488E-02 8.41654E-02 1.32325E-01
 8.31764E+00 1.60692E-02 2.90497E-02 8.31062E-02 1.30989E-01
 8.41395E+00 1.57742E-02 2.85579E-02 8.20574E-02 1.29663E-01
 8.51138E+00 1.54842E-02 2.80731E-02 8.10192E-02 1.28347E-01
 8.60994E+00 1.51988E-02 2.75955E-02 7.99914E-02 1.27043E-01
 8.70964E+00 1.49182E-02 2.71249E-02 7.89740E-02 1.25749E-01
 8.81049E+00 1.46422E-02 2.66611E-02 7.79670E-02 1.24466E-01
 8.91251E+00 1.43707E-02 2.62043E-02 7.69703E-02 1.23193E-01
 9.01571E+00 1.41038E-02 2.57542E-02 7.59839E-02 1.21931E-01
 9.12011E+00 1.38414E-02 2.53108E-02 7.50077E-02 1.20680E-01
 9.22571E+00 1.35833E-02 2.48740E-02 7.40416E-02 1.19439E-01
 9.33254E+00 1.33295E-02 2.44438E-02 7.30856E-02 1.18209E-01
 9.44061E+00 1.30801E-02 2.40201E-02 7.21397E-02 1.16989E-01
 9.54993E+00 1.28348E-02 2.36027E-02 7.12038E-02 1.15780E-01
 9.66051E+00 1.25937E-02 2.31917E-02 7.02778E-02 1.14582E-01
 9.77237E+00 1.23567E-02 2.27870E-02 6.93617E-02 1.13394E-01
 9.88553E+00 1.21237E-02 2.23884E-02 6.84554E-02 1.12216E-01
 1.00000E+01 1.18947E-02 2.19960E-02 6.75588E-02 1.11048E-01
 1.01158E+01 1.16697E-02 2.16096E-02 6.66719E-02 1.09891E-01
 1.02329E+01 1.14485E-02 2.12292E-02 6.57947E-02 1.08745E-01
 1.03514E+01 1.12311E-02 2.08547E-02 6.49269E-02 1.07608E-01
 1.04713E+01 1.10175E-02 2.04860E-02 6.40687E-02 1.06481E-01
 1.05925E+01 1.08076E-02 2.01230E-02 6.32199E-02 1.05365E-01
 1.07152E+01 1.06013E-02 1.97657E-02 6.23804E-02 1.04259E-01
 1.08393E+01 1.03986E-02 1.94141E-02 6.15503E-02 1.03163E-01
 1.09648E+01 1.01995E-02 1.90680E-02 6.07293E-02 1.02076E-01
 1.10917E+01 1.00038E-02 1.87273E-02 5.99175E-02 1.01000E-01
 1.12202E+01 9.81160E-03 1.83921E-02 5.91148E-02 9.99333E-02
 1.13501E+01 9.62278E-03 1.80622E-02 5.83211E-02 9.88763E-02
 1.14815E+01 9.43728E-03 1.77375E-02 5.75363E-02 9.78294E-02
 1.16145E+01 9.25506E-03 1.74181E-02 5.67604E-02 9.67920E-02
 1.17490E+01 9.07608E-03 1.71038E-02 5.59933E-02 9.57642E-02
 1.18850E+01 8.90029E-03 1.67945E-02 5.52349E-02 9.47460E-02
 1.20226E+01 8.72762E-03 1.64902E-02 5.44852E-02 9.37371E-02
 1.21619E+01 8.55804E-03 1.61909E-02 5.37440E-02 9.27380E-02
 1.23027E+01 8.39149E-03 1.58964E-02 5.30114E-02 9.17480E-02
 1.24451E+01 8.22796E-03 1.56068E-02 5.22873E-02 9.07674E-02
 1.25893E+01 8.06735E-03 1.53219E-02 5.15715E-02 8.97960E-02
 1.27350E+01 7.90964E-03 1.50416E-02 5.08640E-02 8.88337E-02
 1.28825E+01 7.75478E-03 1.47660E-02 5.01647E-02 8.78808E-02
 1.30317E+01 7.60274E-03 1.44949E-02 4.94736E-02 8.69367E-02
 1.31826E+01 7.45346E-03 1.42283E-02 4.87906E-02 8.60017E-02
 1.33352E+01 7.30689E-03 1.39661E-02 4.81157E-02 8.50756E-02
 1.34896E+01 7.16300E-03 1.37082E-02 4.74487E-02 8.41583E-02
 1.36458E+01 7.02174E-03 1.34547E-02 4.67895E-02 8.32500E-02
 1.38038E+01 6.88307E-03 1.32054E-02 4.61382E-02 8.23502E-02
 1.39637E+01 6.74694E-03 1.29603E-02 4.54946E-02 8.14594E-02
 1.41254E+01 6.61333E-03 1.27193E-02 4.48587E-02 8.05770E-02
 1.42889E+01 6.48218E-03 1.24824E-02 4.42304E-02 7.97031E-02
 1.44544E+01 6.35345E-03 1.22495E-02 4.36097E-02 7.88378E-02
 1.46218E+01 6.22711E-03 1.20205E-02 4.29964E-02 7.79808E-02
 1.47911E+01 6.10312E-03 1.17954E-02 4.23905E-02 7.71324E-02
 1.49624E+01 5.98143E-03 1.15742E-02 4.17919E-02 7.62921E-02
 1.51356E+01 5.86201E-03 1.13567E-02 4.12006E-02 7.54601E-02
 1.53109E+01 5.74482E-03 1.11430E-02 4.06165E-02 7.46363E-02
 1.54882E+01 5.62983E-03 1.09329E-02 4.00395E-02 7.38205E-02
 1.56675E+01 5.51699E-03 1.07264E-02 3.94696E-02 7.30129E-02
 1.58489E+01 5.40627E-03 1.05236E-02 3.89066E-02 7.22130E-02
 1.60325E+01 5.29764E-03 1.03242E-02 3.83506E-02 7.14214E-02
 1.62181E+01 5.19105E-03 1.01282E-02 3.78015E-02 7.06374E-02
 1.64059E+01 5.08649E-03 9.93571E-03 3.72591E-02 6.98613E-02
 1.65959E+01 4.98389E-03 9.74655E-03 3.67235E-02 6.90929E-02
 1.67880E+01 4.88326E-03 9.56070E-03 3.61945E-02 6.83321E-02
 1.69824E+01 4.78453E-03 9.37809E-03 3.56721E-02 6.75791E-02
 1.71791E+01 4.68767E-03 9.19868E-03 3.51563E-02 6.68334E-02
 1.73780E+01 4.59268E-03 9.02244E-03 3.46469E-02 6.60954E-02
 1.75792E+01 4.49949E-03 8.84931E-03 3.41439E-02 6.53647E-02
 1.77828E+01 4.40809E-03 8.67923E-03 3.36472E-02 6.46414E-02
 1.79887E+01 4.31844E-03 8.51216E-03 3.31569E-02 6.39254E-02
 1.81970E+01 4.23051E-03 8.34807E-03 3.26727E-02 6.32165E-02
 1.84077E+01 4.14428E-03 8.18690E-03 3.21947E-02 6.25150E-02
 1.86209E+01 4.05971E-03 8.02859E-03 3.17228E-02 6.18205E-02
 1.88365E+01 3.97678E-03 7.87311E-03 3.12569E-02 6.11331E-02
 1.90546E+01 3.89544E-03 7.72044E-03 3.07969E-02 6.04527E-02
 1.92752E+01 3.81569E-03 7.57049E-03 3.03429E-02 5.97792E-02
 1.94984E+01 3.73748E-03 7.42324E-03 2.98947E-02 5.91127E-02
 1.97242E+01 3.66079E-03 7.27865E-03 2.94522E-02 5.84528E-02
 1.99526E+01 3.58560E-03 7.13668E-03 2.90155E-02 5.77999E-02
 2.01837E+01 3.51187E-03 6.99727E-03 2.85845E-02 5.71535E-02
 2.04174E+01 3.43959E-03 6.86039E-03 2.81591E-02 5.65139E-02
 2.06538E+01 3.36872E-03 6.72601E-03 2.77391E-02 5.58808E-02
 2.08930E+01 3.29924E-03 6.59408E-03 2.73247E-02 5.52543E-02
 2.11349E+01 3.23112E-03 6.46454E-03 2.69157E-02 5.46343E-02
 2.13796E+01 3.16434E-03 6.33739E-03 2.65121E-02 5.40206E-02
 2.16272E+01 3.09887E-03 6.21257E-03 2.61137E-02 5.34134E-02
 2.18776E+01 3.03470E-03 6.09003E-03 2.57207E-02 5.28123E-02
 2.21309E+01 2.97180E-03 5.96976E-03 2.53328E-02 5.22177E-02
 2.23872E+01 2.91013E-03 5.85171E-03 2.49500E-02 5.16290E-02
 2.26464E+01 2.84970E-03 5.73583E-03 2.45724E-02 5.10467E-02
 2.29087E+01 2.79045E-03 5.62211E-03 2.41997E-02 5.04703E-02
 2.31739E+01 2.73239E-03 5.51049E-03 2.38320E-02 4.99001E-02
 2.34423E+01 2.67548E-03 5.40094E-03 2.34693E-02 4.93358E-02
 2.37137E+01 2.61971E-03 5.29344E-03 2.31114E-02 4.87774E-02
 2.39883E+01 2.56504E-03 5.18794E-03 2.27583E-02 4.82248E-02
 2.42661E+01 2.51148E-03 5.08443E-03 2.24100E-02 4.76781E-02
 2.45471E+01 2.45898E-03 4.98284E-03 2.20663E-02 4.71372E-02
 2.48313E+01 2.40753E-03 4.88316E-03 2.17273E-02 4.66018E-02
 2.51189E+01 2.35712E-03 4.78536E-03 2.13930E-02 4.60723E-02
 2.54097E+01 2.30771E-03 4.68940E-03 2.10631E-02 4.55482E-02
 2.57040E+01 2.25931E-03 4.59525E-03 2.07378E-02 4.50298E-02
 2.60016E+01 2.21187E-03 4.50288E-03 2.04169E-02 4.45168E-02
 2.63027E+01 2.16540E-03 4.41226E-03 2.01003E-02 4.40093E-02
 2.66073E+01 2.11985E-03 4.32336E-03 1.97882E-02 4.35072E-02
 2.69153E+01 2.07524E-03 4.23614E-03 1.94803E-02 4.30104E-02
 2.72270E+01 2.03152E-03 4.15059E-03 1.91766E-02 4.25189E-02
 2.75423E+01 1.98869E-03 4.06667E-03 1.88772E-02 4.20326E-02
 2.78612E+01 1.94673E-03 3.98435E-03 1.85819E-02 4.15516E-02
 2.81838E+01 1.90563E-03 3.90361E-03 1.82907E-02 4.10757E-02
 2.85102E+01 1.86536E-03 3.82441E-03 1.80036E-02 4.06049E-02
 2.88403E+01 1.82590E-03 3.74674E-03 1.77204E-02 4.01391E-02
 2.91743E+01 1.78726E-03 3.67056E-03 1.74412E-02 3.96784E-02
 2.95121E+01 1.74940E-03 3.59585E-03 1.71659E-02 3.92225E-02
 2.98538E+01 1.71232E-03 3.52257E-03 1.68945E-02 3.87716E-02
 3.01995E+01 1.67599E-03 3.45072E-03 1.66269E-02 3.83255E-02
 3.05492E+01 1.64041E-03 3.38025E-03 1.63631E-02 3.78843E-02
 3.09030E+01 1.60556E-03 3.31115E-03 1.61029E-02 3.74478E-02
 3.12608E+01 1.57142E-03 3.24339E-03 1.58465E-02 3.70161E-02
 3.16228E+01 1.53799E-03 3.17695E-03 1.55937E-02 3.65890E-02
 3.19890E+01 1.50524E-03 3.11180E-03 1.53445E-02 3.61665E-02
 3.23594E+01 1.47317E-03 3.04792E-03 1.50989E-02 3.57486E-02
 3.27341E+01 1.44176E-03 2.98530E-03 1.48567E-02 3.53353E-02
 3.31131E+01 1.41100E-03 2.92389E-03 1.46180E-02 3.49264E-02
 3.34965E+01 1.38087E-03 2.86369E-03 1.43828E-02 3.45220E-02
 3.38844E+01 1.35137E-03 2.80467E-03 1.41509E-02 3.41220E-02
 3.42768E+01 1.32247E-03 2.74681E-03 1.39224E-02 3.37263E-02
 3.46737E+01 1.29418E-03 2.69009E-03 1.36972E-02 3.33350E-02
 3.50752E+01 1.26647E-03 2.63449E-03 1.34752E-02 3.29479E-02
 3.54813E+01 1.23934E-03 2.57998E-03 1.32564E-02 3.25651E-02
 3.58922E+01 1.21277E-03 2.52655E-03 1.30409E-02 3.21864E-02
 3.63078E+01 1.18676E-03 2.47418E-03 1.28284E-02 3.18120E-02
 3.67282E+01 1.16128E-03 2.42284E-03 1.26191E-02 3.14416E-02
 3.71535E+01 1.13634E-03 2.37253E-03 1.24128E-02 3.10753E-02
 3.75837E+01 1.11192E-03 2.32321E-03 1.22095E-02 3.07130E-02
 3.80189E+01 1.08801E-03 2.27488E-03 1.20093E-02 3.03547E-02
 3.84592E+01 1.06460E-03 2.22751E-03 1.18119E-02 3.00003E-02
 3.89045E+01 1.04168E-03 2.18108E-03 1.16175E-02 2.96499E-02
 3.93550E+01 1.01923E-03 2.13558E-03 1.14260E-02 2.93032E-02
 3.98107E+01 9.97265E-04 2.09099E-03 1.12373E-02 2.89605E-02
 4.02717E+01 9.75755E-04 2.04730E-03 1.10514E-02 2.86215E-02
 4.07380E+01 9.54696E-04 2.00448E-03 1.08682E-02 2.82863E-02
 4.12098E+01 9.34081E-04 1.96252E-03 1.06878E-02 2.79547E-02
 4.16869E+01 9.13899E-04 1.92140E-03 1.05101E-02 2.76269E-02
 4.21697E+01 8.94142E-04 1.88112E-03 1.03350E-02 2.73027E-02
 4.26580E+01 8.74801E-04 1.84164E-03 1.01626E-02 2.69821E-02
 4.31519E+01 8.55869E-04 1.80296E-03 9.99273E-03 2.66650E-02
 4.36516E+01 8.37336E-04 1.76506E-03 9.82544E-03 2.63515E-02
 4.41570E+01 8.19194E-04 1.72793E-03 9.66069E-03 2.60415E-02
 4.46684E+01 8.01436E-04 1.69155E-03 9.49842E-03 2.57349E-02
 4.51856E+01 7.84054E-04 1.65591E-03 9.33861E-03 2.54317E-02
 4.57088E+01 7.67039E-04 1.62099E-03 9.18122E-03 2.51320E-02
 4.62381E+01 7.50386E-04 1.58678E-03 9.02623E-03 2.48355E-02
 4.67735E+01 7.34086E-04 1.55327E-03 8.87360E-03 2.45424E-02
 4.73151E+01 7.18131E-04 1.52044E-03 8.72329E-03 2.42525E-02
 4.78630E+01 7.02516E-04 1.48828E-03 8.57529E-03 2.39660E-02
 4.84172E+01 6.87233E-04 1.45678E-03 8.42957E-03 2.36825E-02
 4.89779E+01 6.72274E-04 1.42592E-03 8.28609E-03 2.34024E-02
 4.95450E+01 6.57634E-04 1.39569E-03 8.14482E-03 2.31253E-02
 5.01187E+01 6.43306E-04 1.36608E-03 8.00572E-03 2.28514E-02
 5.06991E+01 6.29284E-04 1.33708E-03 7.86877E-03 2.25804E-02
 5.12861E+01 6.15560E-04 1.30867E-03 7.73395E-03 2.23126E-02
 5.18800E+01 6.02129E-04 1.28085E-03 7.60121E-03 2.20478E-02
 5.24807E+01 5.88987E-04 1.25360E-03 7.47055E-03 2.17860E-02
 5.30884E+01 5.76124E-04 1.22691E-03 7.34193E-03 2.15271E-02
 5.37032E+01 5.63537E-04 1.20077E-03 7.21531E-03 2.12711E-02
 5.43250E+01 5.51219E-04 1.17517E-03 7.09067E-03 2.10181E-02
 5.49541E+01 5.39165E-04 1.15010E-03 6.96799E-03 2.07679E-02
 5.55904E+01 5.27370E-04 1.12555E-03 6.84723E-03 2.05205E-02
 5.62341E+01 5.15828E-04 1.10150E-03 6.72838E-03 2.02759E-02
 5.68853E+01 5.04533E-04 1.07796E-03 6.61141E-03 2.00341E-02
 5.75440E+01 4.93481E-04 1.05490E-03 6.49628E-03 1.97950E-02
 5.82103E+01 4.82667E-04 1.03232E-03 6.38298E-03 1.95586E-02
 5.88844E+01 4.72085E-04 1.01021E-03 6.27147E-03 1.93249E-02
 5.95662E+01 4.61730E-04 9.88559E-04 6.16174E-03 1.90939E-02
 6.02560E+01 4.51599E-04 9.67358E-04 6.05375E-03 1.88655E-02
 6.09537E+01 4.41687E-04 9.46601E-04 5.94750E-03 1.86397E-02
 6.16595E+01 4.31988E-04 9.26276E-04 5.84294E-03 1.84165E-02
 6.23735E+01 4.22498E-04 9.06374E-04 5.74006E-03 1.81958E-02
 6.30957E+01 4.13212E-04 8.86890E-04 5.63883E-03 1.79776E-02
 6.38263E+01 4.04128E-04 8.67813E-04 5.53922E-03 1.77619E-02
 6.45654E+01 3.95240E-04 8.49134E-04 5.44123E-03 1.75487E-02
 6.53131E+01 3.86544E-04 8.30848E-04 5.34482E-03 1.73379E-02
 6.60693E+01 3.78036E-04 8.12944E-04 5.24997E-03 1.71295E-02
 6.68344E+01 3.69712E-04 7.95416E-04 5.15666E-03 1.69235E-02
 6.76083E+01 3.61569E-04 7.78256E-04 5.06486E-03 1.67199E-02
 6.83912E+01 3.53602E-04 7.61458E-04 4.97456E-03 1.65185E-02
 6.91831E+01 3.45808E-04 7.45012E-04 4.88574E-03 1.63195E-02
 6.99842E+01 3.38183E-04 7.28912E-04 4.79836E-03 1.61228E-02
 7.07946E+01 3.30723E-04 7.13153E-04 4.71242E-03 1.59283E-02
 7.16143E+01 3.23426E-04 6.97725E-04 4.62788E-03 1.57361E-02
 7.24436E+01 3.16287E-04 6.82623E-04 4.54474E-03 1.55461E-02
 7.32825E+01 3.09303E-04 6.67839E-04 4.46296E-03 1.53582E-02
 7.41310E+01 3.02471E-04 6.53369E-04 4.38254E-03 1.51725E-02
 7.49894E+01 2.95788E-04 6.39205E-04 4.30344E-03 1.49890E-02
 7.58578E+01 2.89251E-04 6.25340E-04 4.22565E-03 1.48076E-02
 7.67361E+01 2.82856E-04 6.11769E-04 4.14916E-03 1.46282E-02
 7.76247E+01 2.76600E-04 5.98487E-04 4.07394E-03 1.44509E-02
 7.85236E+01 2.70480E-04 5.85486E-04 3.99998E-03 1.42757E-02
 7.94328E+01 2.64494E-04 5.72760E-04 3.92724E-03 1.41025E-02
 8.03526E+01 2.58639E-04 5.60306E-04 3.85572E-03 1.39313E-02
 8.12831E+01 2.52911E-04 5.48117E-04 3.78541E-03 1.37621E-02
 8.22243E+01 2.47309E-04 5.36186E-04 3.71627E-03 1.35948E-02
 8.31764E+01 2.41829E-04 5.24510E-04 3.64829E-03 1.34295E-02
 8.41395E+01 2.36469E-04 5.13083E-04 3.58146E-03 1.32660E-02
 8.51138E+01 2.31226E-04 5.01899E-04 3.51576E-03 1.31045E-02
 8.60994E+01 2.26098E-04 4.90954E-04 3.45117E-03 1.29449E-02
 8.70964E+01 2.21082E-04 4.80243E-04 3.38767E-03 1.27871E-02
 8.81049E+01 2.16177E-04 4.69761E-04 3.32525E-03 1.26311E-02
 8.91251E+01 2.11378E-04 4.59503E-04 3.26390E-03 1.24770E-02
 9.01571E+01 2.06685E-04 4.49465E-04 3.20359E-03 1.23246E-02
 9.12011E+01 2.02095E-04 4.39641E-04 3.14430E-03 1.21740E-02
 9.22571E+01 1.97605E-04 4.30028E-04 3.08604E-03 1.20252E-02
 9.33254E+01 1.93214E-04 4.20621E-04 3.02877E-03 1.18780E-02
 9.44061E+01 1.88919E-04 4.11416E-04 2.97248E-03 1.17327E-02
 9.54993E+01 1.84719E-04 4.02409E-04 2.91716E-03 1.15889E-02
 9.66051E+01 1.80611E-04 3.93595E-04 2.86280E-03 1.14469E-02
 9.77237E+01 1.76594E-04 3.84971E-04 2.80937E-03 1.13066E-02
 9.88553E+01 1.72664E-04 3.76532E-04 2.75687E-03 1.11678E-02
 1.00000E+02 1.68821E-04 3.68275E-04 2.70527E-03 1.10307E-02
