 1.00000E-02 2.14067E-02 4.08418E-02 7.57170E-02 8.17111E-02
 2.00000E-02 2.40785E-02 4.64233E-02 8.88873E-02 9.70743E-02
 3.00000E-02 2.68096E-02 5.22182E-02 1.03366E-01 1.14696E-01
 4.00000E-02 2.95924E-02 5.81236E-02 1.18776E-01 1.34934E-01
 5.00000E-02 3.24016E-02 6.40701E-02 1.34611E-01 1.57801E-01
 6.00000E-02 3.52163E-02 7.00067E-02 1.50422E-01 1.81659E-01
 7.00000E-02 3.80225E-02 7.58884E-02 1.65931E-01 2.04689E-01
 8.00000E-02 4.08109E-02 8.16881E-02 1.80990E-01 2.26572E-01
 9.00000E-02 4.35734E-02 8.73902E-02 1.95533E-01 2.47320E-01
 1.00000E-01 4.63056E-02 9.29842E-02 2.09544E-01 2.67000E-01
 1.10000E-01 4.90061E-02 9.84657E-02 2.23026E-01 2.85687E-01
 1.20000E-01 5.16719E-02 1.03833E-01 2.35997E-01 3.03443E-01
 1.30000E-01 5.43030E-02 1.09089E-01 2.48482E-01 3.20349E-01
 1.40000E-01 5.68998E-02 1.14233E-01 2.60502E-01 3.36452E-01
 1.50000E-01 5.94627E-02 1.19271E-01 2.72081E-01 3.51822E-01
 1.60000E-01 6.19923E-02 1.24203E-01 2.83241E-01 3.66498E-01
 1.70000E-01 6.44897E-02 1.29035E-01 2.94006E-01 3.80538E-01
 1.80000E-01 6.69572E-02 1.33772E-01 3.04403E-01 3.93975E-01
 1.90000E-01 6.93947E-02 1.38416E-01 3.14447E-01 4.06860E-01
 2.00000E-01 7.18050E-02 1.42973E-01 3.24158E-01 4.19216E-01
 2.10000E-01 7.41888E-02 1.47446E-01 3.33560E-01 4.31090E-01
 2.20000E-01 7.65478E-02 1.51840E-01 3.42661E-01 4.42499E-01
 2.30000E-01 7.88837E-02 1.56157E-01 3.51487E-01 4.53483E-01
 2.40000E-01 8.11980E-02 1.60404E-01 3.60045E-01 4.64058E-01
 2.50000E-01 8.34923E-02 1.64583E-01 3.68355E-01 4.74254E-01
 2.60000E-01 8.57680E-02 1.68697E-01 3.76424E-01 4.84091E-01
 2.70000E-01 8.80267E-02 1.72750E-01 3.84271E-01 4.93587E-01
 2.80000E-01 9.02697E-02 1.76745E-01 3.91903E-01 5.02767E-01
 2.90000E-01 9.24983E-02 1.80686E-01 3.99330E-01 5.11641E-01
 3.00000E-01 9.47143E-02 1.84575E-01 4.06567E-01 5.20229E-01
 3.10000E-01 9.69188E-02 1.88415E-01 4.13619E-01 5.28547E-01
 3.20000E-01 9.91128E-02 1.92208E-01 4.20494E-01 5.36605E-01
 3.30000E-01 1.01298E-01 1.95958E-01 4.27203E-01 5.44421E-01
 3.40000E-01 1.03476E-01 1.99667E-01 4.33754E-01 5.52003E-01
 3.50000E-01 1.05647E-01 2.03337E-01 4.40152E-01 5.59363E-01
 3.60000E-01 1.07812E-01 2.06970E-01 4.46404E-01 5.66514E-01
 3.70000E-01 1.09974E-01 2.10567E-01 4.52517E-01 5.73463E-01
 3.80000E-01 1.12132E-01 2.14133E-01 4.58496E-01 5.80219E-01
 3.90000E-01 1.14288E-01 2.17667E-01 4.64348E-01 5.86794E-01
 4.00000E-01 1.16443E-01 2.21172E-01 4.70077E-01 5.93193E-01
 4.10000E-01 1.18598E-01 2.24650E-01 4.75689E-01 5.99424E-01
 4.20000E-01 1.20753E-01 2.28102E-01 4.81187E-01 6.05493E-01
 4.30000E-01 1.22911E-01 2.31530E-01 4.86577E-01 6.11411E-01
 4.40000E-01 1.25072E-01 2.34935E-01 4.91863E-01 6.17180E-01
 4.50000E-01 1.27236E-01 2.38318E-01 4.97047E-01 6.22807E-01
 4.60000E-01 1.29405E-01 2.41682E-01 5.02135E-01 6.28297E-01
 4.70000E-01 1.31580E-01 2.45026E-01 5.07129E-01 6.33658E-01
 4.80000E-01 1.33761E-01 2.48354E-01 5.12032E-01 6.38893E-01
 4.90000E-01 1.35949E-01 2.51665E-01 5.16848E-01 6.44005E-01
 5.00000E-01 1.38146E-01 2.54960E-01 5.21579E-01 6.49000E-01
 5.10000E-01 1.40352E-01 2.58242E-01 5.26229E-01 6.53884E-01
 5.20000E-01 1.42567E-01 2.61510E-01 5.30799E-01 6.58659E-01
 5.30000E-01 1.44793E-01 2.64767E-01 5.35294E-01 6.63328E-01
 5.40000E-01 1.47031E-01 2.68012E-01 5.39714E-01 6.67896E-01
 5.50000E-01 1.49280E-01 2.71247E-01 5.44062E-01 6.72365E-01
 5.60000E-01 1.51543E-01 2.74473E-01 5.48339E-01 6.76741E-01
 5.70000E-01 1.53819E-01 2.77690E-01 5.52550E-01 6.81025E-01
 5.80000E-01 1.56109E-01 2.80900E-01 5.56695E-01 6.85220E-01
 5.90000E-01 1.58415E-01 2.84104E-01 5.60775E-01 6.89328E-01
 6.00000E-01 1.60736E-01 2.87301E-01 5.64793E-01 6.93353E-01
 6.10000E-01 1.63073E-01 2.90493E-01 5.68751E-01 6.97298E-01
 6.20000E-01 1.65428E-01 2.93681E-01 5.72649E-01 7.01164E-01
 6.30000E-01 1.67799E-01 2.96865E-01 5.76491E-01 7.04955E-01
 6.40000E-01 1.70189E-01 3.00046E-01 5.80276E-01 7.08671E-01
 6.50000E-01 1.72597E-01 3.03225E-01 5.84007E-01 7.12316E-01
 6.60000E-01 1.75024E-01 3.06402E-01 5.87685E-01 7.15890E-01
 6.70000E-01 1.77471E-01 3.09578E-01 5.91311E-01 7.19397E-01
 6.80000E-01 1.79937E-01 3.12753E-01 5.94886E-01 7.22838E-01
 6.90000E-01 1.82424E-01 3.15928E-01 5.98412E-01 7.26216E-01
 7.00000E-01 1.84930E-01 3.19103E-01 6.01890E-01 7.29531E-01
 7.10000E-01 1.87458E-01 3.22280E-01 6.05321E-01 7.32785E-01
 7.20000E-01 1.90006E-01 3.25458E-01 6.08705E-01 7.35980E-01
 7.30000E-01 1.92576E-01 3.28638E-01 6.12045E-01 7.39117E-01
 7.40000E-01 1.95166E-01 3.31820E-01 6.15341E-01 7.42199E-01
 7.50000E-01 1.97778E-01 3.35005E-01 6.18594E-01 7.45225E-01
 7.60000E-01 2.00411E-01 3.38194E-01 6.21804E-01 7.48198E-01
 7.70000E-01 2.03065E-01 3.41385E-01 6.24974E-01 7.51119E-01
 7.80000E-01 2.05740E-01 3.44580E-01 6.28103E-01 7.53990E-01
 7.90000E-01 2.08436E-01 3.47780E-01 6.31193E-01 7.56811E-01
 8.00000E-01 2.11153E-01 3.50983E-01 6.34244E-01 7.59584E-01
 8.10000E-01 2.13890E-01 3.54191E-01 6.37258E-01 7.62310E-01
 8.20000E-01 2.16647E-01 3.57404E-01 6.40234E-01 7.64990E-01
 8.30000E-01 2.19390E-01 3.60621E-01 6.43174E-01 7.67625E-01
 8.40000E-01 2.22089E-01 3.63844E-01 6.46078E-01 7.70216E-01
 8.50000E-01 2.24746E-01 3.67071E-01 6.48948E-01 7.72764E-01
 8.60000E-01 2.27359E-01 3.70303E-01 6.51783E-01 7.75270E-01
 8.70000E-01 2.29930E-01 3.73540E-01 6.54585E-01 7.77735E-01
 8.80000E-01 2.32460E-01 3.76783E-01 6.57354E-01 7.80160E-01
 8.90000E-01 2.34948E-01 3.80030E-01 6.60090E-01 7.82546E-01
 9.00000E-01 2.37395E-01 3.83282E-01 6.62795E-01 7.84893E-01
 9.10000E-01 2.39801E-01 3.86539E-01 6.65469E-01 7.87203E-01
 9.20000E-01 2.42168E-01 3.89801E-01 6.68112E-01 7.89476E-01
 9.30000E-01 2.44495E-01 3.93067E-01 6.70726E-01 7.91714E-01
 9.40000E-01 2.46783E-01 3.96337E-01 6.73309E-01 7.93916E-01
 9.50000E-01 2.49033E-01 3.99611E-01 6.75865E-01 7.96084E-01
 9.60000E-01 2.51245E-01 4.02889E-01 6.78391E-01 7.98218E-01
 9.70000E-01 2.53420E-01 4.06170E-01 6.80890E-01 8.00320E-01
 9.80000E-01 2.55558E-01 4.09455E-01 6.83362E-01 8.02389E-01
 9.90000E-01 2.57660E-01 4.12742E-01 6.85806E-01 8.04427E-01
 1.00000E+00 2.59726E-01 4.16031E-01 6.88225E-01 8.06433E-01
 1.01158E+00 2.62075E-01 4.19793E-01 6.90993E-01 8.08719E-01
 1.02329E+00 2.64404E-01 4.23524E-01 6.93758E-01 8.10991E-01
 1.03514E+00 2.66713E-01 4.27223E-01 6.96521E-01 8.13249E-01
 1.04713E+00 2.69002E-01 4.30889E-01 6.99280E-01 8.15492E-01
 1.05925E+00 2.71269E-01 4.34521E-01 7.02037E-01 8.17721E-01
 1.07152E+00 2.73516E-01 4.38119E-01 7.04790E-01 8.19936E-01
 1.08393E+00 2.75741E-01 4.41683E-01 7.07540E-01 8.22136E-01
 1.09648E+00 2.77944E-01 4.45212E-01 7.10287E-01 8.24322E-01
 1.10917E+00 2.80125E-01 4.48705E-01 7.13031E-01 8.26493E-01
 1.12202E+00 2.82283E-01 4.52163E-01 7.15770E-01 8.28648E-01
 1.13501E+00 2.84419E-01 4.55584E-01 7.18506E-01 8.30789E-01
 1.14815E+00 2.86532E-01 4.58969E-01 7.21238E-01 8.32915E-01
 1.16145E+00 2.88622E-01 4.62316E-01 7.23966E-01 8.35025E-01
 1.17490E+00 2.90688E-01 4.65627E-01 7.26690E-01 8.37120E-01
 1.18850E+00 2.92732E-01 4.68899E-01 7.29409E-01 8.39200E-01
 1.20226E+00 2.94751E-01 4.72134E-01 7.32124E-01 8.41264E-01
 1.21619E+00 2.96747E-01 4.75331E-01 7.34835E-01 8.43312E-01
 1.23027E+00 2.98719E-01 4.78490E-01 7.37541E-01 8.45345E-01
 1.24451E+00 3.00667E-01 4.81610E-01 7.40242E-01 8.47362E-01
 1.25893E+00 3.02590E-01 4.84691E-01 7.42938E-01 8.49363E-01
 1.27350E+00 3.04490E-01 4.87734E-01 7.45630E-01 8.51348E-01
 1.28825E+00 3.06365E-01 4.90738E-01 7.48316E-01 8.53317E-01
 1.30317E+00 3.08217E-01 4.93704E-01 7.50997E-01 8.55270E-01
 1.31826E+00 3.10044E-01 4.96630E-01 7.53672E-01 8.57206E-01
 1.33352E+00 3.11846E-01 4.99517E-01 7.56342E-01 8.59127E-01
 1.34896E+00 3.13625E-01 5.02366E-01 7.59007E-01 8.61031E-01
 1.36458E+00 3.15379E-01 5.05176E-01 7.61665E-01 8.62919E-01
 1.38038E+00 3.17108E-01 5.07946E-01 7.64318E-01 8.64790E-01
 1.39637E+00 3.18814E-01 5.10679E-01 7.66965E-01 8.66645E-01
 1.41254E+00 3.20496E-01 5.13372E-01 7.69605E-01 8.68484E-01
 1.42889E+00 3.22153E-01 5.16027E-01 7.72239E-01 8.70306E-01
 1.44544E+00 3.23786E-01 5.18643E-01 7.74867E-01 8.72111E-01
 1.46218E+00 3.25396E-01 5.21221E-01 7.77488E-01 8.73900E-01
 1.47911E+00 3.26981E-01 5.23761E-01 7.80103E-01 8.75672E-01
 1.49624E+00 3.28543E-01 5.26263E-01 7.82710E-01 8.77428E-01
 1.51356E+00 3.30082E-01 5.28727E-01 7.85311E-01 8.79167E-01
 1.53109E+00 3.31596E-01 5.31153E-01 7.87904E-01 8.80889E-01
 1.54882E+00 3.33088E-01 5.33542E-01 7.90490E-01 8.82594E-01
 1.56675E+00 3.34556E-01 5.35894E-01 7.93068E-01 8.84283E-01
 1.58489E+00 3.36001E-01 5.38209E-01 7.95639E-01 8.85955E-01
 1.60325E+00 3.37424E-01 5.40488E-01 7.98202E-01 8.87611E-01
 1.62181E+00 3.38823E-01 5.42730E-01 8.00757E-01 8.89249E-01
 1.64059E+00 3.40200E-01 5.44935E-01 8.03303E-01 8.90871E-01
 1.65959E+00 3.41555E-01 5.47105E-01 8.05841E-01 8.92476E-01
 1.67880E+00 3.42888E-01 5.49240E-01 8.08371E-01 8.94065E-01
 1.69824E+00 3.44198E-01 5.51339E-01 8.10891E-01 8.95637E-01
 1.71791E+00 3.45487E-01 5.53404E-01 8.13403E-01 8.97192E-01
 1.73780E+00 3.46754E-01 5.55434E-01 8.15905E-01 8.98730E-01
 1.75792E+00 3.48000E-01 5.57429E-01 8.18398E-01 9.00252E-01
 1.77828E+00 3.49225E-01 5.59391E-01 8.20881E-01 9.01758E-01
 1.79887E+00 3.50429E-01 5.61319E-01 8.23354E-01 9.03247E-01
 1.81970E+00 3.51612E-01 5.63214E-01 8.25817E-01 9.04719E-01
 1.84077E+00 3.52774E-01 5.65076E-01 8.28269E-01 9.06175E-01
 1.86209E+00 3.53917E-01 5.66906E-01 8.30711E-01 9.07614E-01
 1.88365E+00 3.55039E-01 5.68704E-01 8.33141E-01 9.09037E-01
 1.90546E+00 3.56141E-01 5.70470E-01 8.35561E-01 9.10444E-01
 1.92752E+00 3.57224E-01 5.72204E-01 8.37968E-01 9.11835E-01
 1.94984E+00 3.58288E-01 5.73908E-01 8.40364E-01 9.13209E-01
 1.97242E+00 3.59332E-01 5.75581E-01 8.42748E-01 9.14567E-01
 1.99526E+00 3.60358E-01 5.77224E-01 8.45119E-01 9.15909E-01
 2.01837E+00 3.61365E-01 5.78837E-01 8.47475E-01 9.17235E-01
 2.04174E+00 3.62353E-01 5.80420E-01 8.49793E-01 9.18545E-01
 2.06538E+00 3.63324E-01 5.81975E-01 8.52069E-01 9.19840E-01
 2.08930E+00 3.64277E-01 5.83501E-01 8.54303E-01 9.21118E-01
 2.11349E+00 3.65211E-01 5.84998E-01 8.56496E-01 9.22381E-01
 2.13796E+00 3.66129E-01 5.86468E-01 8.58648E-01 9.23628E-01
 2.16272E+00 3.67029E-01 5.87910E-01 8.60759E-01 9.24859E-01
 2.18776E+00 3.67913E-01 5.89325E-01 8.62831E-01 9.26075E-01
 2.21309E+00 3.68780E-01 5.90714E-01 8.64864E-01 9.27276E-01
 2.23872E+00 3.69630E-01 5.92076E-01 8.66859E-01 9.28461E-01
 2.26464E+00 3.70464E-01 5.93412E-01 8.68815E-01 9.29631E-01
 2.29087E+00 3.71283E-01 5.94723E-01 8.70734E-01 9.30786E-01
 2.31739E+00 3.72085E-01 5.96009E-01 8.72617E-01 9.31925E-01
 2.34423E+00 3.72873E-01 5.97270E-01 8.74463E-01 9.33050E-01
 2.37137E+00 3.73645E-01 5.98506E-01 8.76273E-01 9.34160E-01
 2.39883E+00 3.74402E-01 5.99719E-01 8.78049E-01 9.35255E-01
 2.42661E+00 3.75144E-01 6.00908E-01 8.79789E-01 9.36336E-01
 2.45471E+00 3.75872E-01 6.02074E-01 8.81496E-01 9.37402E-01
 2.48313E+00 3.76585E-01 6.03217E-01 8.83170E-01 9.38453E-01
 2.51189E+00 3.77285E-01 6.04337E-01 8.84810E-01 9.39490E-01
 2.54097E+00 3.77970E-01 6.05436E-01 8.86418E-01 9.40513E-01
 2.57040E+00 3.78643E-01 6.06512E-01 8.87994E-01 9.41522E-01
 2.60016E+00 3.79301E-01 6.07567E-01 8.89539E-01 9.42517E-01
 2.63027E+00 3.79947E-01 6.08602E-01 8.91054E-01 9.43498E-01
 2.66073E+00 3.80580E-01 6.09615E-01 8.92538E-01 9.44465E-01
 2.69153E+00 3.81200E-01 6.10609E-01 8.93992E-01 9.45419E-01
 2.72270E+00 3.81808E-01 6.11582E-01 8.95417E-01 9.46359E-01
 2.75423E+00 3.82403E-01 6.12536E-01 8.96813E-01 9.47285E-01
 2.78612E+00 3.82986E-01 6.13470E-01 8.98182E-01 9.48198E-01
 2.81838E+00 3.83558E-01 6.14386E-01 8.99522E-01 9.49098E-01
 2.85102E+00 3.84118E-01 6.15283E-01 9.00835E-01 9.49985E-01
 2.88403E+00 3.84666E-01 6.16161E-01 9.02122E-01 9.50859E-01
 2.91743E+00 3.85204E-01 6.17022E-01 9.03382E-01 9.51720E-01
 2.95121E+00 3.85730E-01 6.17865E-01 9.04616E-01 9.52568E-01
 2.98538E+00 3.86246E-01 6.18691E-01 9.05826E-01 9.53404E-01
 3.01995E+00 3.86751E-01 6.19500E-01 9.07010E-01 9.54227E-01
 3.05492E+00 3.87245E-01 6.20292E-01 9.08170E-01 9.55038E-01
 3.09030E+00 3.87730E-01 6.21068E-01 9.09306E-01 9.55837E-01
 3.12608E+00 3.88204E-01 6.21828E-01 9.10418E-01 9.56624E-01
 3.16228E+00 3.88669E-01 6.22572E-01 9.11508E-01 9.57398E-01
 3.19890E+00 3.89124E-01 6.23301E-01 9.12574E-01 9.58161E-01
 3.23594E+00 3.89569E-01 6.24014E-01 9.13619E-01 9.58912E-01
 3.27341E+00 3.90005E-01 6.24713E-01 9.14642E-01 9.59652E-01
 3.31131E+00 3.90432E-01 6.25397E-01 9.15643E-01 9.60380E-01
 3.34965E+00 3.90850E-01 6.26066E-01 9.16624E-01 9.61096E-01
 3.38844E+00 3.91259E-01 6.26722E-01 9.17584E-01 9.61802E-01
 3.42768E+00 3.91660E-01 6.27364E-01 9.18523E-01 9.62496E-01
 3.46737E+00 3.92052E-01 6.27992E-01 9.19443E-01 9.63180E-01
 3.50752E+00 3.92436E-01 6.28607E-01 9.20344E-01 9.63852E-01
 3.54813E+00 3.92812E-01 6.29209E-01 9.21226E-01 9.64514E-01
 3.58922E+00 3.93180E-01 6.29799E-01 9.22088E-01 9.65165E-01
 3.63078E+00 3.93540E-01 6.30376E-01 9.22933E-01 9.65806E-01
 3.67282E+00 3.93893E-01 6.30940E-01 9.23760E-01 9.66437E-01
 3.71535E+00 3.94238E-01 6.31493E-01 9.24569E-01 9.67057E-01
 3.75837E+00 3.94576E-01 6.32034E-01 9.25361E-01 9.67667E-01
 3.80189E+00 3.94906E-01 6.32563E-01 9.26136E-01 9.68268E-01
 3.84592E+00 3.95230E-01 6.33081E-01 9.26895E-01 9.68858E-01
 3.89045E+00 3.95546E-01 6.33588E-01 9.27637E-01 9.69439E-01
 3.93550E+00 3.95856E-01 6.34085E-01 9.28363E-01 9.70010E-01
 3.98107E+00 3.96159E-01 6.34570E-01 9.29074E-01 9.70572E-01
 4.02717E+00 3.96456E-01 6.35045E-01 9.29770E-01 9.71124E-01
 4.07380E+00 3.96746E-01 6.35510E-01 9.30451E-01 9.71667E-01
 4.12098E+00 3.97030E-01 6.35965E-01 9.31117E-01 9.72201E-01
 4.16869E+00 3.97308E-01 6.36410E-01 9.31768E-01 9.72727E-01
 4.21697E+00 3.97580E-01 6.36846E-01 9.32406E-01 9.73243E-01
 4.26580E+00 3.97846E-01 6.37272E-01 9.33030E-01 9.73751E-01
 4.31519E+00 3.98106E-01 6.37689E-01 9.33640E-01 9.74249E-01
 4.36516E+00 3.98361E-01 6.38097E-01 9.34238E-01 9.74740E-01
 4.41570E+00 3.98610E-01 6.38496E-01 9.34822E-01 9.75222E-01
 4.46684E+00 3.98854E-01 6.38886E-01 9.35393E-01 9.75696E-01
 4.51856E+00 3.99092E-01 6.39268E-01 9.35953E-01 9.76162E-01
 4.57088E+00 3.99325E-01 6.39642E-01 9.36500E-01 9.76619E-01
 4.62381E+00 3.99554E-01 6.40007E-01 9.37035E-01 9.77069E-01
 4.67735E+00 3.99777E-01 6.40365E-01 9.37559E-01 9.77511E-01
 4.73151E+00 3.99995E-01 6.40715E-01 9.38071E-01 9.77945E-01
 4.78630E+00 4.00209E-01 6.41057E-01 9.38572E-01 9.78372E-01
 4.84172E+00 4.00418E-01 6.41392E-01 9.39062E-01 9.78791E-01
 4.89779E+00 4.00622E-01 6.41719E-01 9.39541E-01 9.79203E-01
 4.95450E+00 4.00822E-01 6.42039E-01 9.40010E-01 9.79608E-01
 5.01187E+00 4.01018E-01 6.42353E-01 9.40469E-01 9.80006E-01
 5.06991E+00 4.01209E-01 6.42659E-01 9.40917E-01 9.80396E-01
 5.12861E+00 4.01396E-01 6.42959E-01 9.41356E-01 9.80780E-01
 5.18800E+00 4.01579E-01 6.43252E-01 9.41785E-01 9.81157E-01
 5.24807E+00 4.01758E-01 6.43539E-01 9.42205E-01 9.81527E-01
 5.30884E+00 4.01933E-01 6.43819E-01 9.42615E-01 9.81890E-01
 5.37032E+00 4.02104E-01 6.44093E-01 9.43017E-01 9.82247E-01
 5.43250E+00 4.02272E-01 6.44361E-01 9.43409E-01 9.82598E-01
 5.49541E+00 4.02435E-01 6.44624E-01 9.43793E-01 9.82942E-01
 5.55904E+00 4.02595E-01 6.44880E-01 9.44169E-01 9.83280E-01
 5.62341E+00 4.02752E-01 6.45131E-01 9.44536E-01 9.83612E-01
 5.68853E+00 4.02905E-01 6.45376E-01 9.44895E-01 9.83938E-01
 5.75440E+00 4.03055E-01 6.45616E-01 9.45247E-01 9.84258E-01
 5.82103E+00 4.03202E-01 6.45851E-01 9.45590E-01 9.84572E-01
 5.88844E+00 4.03345E-01 6.46080E-01 9.45926E-01 9.84880E-01
 5.95662E+00 4.03485E-01 6.46305E-01 9.46255E-01 9.85183E-01
 6.02560E+00 4.03622E-01 6.46524E-01 9.46576E-01 9.85480E-01
 6.09537E+00 4.03756E-01 6.46739E-01 9.46890E-01 9.85772E-01
 6.16595E+00 4.03887E-01 6.46948E-01 9.47197E-01 9.86059E-01
 6.23735E+00 4.04015E-01 6.47154E-01 9.47498E-01 9.86340E-01
 6.30957E+00 4.04140E-01 6.47354E-01 9.47791E-01 9.86616E-01
 6.38263E+00 4.04263E-01 6.47550E-01 9.48079E-01 9.86887E-01
 6.45654E+00 4.04382E-01 6.47742E-01 9.48359E-01 9.87152E-01
 6.53131E+00 4.04499E-01 6.47930E-01 9.48634E-01 9.87413E-01
 6.60693E+00 4.04614E-01 6.48113E-01 9.48903E-01 9.87669E-01
 6.68344E+00 4.04726E-01 6.48292E-01 9.49165E-01 9.87921E-01
 6.76083E+00 4.04835E-01 6.48468E-01 9.49422E-01 9.88167E-01
 6.83912E+00 4.04942E-01 6.48639E-01 9.49673E-01 9.88409E-01
 6.91831E+00 4.05047E-01 6.48807E-01 9.49918E-01 9.88647E-01
 6.99842E+00 4.05149E-01 6.48971E-01 9.50158E-01 9.88880E-01
 7.07946E+00 4.05249E-01 6.49131E-01 9.50393E-01 9.89108E-01
 7.16143E+00 4.05347E-01 6.49288E-01 9.50622E-01 9.89333E-01
 7.24436E+00 4.05443E-01 6.49441E-01 9.50846E-01 9.89553E-01
 7.32825E+00 4.05536E-01 6.49591E-01 9.51066E-01 9.89768E-01
 7.41310E+00 4.05628E-01 6.49737E-01 9.51280E-01 9.89980E-01
 7.49894E+00 4.05717E-01 6.49880E-01 9.51490E-01 9.90188E-01
 7.58578E+00 4.05804E-01 6.50020E-01 9.51695E-01 9.90392E-01
 7.67361E+00 4.05890E-01 6.50157E-01 9.51895E-01 9.90592E-01
 7.76247E+00 4.05973E-01 6.50291E-01 9.52091E-01 9.90788E-01
 7.85236E+00 4.06055E-01 6.50422E-01 9.52282E-01 9.90980E-01
 7.94328E+00 4.06135E-01 6.50550E-01 9.52470E-01 9.91169E-01
 8.03526E+00 4.06213E-01 6.50675E-01 9.52653E-01 9.91354E-01
 8.12831E+00 4.06289E-01 6.50797E-01 9.52832E-01 9.91536E-01
 8.22243E+00 4.06364E-01 6.50916E-01 9.53006E-01 9.91714E-01
 8.31764E+00 4.06437E-01 6.51033E-01 9.53177E-01 9.91888E-01
 8.41395E+00 4.06508E-01 6.51147E-01 9.53345E-01 9.92060E-01
 8.51138E+00 4.06578E-01 6.51259E-01 9.53508E-01 9.92228E-01
 8.60994E+00 4.06646E-01 6.51368E-01 9.53668E-01 9.92392E-01
 8.70964E+00 4.06712E-01 6.51475E-01 9.53824E-01 9.92554E-01
 8.81049E+00 4.06778E-01 6.51579E-01 9.53977E-01 9.92712E-01
 8.91251E+00 4.06841E-01 6.51681E-01 9.54126E-01 9.92868E-01
 9.01571E+00 4.06903E-01 6.51781E-01 9.54272E-01 9.93019E-01
 9.12011E+00 4.06964E-01 6.51878E-01 9.54415E-01 9.93168E-01
 9.22571E+00 4.07024E-01 6.51973E-01 9.54554E-01 9.93313E-01
 9.33254E+00 4.07082E-01 6.52067E-01 9.54691E-01 9.93455E-01
 9.44061E+00 4.07139E-01 6.52158E-01 9.54824E-01 9.93594E-01
 9.54993E+00 4.07194E-01 6.52247E-01 9.54954E-01 9.93729E-01
 9.66051E+00 4.07249E-01 6.52334E-01 9.55082E-01 9.93862E-01
 9.77237E+00 4.07302E-01 6.52419E-01 9.55206E-01 9.93991E-01
 9.88553E+00 4.07354E-01 6.52502E-01 9.55328E-01 9.94118E-01
 1.00000E+01 4.07404E-01 6.52583E-01 9.55447E-01 9.94242E-01
 1.01158E+01 4.07454E-01 6.52662E-01 9.55563E-01 9.94363E-01
 1.02329E+01 4.07502E-01 6.52740E-01 9.55677E-01 9.94481E-01
 1.03514E+01 4.07550E-01 6.52816E-01 9.55788E-01 9.94597E-01
 1.04713E+01 4.07596E-01 6.52890E-01 9.55897E-01 9.94710E-01
 1.05925E+01 4.07641E-01 6.52963E-01 9.56003E-01 9.94820E-01
 1.07152E+01 4.07686E-01 6.53034E-01 9.56107E-01 9.94928E-01
 1.08393E+01 4.07729E-01 6.53103E-01 9.56208E-01 9.95034E-01
 1.09648E+01 4.07771E-01 6.53171E-01 9.56307E-01 9.95137E-01
 1.10917E+01 4.07813E-01 6.53237E-01 9.56404E-01 9.95238E-01
 1.12202E+01 4.07853E-01 6.53302E-01 9.56499E-01 9.95337E-01
 1.13501E+01 4.07892E-01 6.53365E-01 9.56592E-01 9.95433E-01
 1.14815E+01 4.07931E-01 6.53427E-01 9.56682E-01 9.95527E-01
 1.16145E+01 4.07969E-01 6.53487E-01 9.56771E-01 9.95619E-01
 1.17490E+01 4.08006E-01 6.53546E-01 9.56857E-01 9.95709E-01
 1.18850E+01 4.08042E-01 6.53604E-01 9.56942E-01 9.95797E-01
 1.20226E+01 4.08077E-01 6.53661E-01 9.57024E-01 9.95883E-01
 1.21619E+01 4.08111E-01 6.53716E-01 9.57105E-01 9.95967E-01
 1.23027E+01 4.08145E-01 6.53770E-01 9.57184E-01 9.96050E-01
 1.24451E+01 4.08178E-01 6.53822E-01 9.57261E-01 9.96130E-01
 1.25893E+01 4.08210E-01 6.53874E-01 9.57337E-01 9.96209E-01
 1.27350E+01 4.08242E-01 6.53924E-01 9.57411E-01 9.96285E-01
 1.28825E+01 4.08272E-01 6.53974E-01 9.57483E-01 9.96360E-01
 1.30317E+01 4.08303E-01 6.54022E-01 9.57553E-01 9.96434E-01
 1.31826E+01 4.08332E-01 6.54069E-01 9.57622E-01 9.96505E-01
 1.33352E+01 4.08361E-01 6.54115E-01 9.57689E-01 9.96575E-01
 1.34896E+01 4.08389E-01 6.54160E-01 9.57755E-01 9.96644E-01
 1.36458E+01 4.08416E-01 6.54204E-01 9.57819E-01 9.96711E-01
 1.38038E+01 4.08443E-01 6.54246E-01 9.57882E-01 9.96776E-01
 1.39637E+01 4.08469E-01 6.54288E-01 9.57944E-01 9.96840E-01
 1.41254E+01 4.08495E-01 6.54329E-01 9.58004E-01 9.96903E-01
 1.42889E+01 4.08520E-01 6.54370E-01 9.58063E-01 9.96964E-01
 1.44544E+01 4.08544E-01 6.54409E-01 9.58120E-01 9.97023E-01
 1.46218E+01 4.08568E-01 6.54447E-01 9.58176E-01 9.97082E-01
 1.47911E+01 4.08591E-01 6.54485E-01 9.58231E-01 9.97139E-01
 1.49624E+01 4.08614E-01 6.54521E-01 9.58284E-01 9.97195E-01
 1.51356E+01 4.08637E-01 6.54557E-01 9.58337E-01 9.97249E-01
 1.53109E+01 4.08658E-01 6.54592E-01 9.58388E-01 9.97302E-01
 1.54882E+01 4.08680E-01 6.54626E-01 9.58438E-01 9.97354E-01
 1.56675E+01 4.08701E-01 6.54659E-01 9.58487E-01 9.97405E-01
 1.58489E+01 4.08721E-01 6.54692E-01 9.58535E-01 9.97455E-01
 1.60325E+01 4.08741E-01 6.54724E-01 9.58581E-01 9.97504E-01
 1.62181E+01 4.08760E-01 6.54755E-01 9.58627E-01 9.97551E-01
 1.64059E+01 4.08779E-01 6.54786E-01 9.58672E-01 9.97598E-01
 1.65959E+01 4.08798E-01 6.54815E-01 9.58715E-01 9.97643E-01
 1.67880E+01 4.08816E-01 6.54845E-01 9.58758E-01 9.97687E-01
 1.69824E+01 4.08834E-01 6.54873E-01 9.58800E-01 9.97731E-01
 1.71791E+01 4.08851E-01 6.54901E-01 9.58840E-01 9.97773E-01
 1.73780E+01 4.08868E-01 6.54928E-01 9.58880E-01 9.97814E-01
 1.75792E+01 4.08885E-01 6.54955E-01 9.58919E-01 9.97855E-01
 1.77828E+01 4.08901E-01 6.54981E-01 9.58957E-01 9.97894E-01
 1.79887E+01 4.08917E-01 6.55006E-01 9.58994E-01 9.97933E-01
 1.81970E+01 4.08932E-01 6.55031E-01 9.59030E-01 9.97971E-01
 1.84077E+01 4.08948E-01 6.55055E-01 9.59066E-01 9.98008E-01
 1.86209E+01 4.08962E-01 6.55079E-01 9.59101E-01 9.98044E-01
 1.88365E+01 4.08977E-01 6.55102E-01 9.59135E-01 9.98079E-01
 1.90546E+01 4.08991E-01 6.55124E-01 9.59168E-01 9.98114E-01
 1.92752E+01 4.09005E-01 6.55147E-01 9.59200E-01 9.98147E-01
 1.94984E+01 4.09018E-01 6.55168E-01 9.59232E-01 9.98180E-01
 1.97242E+01 4.09031E-01 6.55189E-01 9.59263E-01 9.98213E-01
 1.99526E+01 4.09044E-01 6.55210E-01 9.59293E-01 9.98244E-01
 2.01837E+01 4.09057E-01 6.55230E-01 9.59323E-01 9.98275E-01
 2.04174E+01 4.09069E-01 6.55250E-01 9.59351E-01 9.98305E-01
 2.06538E+01 4.09081E-01 6.55269E-01 9.59380E-01 9.98334E-01
 2.08930E+01 4.09093E-01 6.55288E-01 9.59407E-01 9.98363E-01
 2.11349E+01 4.09105E-01 6.55306E-01 9.59434E-01 9.98391E-01
 2.13796E+01 4.09116E-01 6.55324E-01 9.59461E-01 9.98419E-01
 2.16272E+01 4.09127E-01 6.55342E-01 9.59486E-01 9.98445E-01
 2.18776E+01 4.09138E-01 6.55359E-01 9.59511E-01 9.98472E-01
 2.21309E+01 4.09148E-01 6.55376E-01 9.59536E-01 9.98497E-01
 2.23872E+01 4.09158E-01 6.55392E-01 9.59560E-01 9.98522E-01
 2.26464E+01 4.09168E-01 6.55409E-01 9.59584E-01 9.98547E-01
 2.29087E+01 4.09178E-01 6.55424E-01 9.59607E-01 9.98571E-01
 2.31739E+01 4.09188E-01 6.55440E-01 9.59629E-01 9.98594E-01
 2.34423E+01 4.09197E-01 6.55455E-01 9.59651E-01 9.98617E-01
 2.37137E+01 4.09206E-01 6.55469E-01 9.59672E-01 9.98639E-01
 2.39883E+01 4.09215E-01 6.55484E-01 9.59693E-01 9.98661E-01
 2.42661E+01 4.09224E-01 6.55498E-01 9.59714E-01 9.98682E-01
 2.45471E+01 4.09232E-01 6.55511E-01 9.59734E-01 9.98703E-01
 2.48313E+01 4.09241E-01 6.55525E-01 9.59754E-01 9.98723E-01
 2.51189E+01 4.09249E-01 6.55538E-01 9.59773E-01 9.98743E-01
 2.54097E+01 4.09257E-01 6.55550E-01 9.59791E-01 9.98763E-01
 2.57040E+01 4.09265E-01 6.55563E-01 9.59810E-01 9.98782E-01
 2.60016E+01 4.09272E-01 6.55575E-01 9.59827E-01 9.98800E-01
 2.63027E+01 4.09280E-01 6.55587E-01 9.59845E-01 9.98818E-01
 2.66073E+01 4.09287E-01 6.55599E-01 9.59862E-01 9.98836E-01
 2.69153E+01 4.09294E-01 6.55610E-01 9.59879E-01 9.98854E-01
 2.72270E+01 4.09301E-01 6.55621E-01 9.59895E-01 9.98870E-01
 2.75423E+01 4.09308E-01 6.55632E-01 9.59911E-01 9.98887E-01
 2.78612E+01 4.09314E-01 6.55643E-01 9.59926E-01 9.98903E-01
 2.81838E+01 4.09321E-01 6.55653E-01 9.59942E-01 9.98919E-01
 2.85102E+01 4.09327E-01 6.55663E-01 9.59956E-01 9.98935E-01
 2.88403E+01 4.09333E-01 6.55673E-01 9.59971E-01 9.98950E-01
 2.91743E+01 4.09340E-01 6.55683E-01 9.59985E-01 9.98964E-01
 2.95121E+01 4.09345E-01 6.55692E-01 9.59999E-01 9.98979E-01
 2.98538E+01 4.09351E-01 6.55702E-01 9.60013E-01 9.98993E-01
 3.01995E+01 4.09357E-01 6.55711E-01 9.60026E-01 9.99007E-01
 3.05492E+01 4.09362E-01 6.55719E-01 9.60039E-01 9.99020E-01
 3.09030E+01 4.09368E-01 6.55728E-01 9.60051E-01 9.99033E-01
 3.12608E+01 4.09373E-01 6.55736E-01 9.60064E-01 9.99046E-01
 3.16228E+01 4.09378E-01 6.55745E-01 9.60076E-01 9.99059E-01
 3.19890E+01 4.09383E-01 6.55753E-01 9.60088E-01 9.99071E-01
 3.23594E+01 4.09388E-01 6.55761E-01 9.60099E-01 9.99083E-01
 3.27341E+01 4.09393E-01 6.55768E-01 9.60111E-01 9.99095E-01
 3.31131E+01 4.09398E-01 6.55776E-01 9.60122E-01 9.99106E-01
 3.34965E+01 4.09402E-01 6.55783E-01 9.60132E-01 9.99118E-01
 3.38844E+01 4.09407E-01 6.55791E-01 9.60143E-01 9.99129E-01
 3.42768E+01 4.09411E-01 6.55798E-01 9.60153E-01 9.99139E-01
 3.46737E+01 4.09415E-01 6.55804E-01 9.60163E-01 9.99150E-01
 3.50752E+01 4.09420E-01 6.55811E-01 9.60173E-01 9.99160E-01
 3.54813E+01 4.09424E-01 6.55818E-01 9.60183E-01 9.99170E-01
 3.58922E+01 4.09428E-01 6.55824E-01 9.60192E-01 9.99180E-01
 3.63078E+01 4.09432E-01 6.55830E-01 9.60201E-01 9.99189E-01
 3.67282E+01 4.09435E-01 6.55836E-01 9.60210E-01 9.99199E-01
 3.71535E+01 4.09439E-01 6.55842E-01 9.60219E-01 9.99208E-01
 3.75837E+01 4.09443E-01 6.55848E-01 9.60228E-01 9.99217E-01
 3.80189E+01 4.09446E-01 6.55854E-01 9.60236E-01 9.99225E-01
 3.84592E+01 4.09450E-01 6.55860E-01 9.60244E-01 9.99234E-01
 3.89045E+01 4.09453E-01 6.55865E-01 9.60252E-01 9.99242E-01
 3.93550E+01 4.09457E-01 6.55870E-01 9.60260E-01 9.99250E-01
 3.98107E+01 4.09460E-01 6.55876E-01 9.60268E-01 9.99258E-01
 4.02717E+01 4.09463E-01 6.55881E-01 9.60275E-01 9.99266E-01
 4.07380E+01 4.09466E-01 6.55886E-01 9.60282E-01 9.99274E-01
 4.12098E+01 4.09469E-01 6.55891E-01 9.60289E-01 9.99281E-01
 4.16869E+01 4.09472E-01 6.55895E-01 9.60296E-01 9.99288E-01
 4.21697E+01 4.09475E-01 6.55900E-01 9.60303E-01 9.99295E-01
 4.26580E+01 4.09478E-01 6.55905E-01 9.60310E-01 9.99302E-01
 4.31519E+01 4.09481E-01 6.55909E-01 9.60316E-01 9.99309E-01
 4.36516E+01 4.09483E-01 6.55913E-01 9.60323E-01 9.99316E-01
 4.41570E+01 4.09486E-01 6.55918E-01 9.60329E-01 9.99322E-01
 4.46684E+01 4.09489E-01 6.55922E-01 9.60335E-01 9.99328E-01
 4.51856E+01 4.09491E-01 6.55926E-01 9.60341E-01 9.99335E-01
 4.57088E+01 4.09494E-01 6.55930E-01 9.60347E-01 9.99341E-01
 4.62381E+01 4.09496E-01 6.55934E-01 9.60352E-01 9.99347E-01
 4.67735E+01 4.09498E-01 6.55937E-01 9.60358E-01 9.99352E-01
 4.73151E+01 4.09501E-01 6.55941E-01 9.60363E-01 9.99358E-01
 4.78630E+01 4.09503E-01 6.55945E-01 9.60369E-01 9.99363E-01
 4.84172E+01 4.09505E-01 6.55948E-01 9.60374E-01 9.99369E-01
 4.89779E+01 4.09507E-01 6.55952E-01 9.60379E-01 9.99374E-01
 4.95450E+01 4.09510E-01 6.55955E-01 9.60384E-01 9.99379E-01
 5.01187E+01 4.09512E-01 6.55958E-01 9.60389E-01 9.99384E-01
 5.06991E+01 4.09514E-01 6.55962E-01 9.60393E-01 9.99389E-01
 5.12861E+01 4.09516E-01 6.55965E-01 9.60398E-01 9.99394E-01
 5.18800E+01 4.09517E-01 6.55968E-01 9.60402E-01 9.99399E-01
 5.24807E+01 4.09519E-01 6.55971E-01 9.60407E-01 9.99403E-01
 5.30884E+01 4.09521E-01 6.55974E-01 9.60411E-01 9.99408E-01
 5.37032E+01 4.09523E-01 6.55977E-01 9.60415E-01 9.99412E-01
 5.43250E+01 4.09525E-01 6.55979E-01 9.60419E-01 9.99416E-01
 5.49541E+01 4.09526E-01 6.55982E-01 9.60423E-01 9.99421E-01
 5.55904E+01 4.09528E-01 6.55985E-01 9.60427E-01 9.99425E-01
 5.62341E+01 4.09530E-01 6.55987E-01 9.60431E-01 9.99429E-01
 5.68853E+01 4.09531E-01 6.55990E-01 9.60435E-01 9.99432E-01
 5.75440E+01 4.09533E-01 6.55993E-01 9.60439E-01 9.99436E-01
 5.82103E+01 4.09534E-01 6.55995E-01 9.60442E-01 9.99440E-01
 5.88844E+01 4.09536E-01 6.55997E-01 9.60446E-01 9.99444E-01
 5.95662E+01 4.09537E-01 6.56000E-01 9.60449E-01 9.99447E-01
 6.02560E+01 4.09539E-01 6.56002E-01 9.60452E-01 9.99451E-01
 6.09537E+01 4.09540E-01 6.56004E-01 9.60456E-01 9.99454E-01
 6.16595E+01 4.09542E-01 6.56006E-01 9.60459E-01 9.99457E-01
 6.23735E+01 4.09543E-01 6.56008E-01 9.60462E-01 9.99461E-01
 6.30957E+01 4.09544E-01 6.56011E-01 9.60465E-01 9.99464E-01
 6.38263E+01 4.09545E-01 6.56013E-01 9.60468E-01 9.99467E-01
 6.45654E+01 4.09547E-01 6.56015E-01 9.60471E-01 9.99470E-01
 6.53131E+01 4.09548E-01 6.56017E-01 9.60474E-01 9.99473E-01
 6.60693E+01 4.09549E-01 6.56018E-01 9.60477E-01 9.99476E-01
 6.68344E+01 4.09550E-01 6.56020E-01 9.60479E-01 9.99479E-01
 6.76083E+01 4.09551E-01 6.56022E-01 9.60482E-01 9.99481E-01
 6.83912E+01 4.09552E-01 6.56024E-01 9.60485E-01 9.99484E-01
 6.91831E+01 4.09554E-01 6.56026E-01 9.60487E-01 9.99487E-01
 6.99842E+01 4.09555E-01 6.56027E-01 9.60490E-01 9.99489E-01
 7.07946E+01 4.09556E-01 6.56029E-01 9.60492E-01 9.99492E-01
 7.16143E+01 4.09557E-01 6.56031E-01 9.60494E-01 9.99494E-01
 7.24436E+01 4.09558E-01 6.56032E-01 9.60497E-01 9.99497E-01
 7.32825E+01 4.09559E-01 6.56034E-01 9.60499E-01 9.99499E-01
 7.41310E+01 4.09560E-01 6.56035E-01 9.60501E-01 9.99501E-01
 7.49894E+01 4.09560E-01 6.56037E-01 9.60503E-01 9.99504E-01
 7.58578E+01 4.09561E-01 6.56038E-01 9.60505E-01 9.99506E-01
 7.67361E+01 4.09562E-01 6.56040E-01 9.60507E-01 9.99508E-01
 7.76247E+01 4.09563E-01 6.56041E-01 9.60509E-01 9.99510E-01
 7.85236E+01 4.09564E-01 6.56042E-01 9.60511E-01 9.99512E-01
 7.94328E+01 4.09565E-01 6.56044E-01 9.60513E-01 9.99514E-01
 8.03526E+01 4.09566E-01 6.56045E-01 9.60515E-01 9.99516E-01
 8.12831E+01 4.09566E-01 6.56046E-01 9.60517E-01 9.99518E-01
 8.22243E+01 4.09567E-01 6.56047E-01 9.60519E-01 9.99520E-01
 8.31764E+01 4.09568E-01 6.56049E-01 9.60521E-01 9.99522E-01
 8.41395E+01 4.09569E-01 6.56050E-01 9.60522E-01 9.99523E-01
 8.51138E+01 4.09569E-01 6.56051E-01 9.60524E-01 9.99525E-01
 8.60994E+01 4.09570E-01 6.56052E-01 9.60526E-01 9.99527E-01
 8.70964E+01 4.09571E-01 6.56053E-01 9.60527E-01 9.99529E-01
 8.81049E+01 4.09571E-01 6.56054E-01 9.60529E-01 9.99530E-01
 8.91251E+01 4.09572E-01 6.56055E-01 9.60530E-01 9.99532E-01
 9.01571E+01 4.09573E-01 6.56056E-01 9.60532E-01 9.99533E-01
 9.12011E+01 4.09573E-01 6.56057E-01 9.60533E-01 9.99535E-01
 9.22571E+01 4.09574E-01 6.56058E-01 9.60535E-01 9.99536E-01
 9.33254E+01 4.09574E-01 6.56059E-01 9.60536E-01 9.99538E-01
 9.44061E+01 4.09575E-01 6.56060E-01 9.60537E-01 9.99539E-01
 9.54993E+01 4.09576E-01 6.56061E-01 9.60539E-01 9.99541E-01
 9.66051E+01 4.09576E-01 6.56062E-01 9.60540E-01 9.99542E-01
 9.77237E+01 4.09577E-01 6.56063E-01 9.60541E-01 9.99543E-01
 9.88553E+01 4.09577E-01 6.56064E-01 9.60543E-01 9.99545E-01
 1.00000E+02 4.09578E-01 6.56064E-01 9.60544E-01 9.99546E-01
