 1.00000E-02 1.93513E-02 3.59147E-02 6.61070E-02 7.10733E-02
 2.00000E-02 1.98170E-02 3.76101E-02 6.84610E-02 7.35867E-02
 3.00000E-02 2.03400E-02 3.85638E-02 7.07672E-02 7.60479E-02
 4.00000E-02 2.08638E-02 3.96565E-02 7.30265E-02 7.88797E-02
 5.00000E-02 2.13391E-02 4.07273E-02 7.55476E-02 8.15398E-02
 6.00000E-02 2.18502E-02 4.17795E-02 7.79559E-02 8.44052E-02
 7.00000E-02 2.23415E-02 4.28305E-02 8.04808E-02 8.73019E-02
 8.00000E-02 2.28263E-02 4.38813E-02 8.30439E-02 9.02552E-02
 9.00000E-02 2.33222E-02 4.49298E-02 8.56412E-02 9.33319E-02
 1.00000E-01 2.38141E-02 4.59960E-02 8.82765E-02 9.64670E-02
 1.10000E-01 2.43030E-02 4.70604E-02 9.09850E-02 9.97069E-02
 1.20000E-01 2.47899E-02 4.81124E-02 9.37286E-02 1.03035E-01
 1.30000E-01 2.52749E-02 4.91831E-02 9.65082E-02 1.06466E-01
 1.40000E-01 2.57575E-02 5.02370E-02 9.93371E-02 1.09999E-01
 1.50000E-01 2.62407E-02 5.13066E-02 1.02210E-01 1.13653E-01
 1.60000E-01 2.67231E-02 5.23667E-02 1.05114E-01 1.17418E-01
 1.70000E-01 2.72016E-02 5.34228E-02 1.08051E-01 1.21311E-01
 1.80000E-01 2.76768E-02 5.44860E-02 1.11020E-01 1.25335E-01
 1.90000E-01 2.81537E-02 5.55445E-02 1.14016E-01 1.29487E-01
 2.00000E-01 2.86248E-02 5.65994E-02 1.17035E-01 1.33780E-01
 2.10000E-01 2.90968E-02 5.76514E-02 1.20072E-01 1.38215E-01
 2.20000E-01 2.95635E-02 5.87006E-02 1.23121E-01 1.42780E-01
 2.30000E-01 3.00310E-02 5.97469E-02 1.26179E-01 1.47470E-01
 2.40000E-01 3.04936E-02 6.07899E-02 1.29241E-01 1.52247E-01
 2.50000E-01 3.09547E-02 6.18293E-02 1.32303E-01 1.57080E-01
 2.60000E-01 3.14137E-02 6.28646E-02 1.35362E-01 1.61926E-01
 2.70000E-01 3.18691E-02 6.38955E-02 1.38422E-01 1.66766E-01
 2.80000E-01 3.23211E-02 6.49214E-02 1.41474E-01 1.71577E-01
 2.90000E-01 3.27724E-02 6.59419E-02 1.44515E-01 1.76357E-01
 3.00000E-01 3.32203E-02 6.69567E-02 1.47542E-01 1.81097E-01
 3.10000E-01 3.36651E-02 6.79668E-02 1.50555E-01 1.85793E-01
 3.20000E-01 3.41068E-02 6.89735E-02 1.53550E-01 1.90441E-01
 3.30000E-01 3.45455E-02 6.99735E-02 1.56528E-01 1.95043E-01
 3.40000E-01 3.49812E-02 7.09663E-02 1.59493E-01 1.99601E-01
 3.50000E-01 3.54140E-02 7.19526E-02 1.62439E-01 2.04110E-01
 3.60000E-01 3.58439E-02 7.29360E-02 1.65363E-01 2.08570E-01
 3.70000E-01 3.62708E-02 7.39115E-02 1.68266E-01 2.12979E-01
 3.80000E-01 3.66948E-02 7.48788E-02 1.71147E-01 2.17338E-01
 3.90000E-01 3.71157E-02 7.58429E-02 1.74005E-01 2.21656E-01
 4.00000E-01 3.75335E-02 7.67993E-02 1.76841E-01 2.25929E-01
 4.10000E-01 3.79483E-02 7.77469E-02 1.79655E-01 2.30151E-01
 4.20000E-01 3.83598E-02 7.86919E-02 1.82450E-01 2.34324E-01
 4.30000E-01 3.87682E-02 7.96278E-02 1.85222E-01 2.38456E-01
 4.40000E-01 3.91734E-02 8.05569E-02 1.87970E-01 2.42547E-01
 4.50000E-01 3.95752E-02 8.14807E-02 1.90694E-01 2.46590E-01
 4.60000E-01 3.99737E-02 8.23949E-02 1.93395E-01 2.50585E-01
 4.70000E-01 4.03692E-02 8.33060E-02 1.96072E-01 2.54543E-01
 4.80000E-01 4.07622E-02 8.42075E-02 1.98726E-01 2.58461E-01
 4.90000E-01 4.11517E-02 8.51038E-02 2.01357E-01 2.62333E-01
 5.00000E-01 4.15378E-02 8.59922E-02 2.03969E-01 2.66158E-01
 5.10000E-01 4.19204E-02 8.68742E-02 2.06558E-01 2.69954E-01
 5.20000E-01 4.23005E-02 8.77494E-02 2.09123E-01 2.73708E-01
 5.30000E-01 4.26776E-02 8.86175E-02 2.11666E-01 2.77418E-01
 5.40000E-01 4.30511E-02 8.94791E-02 2.14186E-01 2.81087E-01
 5.50000E-01 4.34210E-02 9.03336E-02 2.16682E-01 2.84728E-01
 5.60000E-01 4.37890E-02 9.11815E-02 2.19157E-01 2.88326E-01
 5.70000E-01 4.41533E-02 9.20227E-02 2.21610E-01 2.91883E-01
 5.80000E-01 4.45140E-02 9.28567E-02 2.24045E-01 2.95408E-01
 5.90000E-01 4.48726E-02 9.36849E-02 2.26459E-01 2.98900E-01
 6.00000E-01 4.52276E-02 9.45050E-02 2.28850E-01 3.02352E-01
 6.10000E-01 4.55791E-02 9.53203E-02 2.31219E-01 3.05764E-01
 6.20000E-01 4.59286E-02 9.61267E-02 2.33567E-01 3.09153E-01
 6.30000E-01 4.62744E-02 9.69291E-02 2.35894E-01 3.12505E-01
 6.40000E-01 4.66173E-02 9.77232E-02 2.38200E-01 3.15819E-01
 6.50000E-01 4.69575E-02 9.85114E-02 2.40490E-01 3.19100E-01
 6.60000E-01 4.72939E-02 9.92934E-02 2.42760E-01 3.22356E-01
 6.70000E-01 4.76285E-02 1.00067E-01 2.45009E-01 3.25575E-01
 6.80000E-01 4.79593E-02 1.00837E-01 2.47237E-01 3.28759E-01
 6.90000E-01 4.82877E-02 1.01600E-01 2.49446E-01 3.31917E-01
 7.00000E-01 4.86129E-02 1.02356E-01 2.51634E-01 3.35046E-01
 7.10000E-01 4.89354E-02 1.03106E-01 2.53807E-01 3.38141E-01
 7.20000E-01 4.92549E-02 1.03849E-01 2.55962E-01 3.41202E-01
 7.30000E-01 4.95716E-02 1.04587E-01 2.58097E-01 3.44245E-01
 7.40000E-01 4.98856E-02 1.05319E-01 2.60214E-01 3.47254E-01
 7.50000E-01 5.01966E-02 1.06043E-01 2.62311E-01 3.50232E-01
 7.60000E-01 5.05050E-02 1.06763E-01 2.64390E-01 3.53181E-01
 7.70000E-01 5.08105E-02 1.07477E-01 2.66453E-01 3.56109E-01
 7.80000E-01 5.11133E-02 1.08183E-01 2.68501E-01 3.59006E-01
 7.90000E-01 5.14135E-02 1.08885E-01 2.70530E-01 3.61872E-01
 8.00000E-01 5.17107E-02 1.09582E-01 2.72541E-01 3.64717E-01
 8.10000E-01 5.20057E-02 1.10271E-01 2.74534E-01 3.67537E-01
 8.20000E-01 5.22973E-02 1.10955E-01 2.76510E-01 3.70327E-01
 8.30000E-01 5.25873E-02 1.11634E-01 2.78473E-01 3.73088E-01
 8.40000E-01 5.28739E-02 1.12307E-01 2.80420E-01 3.75833E-01
 8.50000E-01 5.31582E-02 1.12973E-01 2.82349E-01 3.78551E-01
 8.60000E-01 5.34400E-02 1.13635E-01 2.84261E-01 3.81240E-01
 8.70000E-01 5.37187E-02 1.14292E-01 2.86156E-01 3.83904E-01
 8.80000E-01 5.39957E-02 1.14942E-01 2.88040E-01 3.86552E-01
 8.90000E-01 5.42696E-02 1.15587E-01 2.89908E-01 3.89173E-01
 9.00000E-01 5.45411E-02 1.16227E-01 2.91759E-01 3.91767E-01
 9.10000E-01 5.48105E-02 1.16862E-01 2.93594E-01 3.94340E-01
 9.20000E-01 5.50769E-02 1.17491E-01 2.95413E-01 3.96894E-01
 9.30000E-01 5.53412E-02 1.18115E-01 2.97222E-01 3.99424E-01
 9.40000E-01 5.56032E-02 1.18734E-01 2.99016E-01 4.01928E-01
 9.50000E-01 5.58624E-02 1.19348E-01 3.00793E-01 4.04413E-01
 9.60000E-01 5.61196E-02 1.19957E-01 3.02555E-01 4.06880E-01
 9.70000E-01 5.63744E-02 1.20560E-01 3.04304E-01 4.09322E-01
 9.80000E-01 5.66266E-02 1.21158E-01 3.06042E-01 4.11741E-01
 9.90000E-01 5.68767E-02 1.21753E-01 3.07765E-01 4.14144E-01
 1.00000E+00 5.71247E-02 1.22342E-01 3.09472E-01 4.16527E-01
 1.01158E+00 5.74085E-02 1.23017E-01 3.11433E-01 4.19258E-01
 1.02329E+00 5.76932E-02 1.23694E-01 3.13398E-01 4.21991E-01
 1.03514E+00 5.79773E-02 1.24372E-01 3.15369E-01 4.24736E-01
 1.04713E+00 5.82624E-02 1.25050E-01 3.17345E-01 4.27481E-01
 1.05925E+00 5.85468E-02 1.25731E-01 3.19325E-01 4.30227E-01
 1.07152E+00 5.88320E-02 1.26412E-01 3.21309E-01 4.32983E-01
 1.08393E+00 5.91165E-02 1.27094E-01 3.23297E-01 4.35741E-01
 1.09648E+00 5.94018E-02 1.27777E-01 3.25288E-01 4.38499E-01
 1.10917E+00 5.96864E-02 1.28460E-01 3.27283E-01 4.41265E-01
 1.12202E+00 5.99714E-02 1.29145E-01 3.29281E-01 4.44033E-01
 1.13501E+00 6.02560E-02 1.29829E-01 3.31283E-01 4.46801E-01
 1.14815E+00 6.05404E-02 1.30516E-01 3.33289E-01 4.49575E-01
 1.16145E+00 6.08248E-02 1.31200E-01 3.35297E-01 4.52352E-01
 1.17490E+00 6.11085E-02 1.31887E-01 3.37308E-01 4.55128E-01
 1.18850E+00 6.13926E-02 1.32573E-01 3.39323E-01 4.57910E-01
 1.20226E+00 6.16759E-02 1.33261E-01 3.41340E-01 4.60694E-01
 1.21619E+00 6.19588E-02 1.33947E-01 3.43359E-01 4.63476E-01
 1.23027E+00 6.22416E-02 1.34634E-01 3.45382E-01 4.66264E-01
 1.24451E+00 6.25235E-02 1.35320E-01 3.47406E-01 4.69053E-01
 1.25893E+00 6.28053E-02 1.36007E-01 3.49432E-01 4.71840E-01
 1.27350E+00 6.30865E-02 1.36693E-01 3.51461E-01 4.74633E-01
 1.28825E+00 6.33666E-02 1.37380E-01 3.53491E-01 4.77425E-01
 1.30317E+00 6.36468E-02 1.38065E-01 3.55523E-01 4.80214E-01
 1.31826E+00 6.39259E-02 1.38751E-01 3.57557E-01 4.83011E-01
 1.33352E+00 6.42040E-02 1.39435E-01 3.59591E-01 4.85805E-01
 1.34896E+00 6.44819E-02 1.40119E-01 3.61627E-01 4.88596E-01
 1.36458E+00 6.47588E-02 1.40803E-01 3.63664E-01 4.91393E-01
 1.38038E+00 6.50344E-02 1.41485E-01 3.65702E-01 4.94186E-01
 1.39637E+00 6.53096E-02 1.42167E-01 3.67742E-01 4.96980E-01
 1.41254E+00 6.55838E-02 1.42847E-01 3.69782E-01 4.99775E-01
 1.42889E+00 6.58566E-02 1.43526E-01 3.71823E-01 5.02564E-01
 1.44544E+00 6.61285E-02 1.44205E-01 3.73864E-01 5.05359E-01
 1.46218E+00 6.63996E-02 1.44882E-01 3.75904E-01 5.08150E-01
 1.47911E+00 6.66693E-02 1.45557E-01 3.77945E-01 5.10938E-01
 1.49624E+00 6.69375E-02 1.46232E-01 3.79984E-01 5.13729E-01
 1.51356E+00 6.72048E-02 1.46904E-01 3.82025E-01 5.16513E-01
 1.53109E+00 6.74709E-02 1.47574E-01 3.84066E-01 5.19300E-01
 1.54882E+00 6.77354E-02 1.48244E-01 3.86106E-01 5.22083E-01
 1.56675E+00 6.79984E-02 1.48911E-01 3.88144E-01 5.24863E-01
 1.58489E+00 6.82601E-02 1.49576E-01 3.90181E-01 5.27644E-01
 1.60325E+00 6.85205E-02 1.50240E-01 3.92217E-01 5.30418E-01
 1.62181E+00 6.87792E-02 1.50901E-01 3.94253E-01 5.33194E-01
 1.64059E+00 6.90361E-02 1.51560E-01 3.96288E-01 5.35964E-01
 1.65959E+00 6.92913E-02 1.52217E-01 3.98320E-01 5.38732E-01
 1.67880E+00 6.95452E-02 1.52871E-01 4.00350E-01 5.41498E-01
 1.69824E+00 6.97973E-02 1.53523E-01 4.02378E-01 5.44257E-01
 1.71791E+00 7.00474E-02 1.54171E-01 4.04407E-01 5.47017E-01
 1.73780E+00 7.02957E-02 1.54818E-01 4.06432E-01 5.49769E-01
 1.75792E+00 7.05419E-02 1.55462E-01 4.08453E-01 5.52521E-01
 1.77828E+00 7.07865E-02 1.56102E-01 4.10472E-01 5.55267E-01
 1.79887E+00 7.10291E-02 1.56739E-01 4.12491E-01 5.58009E-01
 1.81970E+00 7.12696E-02 1.57374E-01 4.14505E-01 5.60747E-01
 1.84077E+00 7.15079E-02 1.58005E-01 4.16515E-01 5.63479E-01
 1.86209E+00 7.17441E-02 1.58633E-01 4.18525E-01 5.66209E-01
 1.88365E+00 7.19779E-02 1.59258E-01 4.20530E-01 5.68930E-01
 1.90546E+00 7.22097E-02 1.59878E-01 4.22531E-01 5.71650E-01
 1.92752E+00 7.24394E-02 1.60496E-01 4.24529E-01 5.74361E-01
 1.94984E+00 7.26666E-02 1.61110E-01 4.26524E-01 5.77071E-01
 1.97242E+00 7.28915E-02 1.61720E-01 4.28514E-01 5.79771E-01
 1.99526E+00 7.31138E-02 1.62326E-01 4.30500E-01 5.82470E-01
 2.01837E+00 7.33336E-02 1.62928E-01 4.32483E-01 5.85158E-01
 2.04174E+00 7.35509E-02 1.63525E-01 4.34460E-01 5.87845E-01
 2.06538E+00 7.37655E-02 1.64119E-01 4.36434E-01 5.90521E-01
 2.08930E+00 7.39779E-02 1.64709E-01 4.38403E-01 5.93195E-01
 2.11349E+00 7.41875E-02 1.65294E-01 4.40365E-01 5.95859E-01
 2.13796E+00 7.43944E-02 1.65874E-01 4.42326E-01 5.98519E-01
 2.16272E+00 7.45984E-02 1.66450E-01 4.44279E-01 6.01169E-01
 2.18776E+00 7.47997E-02 1.67021E-01 4.46228E-01 6.03816E-01
 2.21309E+00 7.49981E-02 1.67587E-01 4.48171E-01 6.06452E-01
 2.23872E+00 7.51936E-02 1.68149E-01 4.50108E-01 6.09084E-01
 2.26464E+00 7.53861E-02 1.68706E-01 4.52040E-01 6.11706E-01
 2.29087E+00 7.55757E-02 1.69257E-01 4.53965E-01 6.14323E-01
 2.31739E+00 7.57622E-02 1.69804E-01 4.55886E-01 6.16929E-01
 2.34423E+00 7.59458E-02 1.70345E-01 4.57799E-01 6.19531E-01
 2.37137E+00 7.61264E-02 1.70881E-01 4.59708E-01 6.22121E-01
 2.39883E+00 7.63037E-02 1.71411E-01 4.61608E-01 6.24707E-01
 2.42661E+00 7.64779E-02 1.71935E-01 4.63503E-01 6.27281E-01
 2.45471E+00 7.66488E-02 1.72454E-01 4.65391E-01 6.29850E-01
 2.48313E+00 7.68164E-02 1.72968E-01 4.67272E-01 6.32408E-01
 2.51189E+00 7.69808E-02 1.73475E-01 4.69145E-01 6.34960E-01
 2.54097E+00 7.71417E-02 1.73976E-01 4.71012E-01 6.37501E-01
 2.57040E+00 7.72993E-02 1.74472E-01 4.72872E-01 6.40034E-01
 2.60016E+00 7.74535E-02 1.74962E-01 4.74724E-01 6.42558E-01
 2.63027E+00 7.76041E-02 1.75445E-01 4.76568E-01 6.45071E-01
 2.66073E+00 7.77513E-02 1.75922E-01 4.78406E-01 6.47578E-01
 2.69153E+00 7.78950E-02 1.76393E-01 4.80234E-01 6.50073E-01
 2.72270E+00 7.80351E-02 1.76857E-01 4.82056E-01 6.52561E-01
 2.75423E+00 7.81717E-02 1.77315E-01 4.83868E-01 6.55038E-01
 2.78612E+00 7.83047E-02 1.77766E-01 4.85674E-01 6.57505E-01
 2.81838E+00 7.84340E-02 1.78210E-01 4.87470E-01 6.59964E-01
 2.85102E+00 7.85596E-02 1.78648E-01 4.89258E-01 6.62410E-01
 2.88403E+00 7.86815E-02 1.79079E-01 4.91038E-01 6.64850E-01
 2.91743E+00 7.87996E-02 1.79503E-01 4.92807E-01 6.67277E-01
 2.95121E+00 7.89139E-02 1.79920E-01 4.94571E-01 6.69695E-01
 2.98538E+00 7.90244E-02 1.80329E-01 4.96323E-01 6.72102E-01
 3.01995E+00 7.91311E-02 1.80732E-01 4.98067E-01 6.74498E-01
 3.05492E+00 7.92339E-02 1.81127E-01 4.99802E-01 6.76886E-01
 3.09030E+00 7.93328E-02 1.81515E-01 5.01527E-01 6.79261E-01
 3.12608E+00 7.94277E-02 1.81896E-01 5.03243E-01 6.81627E-01
 3.16228E+00 7.95188E-02 1.82269E-01 5.04950E-01 6.83982E-01
 3.19890E+00 7.96058E-02 1.82634E-01 5.06645E-01 6.86325E-01
 3.23594E+00 7.96888E-02 1.82992E-01 5.08333E-01 6.88659E-01
 3.27341E+00 7.97679E-02 1.83342E-01 5.10010E-01 6.90981E-01
 3.31131E+00 7.98429E-02 1.83685E-01 5.11676E-01 6.93291E-01
 3.34965E+00 7.99138E-02 1.84020E-01 5.13334E-01 6.95592E-01
 3.38844E+00 7.99806E-02 1.84346E-01 5.14981E-01 6.97880E-01
 3.42768E+00 8.00434E-02 1.84665E-01 5.16617E-01 7.00157E-01
 3.46737E+00 8.01022E-02 1.84976E-01 5.18243E-01 7.02424E-01
 3.50752E+00 8.01568E-02 1.85279E-01 5.19859E-01 7.04678E-01
 3.54813E+00 8.02073E-02 1.85573E-01 5.21463E-01 7.06921E-01
 3.58922E+00 8.02536E-02 1.85860E-01 5.23057E-01 7.09154E-01
 3.63078E+00 8.02957E-02 1.86138E-01 5.24641E-01 7.11374E-01
 3.67282E+00 8.03336E-02 1.86408E-01 5.26213E-01 7.13582E-01
 3.71535E+00 8.03674E-02 1.86670E-01 5.27774E-01 7.15780E-01
 3.75837E+00 8.03969E-02 1.86923E-01 5.29323E-01 7.17964E-01
 3.80189E+00 8.04222E-02 1.87167E-01 5.30863E-01 7.20137E-01
 3.84592E+00 8.04432E-02 1.87404E-01 5.32390E-01 7.22300E-01
 3.89045E+00 8.04601E-02 1.87631E-01 5.33906E-01 7.24449E-01
 3.93550E+00 8.04726E-02 1.87850E-01 5.35410E-01 7.26586E-01
 3.98107E+00 8.04809E-02 1.88061E-01 5.36904E-01 7.28713E-01
 4.02717E+00 8.04850E-02 1.88262E-01 5.38385E-01 7.30827E-01
 4.07380E+00 8.04848E-02 1.88455E-01 5.39855E-01 7.32928E-01
 4.12098E+00 8.04804E-02 1.88639E-01 5.41312E-01 7.35017E-01
 4.16869E+00 8.04718E-02 1.88815E-01 5.42758E-01 7.37095E-01
 4.21697E+00 8.04589E-02 1.88981E-01 5.44192E-01 7.39161E-01
 4.26580E+00 8.04418E-02 1.89139E-01 5.45614E-01 7.41213E-01
 4.31519E+00 8.04203E-02 1.89287E-01 5.47023E-01 7.43254E-01
 4.36516E+00 8.03946E-02 1.89427E-01 5.48420E-01 7.45283E-01
 4.41570E+00 8.03647E-02 1.89558E-01 5.49804E-01 7.47300E-01
 4.46684E+00 8.03304E-02 1.89680E-01 5.51177E-01 7.49303E-01
 4.51856E+00 8.02919E-02 1.89792E-01 5.52537E-01 7.51296E-01
 4.57088E+00 8.02491E-02 1.89896E-01 5.53885E-01 7.53275E-01
 4.62381E+00 8.02021E-02 1.89990E-01 5.55219E-01 7.55242E-01
 4.67735E+00 8.01509E-02 1.90076E-01 5.56541E-01 7.57196E-01
 4.73151E+00 8.00956E-02 1.90152E-01 5.57850E-01 7.59139E-01
 4.78630E+00 8.00361E-02 1.90219E-01 5.59146E-01 7.61070E-01
 4.84172E+00 7.99723E-02 1.90277E-01 5.60430E-01 7.62987E-01
 4.89779E+00 7.99043E-02 1.90326E-01 5.61701E-01 7.64892E-01
 4.95450E+00 7.98321E-02 1.90366E-01 5.62959E-01 7.66785E-01
 5.01187E+00 7.97557E-02 1.90396E-01 5.64203E-01 7.68666E-01
 5.06991E+00 7.96752E-02 1.90417E-01 5.65434E-01 7.70534E-01
 5.12861E+00 7.95905E-02 1.90429E-01 5.66652E-01 7.72389E-01
 5.18800E+00 7.95018E-02 1.90432E-01 5.67857E-01 7.74232E-01
 5.24807E+00 7.94091E-02 1.90426E-01 5.69048E-01 7.76062E-01
 5.30884E+00 7.93122E-02 1.90410E-01 5.70226E-01 7.77881E-01
 5.37032E+00 7.92112E-02 1.90385E-01 5.71391E-01 7.79687E-01
 5.43250E+00 7.91061E-02 1.90351E-01 5.72542E-01 7.81480E-01
 5.49541E+00 7.89969E-02 1.90307E-01 5.73680E-01 7.83261E-01
 5.55904E+00 7.88838E-02 1.90254E-01 5.74804E-01 7.85029E-01
 5.62341E+00 7.87669E-02 1.90192E-01 5.75914E-01 7.86786E-01
 5.68853E+00 7.86459E-02 1.90121E-01 5.77011E-01 7.88530E-01
 5.75440E+00 7.85210E-02 1.90041E-01 5.78093E-01 7.90262E-01
 5.82103E+00 7.83920E-02 1.89951E-01 5.79162E-01 7.91981E-01
 5.88844E+00 7.82592E-02 1.89852E-01 5.80217E-01 7.93687E-01
 5.95662E+00 7.81226E-02 1.89745E-01 5.81258E-01 7.95381E-01
 6.02560E+00 7.79822E-02 1.89628E-01 5.82286E-01 7.97064E-01
 6.09537E+00 7.78380E-02 1.89502E-01 5.83299E-01 7.98734E-01
 6.16595E+00 7.76899E-02 1.89366E-01 5.84298E-01 8.00392E-01
 6.23735E+00 7.75380E-02 1.89222E-01 5.85283E-01 8.02037E-01
 6.30957E+00 7.73825E-02 1.89068E-01 5.86254E-01 8.03670E-01
 6.38263E+00 7.72234E-02 1.88906E-01 5.87211E-01 8.05291E-01
 6.45654E+00 7.70606E-02 1.88734E-01 5.88154E-01 8.06900E-01
 6.53131E+00 7.68940E-02 1.88554E-01 5.89083E-01 8.08497E-01
 6.60693E+00 7.67237E-02 1.88364E-01 5.89997E-01 8.10081E-01
 6.68344E+00 7.65502E-02 1.88165E-01 5.90897E-01 8.11654E-01
 6.76083E+00 7.63731E-02 1.87958E-01 5.91783E-01 8.13215E-01
 6.83912E+00 7.61924E-02 1.87742E-01 5.92654E-01 8.14763E-01
 6.91831E+00 7.60081E-02 1.87517E-01 5.93511E-01 8.16300E-01
 6.99842E+00 7.58206E-02 1.87283E-01 5.94353E-01 8.17825E-01
 7.07946E+00 7.57563E-02 1.87040E-01 5.95181E-01 8.19337E-01
 7.16143E+00 7.65978E-02 1.86789E-01 5.95995E-01 8.20838E-01
 7.24436E+00 7.74403E-02 1.86529E-01 5.96793E-01 8.22327E-01
 7.32825E+00 7.82837E-02 1.86260E-01 5.97578E-01 8.23804E-01
 7.41310E+00 7.91278E-02 1.85983E-01 5.98348E-01 8.25270E-01
 7.49894E+00 7.99726E-02 1.85697E-01 5.99103E-01 8.26723E-01
 7.58578E+00 8.08179E-02 1.85403E-01 5.99843E-01 8.28165E-01
 7.67361E+00 8.16636E-02 1.85100E-01 6.00569E-01 8.29595E-01
 7.76247E+00 8.25097E-02 1.85695E-01 6.01280E-01 8.31014E-01
 7.85236E+00 8.33558E-02 1.88010E-01 6.01977E-01 8.32422E-01
 7.94328E+00 8.42027E-02 1.90335E-01 6.02658E-01 8.33818E-01
 8.03526E+00 8.50507E-02 1.92668E-01 6.03325E-01 8.35202E-01
 8.12831E+00 8.58987E-02 1.95010E-01 6.03977E-01 8.36575E-01
 8.22243E+00 8.67465E-02 1.97361E-01 6.04614E-01 8.37936E-01
 8.31764E+00 8.75940E-02 1.99720E-01 6.05237E-01 8.39287E-01
 8.41395E+00 8.84412E-02 2.02087E-01 6.05844E-01 8.40625E-01
 8.51138E+00 8.92877E-02 2.04461E-01 6.06437E-01 8.41953E-01
 8.60994E+00 9.01335E-02 2.06843E-01 6.07015E-01 8.43270E-01
 8.70964E+00 9.09784E-02 2.09233E-01 6.07578E-01 8.44575E-01
 8.81049E+00 9.18222E-02 2.11635E-01 6.08126E-01 8.45869E-01
 8.91251E+00 9.26649E-02 2.14043E-01 6.08659E-01 8.47152E-01
 9.01571E+00 9.35100E-02 2.16458E-01 6.09177E-01 8.48425E-01
 9.12011E+00 9.43539E-02 2.18878E-01 6.09680E-01 8.49686E-01
 9.22571E+00 9.51964E-02 2.21304E-01 6.10168E-01 8.50936E-01
 9.33254E+00 9.60372E-02 2.23734E-01 6.10641E-01 8.52176E-01
 9.44061E+00 9.68762E-02 2.26169E-01 6.11099E-01 8.53405E-01
 9.54993E+00 9.77131E-02 2.28613E-01 6.11542E-01 8.54623E-01
 9.66051E+00 9.85478E-02 2.31067E-01 6.11970E-01 8.55831E-01
 9.77237E+00 9.93860E-02 2.33525E-01 6.12383E-01 8.57027E-01
 9.88553E+00 1.00222E-01 2.35985E-01 6.12781E-01 8.58214E-01
 1.00000E+01 1.01055E-01 2.38448E-01 6.13164E-01 8.59390E-01
 1.01158E+01 1.01885E-01 2.40913E-01 6.17329E-01 8.60555E-01
 1.02329E+01 1.02713E-01 2.43385E-01 6.26744E-01 8.61710E-01
 1.03514E+01 1.03540E-01 2.45869E-01 6.36256E-01 8.62855E-01
 1.04713E+01 1.04368E-01 2.48353E-01 6.45862E-01 8.63989E-01
 1.05925E+01 1.05193E-01 2.50838E-01 6.55583E-01 8.65113E-01
 1.07152E+01 1.06015E-01 2.53321E-01 6.65430E-01 8.66227E-01
 1.08393E+01 1.06832E-01 2.55809E-01 6.75373E-01 8.67331E-01
 1.09648E+01 1.07650E-01 2.58311E-01 6.85412E-01 8.68424E-01
 1.10917E+01 1.08468E-01 2.60811E-01 6.95544E-01 8.69508E-01
 1.12202E+01 1.09282E-01 2.63308E-01 7.05804E-01 8.70582E-01
 1.13501E+01 1.10091E-01 2.65800E-01 7.16190E-01 8.71646E-01
 1.14815E+01 1.10897E-01 2.68311E-01 7.26670E-01 8.72701E-01
 1.16145E+01 1.11708E-01 2.70821E-01 7.37242E-01 8.73745E-01
 1.17490E+01 1.12512E-01 2.73326E-01 7.47921E-01 8.74780E-01
 1.18850E+01 1.13311E-01 2.75823E-01 7.58757E-01 8.75805E-01
 1.20226E+01 1.14108E-01 2.78339E-01 7.69685E-01 8.87720E-01
 1.21619E+01 1.14908E-01 2.80854E-01 7.80701E-01 9.01511E-01
 1.23027E+01 1.15701E-01 2.83360E-01 7.91830E-01 9.15511E-01
 1.24451E+01 1.16487E-01 2.85858E-01 8.03121E-01 9.29708E-01
 1.25893E+01 1.17277E-01 2.88382E-01 8.14498E-01 9.44052E-01
 1.27350E+01 1.18064E-01 2.90894E-01 8.25957E-01 9.58537E-01
 1.28825E+01 1.18844E-01 2.93393E-01 8.37574E-01 9.73290E-01
 1.30317E+01 1.19619E-01 2.95905E-01 8.49318E-01 9.88204E-01
 1.31826E+01 1.20400E-01 2.98421E-01 8.61141E-01 1.00326E+00
 1.33352E+01 1.21172E-01 3.00921E-01 8.73071E-01 1.01853E+00
 1.34896E+01 1.21934E-01 3.03420E-01 8.85185E-01 1.03403E+00
 1.36458E+01 1.22708E-01 3.05936E-01 8.97373E-01 1.04967E+00
 1.38038E+01 1.23471E-01 3.08433E-01 9.09633E-01 1.06549E+00
 1.39637E+01 1.24222E-01 3.10923E-01 9.22121E-01 1.08159E+00
 1.41254E+01 1.24986E-01 3.13436E-01 9.34674E-01 1.09783E+00
 1.42889E+01 1.25739E-01 3.15926E-01 9.47285E-01 1.11423E+00
 1.44544E+01 1.26481E-01 3.18409E-01 9.60145E-01 1.13095E+00
 1.46218E+01 1.27235E-01 3.20914E-01 9.73060E-01 1.14779E+00
 1.47911E+01 1.27976E-01 3.23391E-01 9.86045E-01 1.16483E+00
 1.49624E+01 1.28711E-01 3.25872E-01 9.99273E-01 1.18217E+00
 1.51356E+01 1.29453E-01 3.28363E-01 1.01254E+00 1.19962E+00
 1.53109E+01 1.30180E-01 3.30821E-01 1.02593E+00 1.21733E+00
 1.54882E+01 1.30909E-01 3.33306E-01 1.03952E+00 1.23530E+00
 1.56675E+01 1.31637E-01 3.35776E-01 1.05313E+00 1.25337E+00
 1.58489E+01 1.32347E-01 3.38219E-01 1.06695E+00 1.27180E+00
 1.60325E+01 1.33075E-01 3.40702E-01 1.08088E+00 1.29040E+00
 1.62181E+01 1.33785E-01 3.43142E-01 1.09484E+00 1.30916E+00
 1.64059E+01 1.34493E-01 3.45598E-01 1.10910E+00 1.32829E+00
 1.65959E+01 1.35204E-01 3.48047E-01 1.12335E+00 1.34750E+00
 1.67880E+01 1.35893E-01 3.50464E-01 1.13780E+00 1.36708E+00
 1.69824E+01 1.36604E-01 3.52923E-01 1.15238E+00 1.38684E+00
 1.71791E+01 1.37291E-01 3.55328E-01 1.16699E+00 1.40678E+00
 1.73780E+01 1.37986E-01 3.57769E-01 1.18189E+00 1.42710E+00
 1.75792E+01 1.38672E-01 3.60179E-01 1.19675E+00 1.44746E+00
 1.77828E+01 1.39350E-01 3.62586E-01 1.21191E+00 1.46833E+00
 1.79887E+01 1.40035E-01 3.65000E-01 1.22708E+00 1.48925E+00
 1.81970E+01 1.40697E-01 3.67373E-01 1.24243E+00 1.51054E+00
 1.84077E+01 1.41380E-01 3.69791E-01 1.25793E+00 1.53203E+00
 1.86209E+01 1.42033E-01 3.72133E-01 1.27348E+00 1.55376E+00
 1.88365E+01 1.42708E-01 3.74551E-01 1.28929E+00 1.57584E+00
 1.90546E+01 1.43357E-01 3.76889E-01 1.30505E+00 1.59802E+00
 1.92752E+01 1.44020E-01 3.79281E-01 1.32118E+00 1.62070E+00
 1.94984E+01 1.44664E-01 3.81613E-01 1.33716E+00 1.64336E+00
 1.97242E+01 1.45315E-01 3.83980E-01 1.35359E+00 1.66664E+00
 1.99526E+01 1.45953E-01 3.86303E-01 1.36987E+00 1.68982E+00
 2.01837E+01 1.46594E-01 3.88649E-01 1.38655E+00 1.71368E+00
 2.04174E+01 1.47225E-01 3.90959E-01 1.40310E+00 1.73744E+00
 2.06538E+01 1.47857E-01 3.93286E-01 1.42005E+00 1.76186E+00
 2.08930E+01 1.48480E-01 3.95580E-01 1.43687E+00 1.78619E+00
 2.11349E+01 1.49103E-01 3.97892E-01 1.45410E+00 1.81121E+00
 2.13796E+01 1.49717E-01 4.00165E-01 1.47118E+00 1.83610E+00
 2.16272E+01 1.50334E-01 4.02464E-01 1.48869E+00 1.86174E+00
 2.18776E+01 1.50936E-01 4.04711E-01 1.50601E+00 1.88719E+00
 2.21309E+01 1.51549E-01 4.07002E-01 1.52384E+00 1.91349E+00
 2.23872E+01 1.52137E-01 4.09217E-01 1.54140E+00 1.93958E+00
 2.26464E+01 1.52747E-01 4.11504E-01 1.55953E+00 1.96647E+00
 2.29087E+01 1.53319E-01 4.13679E-01 1.57741E+00 1.99325E+00
 2.31739E+01 1.53928E-01 4.15966E-01 1.59577E+00 2.02071E+00
 2.34423E+01 1.54491E-01 4.18133E-01 1.61399E+00 2.04822E+00
 2.37137E+01 1.55090E-01 4.20386E-01 1.63254E+00 2.07622E+00
 2.39883E+01 1.55654E-01 4.22557E-01 1.65113E+00 2.10450E+00
 2.42661E+01 1.56233E-01 4.24760E-01 1.66983E+00 2.13301E+00
 2.45471E+01 1.56800E-01 4.26940E-01 1.68881E+00 2.16211E+00
 2.48313E+01 1.57355E-01 4.29080E-01 1.70763E+00 2.19109E+00
 2.51189E+01 1.57926E-01 4.31276E-01 1.72702E+00 2.22106E+00
 2.54097E+01 1.58454E-01 4.33346E-01 1.74609E+00 2.25078E+00
 2.57040E+01 1.59032E-01 4.35560E-01 1.76574E+00 2.28135E+00
 2.60016E+01 1.59564E-01 4.37650E-01 1.78526E+00 2.31199E+00
 2.63027E+01 1.60114E-01 4.39783E-01 1.80494E+00 2.34296E+00
 2.66073E+01 1.60656E-01 4.41901E-01 1.82493E+00 2.37459E+00
 2.69153E+01 1.61170E-01 4.43936E-01 1.84458E+00 2.40596E+00
 2.72270E+01 1.61724E-01 4.46089E-01 1.86508E+00 2.43857E+00
 2.75423E+01 1.62230E-01 4.48111E-01 1.88521E+00 2.47098E+00
 2.78612E+01 1.62764E-01 4.50204E-01 1.90565E+00 2.50388E+00
 2.81838E+01 1.63285E-01 4.52268E-01 1.92633E+00 2.53742E+00
 2.85102E+01 1.63773E-01 4.54231E-01 1.94663E+00 2.57065E+00
 2.88403E+01 1.64312E-01 4.56346E-01 1.96785E+00 2.60523E+00
 2.91743E+01 1.64803E-01 4.58327E-01 1.98873E+00 2.63966E+00
 2.95121E+01 1.65305E-01 4.60329E-01 2.00971E+00 2.67435E+00
 2.98538E+01 1.65817E-01 4.62369E-01 2.03122E+00 2.71007E+00
 3.01995E+01 1.66280E-01 4.64274E-01 2.05232E+00 2.74548E+00
 3.05492E+01 1.66794E-01 4.66309E-01 2.07400E+00 2.78179E+00
 3.09030E+01 1.67282E-01 4.68281E-01 2.09578E+00 2.81858E+00
 3.12608E+01 1.67726E-01 4.70122E-01 2.11712E+00 2.85503E+00
 3.16228E+01 1.68243E-01 4.72174E-01 2.13948E+00 2.89297E+00
 3.19890E+01 1.68710E-01 4.74088E-01 2.16155E+00 2.93091E+00
 3.23594E+01 1.69154E-01 4.75926E-01 2.18328E+00 2.96853E+00
 3.27341E+01 1.69654E-01 4.77929E-01 2.20614E+00 3.00806E+00
 3.31131E+01 1.70104E-01 4.79793E-01 2.22855E+00 3.04724E+00
 3.34965E+01 1.70542E-01 4.81612E-01 2.25075E+00 3.08630E+00
 3.38844E+01 1.71029E-01 4.83577E-01 2.27401E+00 3.12720E+00
 3.42768E+01 1.71466E-01 4.85401E-01 2.29679E+00 3.16773E+00
 3.46737E+01 1.71890E-01 4.87178E-01 2.31935E+00 3.20813E+00
 3.50752E+01 1.72368E-01 4.89117E-01 2.34306E+00 3.25053E+00
 3.54813E+01 1.72797E-01 4.90914E-01 2.36627E+00 3.29255E+00
 3.58922E+01 1.73197E-01 4.92621E-01 2.38906E+00 3.33416E+00
 3.63078E+01 1.73672E-01 4.94547E-01 2.41327E+00 3.37819E+00
 3.67282E+01 1.74096E-01 4.96328E-01 2.43697E+00 3.42182E+00
 3.71535E+01 1.74470E-01 4.97963E-01 2.46014E+00 3.46503E+00
 3.75837E+01 1.74938E-01 4.99858E-01 2.48460E+00 3.51026E+00
 3.80189E+01 1.75363E-01 5.01638E-01 2.50886E+00 3.55567E+00
 3.84592E+01 1.75737E-01 5.03271E-01 2.53256E+00 3.60065E+00
 3.89045E+01 1.76162E-01 5.05040E-01 2.55696E+00 3.64681E+00
 3.93550E+01 1.76594E-01 5.06835E-01 2.58185E+00 3.69419E+00
 3.98107E+01 1.76975E-01 5.08481E-01 2.60618E+00 3.74111E+00
 4.02717E+01 1.77339E-01 5.10072E-01 2.63022E+00 3.78785E+00
 4.07380E+01 1.77783E-01 5.11899E-01 2.65585E+00 3.83738E+00
 4.12098E+01 1.78176E-01 5.13576E-01 2.68088E+00 3.88645E+00
 4.16869E+01 1.78518E-01 5.15103E-01 2.70532E+00 3.93503E+00
 4.21697E+01 1.78923E-01 5.16804E-01 2.73067E+00 3.98521E+00
 4.26580E+01 1.79335E-01 5.18532E-01 2.75652E+00 4.03666E+00
 4.31519E+01 1.79696E-01 5.20108E-01 2.78176E+00 4.08762E+00
 4.36516E+01 1.80004E-01 5.21532E-01 2.80635E+00 4.13805E+00
 4.41570E+01 1.80439E-01 5.23313E-01 2.83287E+00 4.19160E+00
 4.46684E+01 1.80826E-01 5.24960E-01 2.85903E+00 4.24519E+00
 4.51856E+01 1.81160E-01 5.26454E-01 2.88453E+00 4.29826E+00
 4.57088E+01 1.81471E-01 5.27872E-01 2.90962E+00 4.35099E+00
 4.62381E+01 1.81892E-01 5.29612E-01 2.93683E+00 4.40752E+00
 4.67735E+01 1.82261E-01 5.31199E-01 2.96337E+00 4.46352E+00
 4.73151E+01 1.82578E-01 5.32631E-01 2.98923E+00 4.51895E+00
 4.78630E+01 1.82875E-01 5.34000E-01 3.01473E+00 4.57416E+00
 4.84172E+01 1.83286E-01 5.35706E-01 3.04248E+00 4.63343E+00
 4.89779E+01 1.83646E-01 5.37256E-01 3.06953E+00 4.69214E+00
 4.95450E+01 1.83952E-01 5.38650E-01 3.09585E+00 4.75025E+00
 5.01187E+01 1.84208E-01 5.39890E-01 3.12144E+00 4.80773E+00
 5.06991E+01 1.84620E-01 5.41588E-01 3.14971E+00 4.86971E+00
 5.12861E+01 1.84979E-01 5.43129E-01 3.17739E+00 4.93149E+00
 5.18800E+01 1.85284E-01 5.44512E-01 3.20433E+00 4.99265E+00
 5.24807E+01 1.85537E-01 5.45736E-01 3.23048E+00 5.05315E+00
 5.30884E+01 1.85886E-01 5.47236E-01 3.25827E+00 5.11658E+00
 5.37032E+01 1.86254E-01 5.48798E-01 3.28676E+00 5.18186E+00
 5.43250E+01 1.86570E-01 5.50201E-01 3.31447E+00 5.24651E+00
 5.49541E+01 1.86832E-01 5.51444E-01 3.34138E+00 5.31046E+00
 5.55904E+01 1.87070E-01 5.52607E-01 3.36778E+00 5.37404E+00
 5.62341E+01 1.87460E-01 5.54223E-01 3.39728E+00 5.44333E+00
 5.68853E+01 1.87797E-01 5.55680E-01 3.42596E+00 5.51196E+00
 5.75440E+01 1.88080E-01 5.56976E-01 3.45382E+00 5.57990E+00
 5.82103E+01 1.88310E-01 5.58111E-01 3.48082E+00 5.64708E+00
 5.88844E+01 1.88572E-01 5.59333E-01 3.50836E+00 5.71559E+00
 5.95662E+01 1.88943E-01 5.60883E-01 3.53826E+00 5.78881E+00
 6.02560E+01 1.89261E-01 5.62271E-01 3.56731E+00 5.86132E+00
 6.09537E+01 1.89525E-01 5.63496E-01 3.59548E+00 5.93308E+00
 6.16595E+01 1.89735E-01 5.64559E-01 3.62275E+00 6.00403E+00
 6.23735E+01 1.89973E-01 5.65701E-01 3.65051E+00 6.07630E+00
 6.30957E+01 1.90340E-01 5.67224E-01 3.68103E+00 6.15410E+00
 6.38263E+01 1.90653E-01 5.68585E-01 3.71066E+00 6.23115E+00
 6.45654E+01 1.90911E-01 5.69782E-01 3.73937E+00 6.30739E+00
 6.53131E+01 1.91116E-01 5.70815E-01 3.76713E+00 6.38278E+00
 6.60693E+01 1.91266E-01 5.71682E-01 3.79391E+00 6.45727E+00
 6.68344E+01 1.91643E-01 5.73223E-01 3.82516E+00 6.53993E+00
 6.76083E+01 1.91967E-01 5.74605E-01 3.85565E+00 6.62232E+00
 6.83912E+01 1.92236E-01 5.75822E-01 3.88518E+00 6.70386E+00
 6.91831E+01 1.92451E-01 5.76874E-01 3.91371E+00 6.78452E+00
 6.99842E+01 1.92612E-01 5.77759E-01 3.94124E+00 6.86423E+00
 7.07946E+01 1.92827E-01 5.78802E-01 3.96982E+00 6.94640E+00
 7.16143E+01 1.93180E-01 5.80261E-01 4.00152E+00 7.03510E+00
 7.24436E+01 1.93479E-01 5.81554E-01 4.03222E+00 7.12296E+00
 7.32825E+01 1.93724E-01 5.82681E-01 4.06190E+00 7.20989E+00
 7.41310E+01 1.93913E-01 5.83640E-01 4.09053E+00 7.29585E+00
 7.49894E+01 1.94048E-01 5.84431E-01 4.11808E+00 7.38079E+00
 7.58578E+01 1.94246E-01 5.85407E-01 4.14690E+00 7.46868E+00
 7.67361E+01 1.94596E-01 5.86841E-01 4.17922E+00 7.56404E+00
 7.76247E+01 1.94891E-01 5.88107E-01 4.21049E+00 7.65849E+00
 7.85236E+01 1.95131E-01 5.89206E-01 4.24068E+00 7.75196E+00
 7.94328E+01 1.95316E-01 5.90135E-01 4.26975E+00 7.84438E+00
 8.03526E+01 1.95446E-01 5.90895E-01 4.29770E+00 7.93570E+00
 8.12831E+01 1.95521E-01 5.91486E-01 4.32448E+00 8.02585E+00
 8.22243E+01 1.95874E-01 5.92914E-01 4.35736E+00 8.12810E+00
 8.31764E+01 1.96189E-01 5.94227E-01 4.38966E+00 8.23060E+00
 8.41395E+01 1.96449E-01 5.95371E-01 4.42083E+00 8.33206E+00
 8.51138E+01 1.96654E-01 5.96346E-01 4.45083E+00 8.43243E+00
 8.60994E+01 1.96804E-01 5.97150E-01 4.47966E+00 8.53164E+00
 8.70964E+01 1.96898E-01 5.97783E-01 4.50727E+00 8.62962E+00
 8.81049E+01 1.96960E-01 5.98311E-01 4.53404E+00 8.72679E+00
 8.91251E+01 1.97324E-01 5.99758E-01 4.56797E+00 8.83916E+00
 9.01571E+01 1.97633E-01 6.01036E-01 4.60074E+00 8.95049E+00
 9.12011E+01 1.97886E-01 6.02143E-01 4.63230E+00 9.06070E+00
 9.22571E+01 1.98085E-01 6.03079E-01 4.66264E+00 9.16972E+00
 9.33254E+01 1.98227E-01 6.03843E-01 4.69172E+00 9.27748E+00
 9.44061E+01 1.98314E-01 6.04435E-01 4.71953E+00 9.38390E+00
 9.54993E+01 1.98345E-01 6.04854E-01 4.74603E+00 9.48891E+00
 9.66051E+01 1.98573E-01 6.05869E-01 4.77716E+00 9.60414E+00
 9.77237E+01 1.98909E-01 6.07213E-01 4.81108E+00 9.72658E+00
 9.88553E+01 1.99190E-01 6.08385E-01 4.84375E+00 9.84784E+00
 1.00000E+02 1.99415E-01 6.09385E-01 4.87512E+00 9.96785E+00
