 1.00000E-02 1.93542E-02 3.59196E-02 6.61141E-02 7.10809E-02
 2.00000E-02 1.98284E-02 3.76288E-02 6.84895E-02 7.36170E-02
 3.00000E-02 2.03647E-02 3.86047E-02 7.08312E-02 7.61157E-02
 4.00000E-02 2.09081E-02 3.97311E-02 7.31398E-02 7.89939E-02
 5.00000E-02 2.14068E-02 4.08419E-02 7.57168E-02 8.17109E-02
 6.00000E-02 2.19487E-02 4.19424E-02 7.81905E-02 8.46551E-02
 7.00000E-02 2.24735E-02 4.30499E-02 8.08032E-02 8.76319E-02
 8.00000E-02 2.29984E-02 4.41655E-02 8.34531E-02 9.06753E-02
 9.00000E-02 2.35397E-02 4.52869E-02 8.61465E-02 9.38316E-02
 1.00000E-01 2.40797E-02 4.64242E-02 8.88868E-02 9.70735E-02
 1.10000E-01 2.46216E-02 4.75768E-02 9.16849E-02 1.00402E-01
 1.20000E-01 2.51661E-02 4.87251E-02 9.45487E-02 1.03821E-01
 1.30000E-01 2.57133E-02 4.98859E-02 9.74341E-02 1.07346E-01
 1.40000E-01 2.62629E-02 5.10512E-02 1.00389E-01 1.10975E-01
 1.50000E-01 2.68144E-02 5.22228E-02 1.03368E-01 1.14698E-01
 1.60000E-01 2.73671E-02 5.33952E-02 1.06390E-01 1.18534E-01
 1.70000E-01 2.79257E-02 5.45793E-02 1.09452E-01 1.22473E-01
 1.80000E-01 2.84849E-02 5.57612E-02 1.12541E-01 1.26523E-01
 1.90000E-01 2.90438E-02 5.69451E-02 1.15654E-01 1.30684E-01
 2.00000E-01 2.96052E-02 5.81377E-02 1.18789E-01 1.34957E-01
 2.10000E-01 3.01688E-02 5.93299E-02 1.21942E-01 1.39341E-01
 2.20000E-01 3.07308E-02 6.05224E-02 1.25108E-01 1.43837E-01
 2.30000E-01 3.12974E-02 6.17154E-02 1.28284E-01 1.48435E-01
 2.40000E-01 3.18618E-02 6.29090E-02 1.31466E-01 1.53121E-01
 2.50000E-01 3.24294E-02 6.41029E-02 1.34651E-01 1.57879E-01
 2.60000E-01 3.29950E-02 6.52982E-02 1.37834E-01 1.62676E-01
 2.70000E-01 3.35638E-02 6.64931E-02 1.41014E-01 1.67487E-01
 2.80000E-01 3.41308E-02 6.76870E-02 1.44188E-01 1.72287E-01
 2.90000E-01 3.46995E-02 6.88796E-02 1.47353E-01 1.77069E-01
 3.00000E-01 3.52680E-02 7.00706E-02 1.50508E-01 1.81817E-01
 3.10000E-01 3.58352E-02 7.12598E-02 1.53651E-01 1.86527E-01
 3.20000E-01 3.64047E-02 7.24470E-02 1.56782E-01 1.91197E-01
 3.30000E-01 3.69730E-02 7.36330E-02 1.59900E-01 1.95825E-01
 3.40000E-01 3.75404E-02 7.48169E-02 1.63002E-01 2.00408E-01
 3.50000E-01 3.81089E-02 7.59983E-02 1.66087E-01 2.04947E-01
 3.60000E-01 3.86769E-02 7.71769E-02 1.69154E-01 2.09438E-01
 3.70000E-01 3.92440E-02 7.83524E-02 1.72203E-01 2.13883E-01
 3.80000E-01 3.98103E-02 7.95248E-02 1.75233E-01 2.18280E-01
 3.90000E-01 4.03774E-02 8.06938E-02 1.78244E-01 2.22640E-01
 4.00000E-01 4.09437E-02 8.18594E-02 1.81235E-01 2.26952E-01
 4.10000E-01 4.15092E-02 8.30212E-02 1.84206E-01 2.31217E-01
 4.20000E-01 4.20738E-02 8.41816E-02 1.87157E-01 2.35434E-01
 4.30000E-01 4.26377E-02 8.53384E-02 1.90088E-01 2.39616E-01
 4.40000E-01 4.32018E-02 8.64911E-02 1.92998E-01 2.43753E-01
 4.50000E-01 4.37651E-02 8.76398E-02 1.95887E-01 2.47845E-01
 4.60000E-01 4.43276E-02 8.87843E-02 1.98756E-01 2.51890E-01
 4.70000E-01 4.48892E-02 8.99254E-02 2.01605E-01 2.55905E-01
 4.80000E-01 4.54499E-02 9.10642E-02 2.04432E-01 2.59875E-01
 4.90000E-01 4.60099E-02 9.21985E-02 2.07239E-01 2.63800E-01
 5.00000E-01 4.65690E-02 9.33284E-02 2.10026E-01 2.67688E-01
 5.10000E-01 4.71276E-02 9.44538E-02 2.12792E-01 2.71541E-01
 5.20000E-01 4.76856E-02 9.55767E-02 2.15538E-01 2.75352E-01
 5.30000E-01 4.82426E-02 9.66959E-02 2.18263E-01 2.79120E-01
 5.40000E-01 4.87988E-02 9.78105E-02 2.20969E-01 2.82860E-01
 5.50000E-01 4.93541E-02 9.89205E-02 2.23654E-01 2.86561E-01
 5.60000E-01 4.99085E-02 1.00027E-01 2.26321E-01 2.90221E-01
 5.70000E-01 5.04620E-02 1.01131E-01 2.28968E-01 2.93847E-01
 5.80000E-01 5.10146E-02 1.02230E-01 2.31596E-01 2.97442E-01
 5.90000E-01 5.15663E-02 1.03324E-01 2.34204E-01 3.00998E-01
 6.00000E-01 5.21172E-02 1.04415E-01 2.36793E-01 3.04517E-01
 6.10000E-01 5.26671E-02 1.05503E-01 2.39363E-01 3.08011E-01
 6.20000E-01 5.32161E-02 1.06586E-01 2.41915E-01 3.11467E-01
 6.30000E-01 5.37643E-02 1.07665E-01 2.44447E-01 3.14887E-01
 6.40000E-01 5.43116E-02 1.08741E-01 2.46961E-01 3.18280E-01
 6.50000E-01 5.48579E-02 1.09812E-01 2.49457E-01 3.21641E-01
 6.60000E-01 5.54034E-02 1.10879E-01 2.51934E-01 3.24967E-01
 6.70000E-01 5.59480E-02 1.11944E-01 2.54394E-01 3.28263E-01
 6.80000E-01 5.64917E-02 1.13004E-01 2.56835E-01 3.31533E-01
 6.90000E-01 5.70345E-02 1.14059E-01 2.59259E-01 3.34769E-01
 7.00000E-01 5.75764E-02 1.15112E-01 2.61666E-01 3.37972E-01
 7.10000E-01 5.81174E-02 1.16161E-01 2.64055E-01 3.41154E-01
 7.20000E-01 5.86575E-02 1.17205E-01 2.66427E-01 3.44304E-01
 7.30000E-01 5.91967E-02 1.18246E-01 2.68783E-01 3.47422E-01
 7.40000E-01 5.97350E-02 1.19283E-01 2.71121E-01 3.50516E-01
 7.50000E-01 6.02724E-02 1.20316E-01 2.73443E-01 3.53584E-01
 7.60000E-01 6.08090E-02 1.21346E-01 2.75749E-01 3.56621E-01
 7.70000E-01 6.13446E-02 1.22373E-01 2.78039E-01 3.59630E-01
 7.80000E-01 6.18794E-02 1.23395E-01 2.80314E-01 3.62619E-01
 7.90000E-01 6.24133E-02 1.24414E-01 2.82573E-01 3.65578E-01
 8.00000E-01 6.29463E-02 1.25430E-01 2.84816E-01 3.68508E-01
 8.10000E-01 6.34785E-02 1.26441E-01 2.87044E-01 3.71419E-01
 8.20000E-01 6.40097E-02 1.27449E-01 2.89256E-01 3.74304E-01
 8.30000E-01 6.45401E-02 1.28454E-01 2.91453E-01 3.77160E-01
 8.40000E-01 6.50696E-02 1.29454E-01 2.93635E-01 3.79994E-01
 8.50000E-01 6.55984E-02 1.30453E-01 2.95802E-01 3.82807E-01
 8.60000E-01 6.61264E-02 1.31447E-01 2.97954E-01 3.85593E-01
 8.70000E-01 6.66537E-02 1.32438E-01 3.00092E-01 3.88353E-01
 8.80000E-01 6.71800E-02 1.33426E-01 3.02215E-01 3.91096E-01
 8.90000E-01 6.77056E-02 1.34409E-01 3.04324E-01 3.93814E-01
 9.00000E-01 6.82303E-02 1.35390E-01 3.06419E-01 3.96507E-01
 9.10000E-01 6.87541E-02 1.36368E-01 3.08501E-01 3.99181E-01
 9.20000E-01 6.92771E-02 1.37341E-01 3.10569E-01 4.01833E-01
 9.30000E-01 6.97993E-02 1.38313E-01 3.12624E-01 4.04461E-01
 9.40000E-01 7.03207E-02 1.39280E-01 3.14666E-01 4.07067E-01
 9.50000E-01 7.08413E-02 1.40244E-01 3.16694E-01 4.09657E-01
 9.60000E-01 7.13614E-02 1.41205E-01 3.18708E-01 4.12223E-01
 9.70000E-01 7.18807E-02 1.42163E-01 3.20710E-01 4.14766E-01
 9.80000E-01 7.23991E-02 1.43118E-01 3.22698E-01 4.17293E-01
 9.90000E-01 7.29168E-02 1.44069E-01 3.24673E-01 4.19800E-01
 1.00000E+00 7.34337E-02 1.45018E-01 3.26636E-01 4.22284E-01
 1.01158E+00 7.40313E-02 1.46113E-01 3.28894E-01 4.25137E-01
 1.02329E+00 7.46348E-02 1.47216E-01 3.31162E-01 4.28000E-01
 1.03514E+00 7.52442E-02 1.48328E-01 3.33439E-01 4.30866E-01
 1.04713E+00 7.58598E-02 1.49447E-01 3.35724E-01 4.33738E-01
 1.05925E+00 7.64816E-02 1.50576E-01 3.38019E-01 4.36620E-01
 1.07152E+00 7.71094E-02 1.51714E-01 3.40323E-01 4.39505E-01
 1.08393E+00 7.77432E-02 1.52861E-01 3.42636E-01 4.42397E-01
 1.09648E+00 7.83836E-02 1.54016E-01 3.44957E-01 4.45297E-01
 1.10917E+00 7.90303E-02 1.55180E-01 3.47287E-01 4.48199E-01
 1.12202E+00 7.96831E-02 1.56352E-01 3.49625E-01 4.51109E-01
 1.13501E+00 8.03427E-02 1.57534E-01 3.51974E-01 4.54025E-01
 1.14815E+00 8.10087E-02 1.58725E-01 3.54331E-01 4.56942E-01
 1.16145E+00 8.16812E-02 1.59924E-01 3.56696E-01 4.59870E-01
 1.17490E+00 8.23605E-02 1.61133E-01 3.59069E-01 4.62799E-01
 1.18850E+00 8.30463E-02 1.62350E-01 3.61450E-01 4.65733E-01
 1.20226E+00 8.37392E-02 1.63577E-01 3.63839E-01 4.68674E-01
 1.21619E+00 8.44387E-02 1.64814E-01 3.66238E-01 4.71616E-01
 1.23027E+00 8.51453E-02 1.66059E-01 3.68644E-01 4.74565E-01
 1.24451E+00 8.58588E-02 1.67314E-01 3.71058E-01 4.77518E-01
 1.25893E+00 8.65794E-02 1.68578E-01 3.73478E-01 4.80472E-01
 1.27350E+00 8.73073E-02 1.69851E-01 3.75909E-01 4.83434E-01
 1.28825E+00 8.80421E-02 1.71133E-01 3.78346E-01 4.86396E-01
 1.30317E+00 8.87845E-02 1.72426E-01 3.80791E-01 4.89363E-01
 1.31826E+00 8.95342E-02 1.73728E-01 3.83242E-01 4.92334E-01
 1.33352E+00 9.02913E-02 1.75039E-01 3.85703E-01 4.95305E-01
 1.34896E+00 9.10559E-02 1.76360E-01 3.88169E-01 4.98283E-01
 1.36458E+00 9.18283E-02 1.77691E-01 3.90642E-01 5.01260E-01
 1.38038E+00 9.26084E-02 1.79031E-01 3.93124E-01 5.04243E-01
 1.39637E+00 9.33963E-02 1.80381E-01 3.95612E-01 5.07226E-01
 1.41254E+00 9.41920E-02 1.81741E-01 3.98106E-01 5.10212E-01
 1.42889E+00 9.49957E-02 1.83111E-01 4.00609E-01 5.13201E-01
 1.44544E+00 9.58075E-02 1.84492E-01 4.03117E-01 5.16189E-01
 1.46218E+00 9.66275E-02 1.85881E-01 4.05632E-01 5.19182E-01
 1.47911E+00 9.74557E-02 1.87282E-01 4.08154E-01 5.22172E-01
 1.49624E+00 9.82923E-02 1.88692E-01 4.10680E-01 5.25169E-01
 1.51356E+00 9.91374E-02 1.90113E-01 4.13216E-01 5.28163E-01
 1.53109E+00 9.99910E-02 1.91544E-01 4.15755E-01 5.31161E-01
 1.54882E+00 1.00853E-01 1.92985E-01 4.18302E-01 5.34157E-01
 1.56675E+00 1.01724E-01 1.94437E-01 4.20853E-01 5.37155E-01
 1.58489E+00 1.02604E-01 1.95899E-01 4.23412E-01 5.40153E-01
 1.60325E+00 1.03493E-01 1.97373E-01 4.25975E-01 5.43151E-01
 1.62181E+00 1.04391E-01 1.98856E-01 4.28545E-01 5.46149E-01
 1.64059E+00 1.05299E-01 2.00351E-01 4.31119E-01 5.49147E-01
 1.65959E+00 1.06215E-01 2.01856E-01 4.33700E-01 5.52145E-01
 1.67880E+00 1.07142E-01 2.03372E-01 4.36285E-01 5.55142E-01
 1.69824E+00 1.08077E-01 2.04899E-01 4.38877E-01 5.58139E-01
 1.71791E+00 1.09023E-01 2.06437E-01 4.41472E-01 5.61135E-01
 1.73780E+00 1.09978E-01 2.07987E-01 4.44073E-01 5.64130E-01
 1.75792E+00 1.10944E-01 2.09547E-01 4.46679E-01 5.67123E-01
 1.77828E+00 1.11919E-01 2.11119E-01 4.49289E-01 5.70115E-01
 1.79887E+00 1.12905E-01 2.12703E-01 4.51905E-01 5.73106E-01
 1.81970E+00 1.13901E-01 2.14298E-01 4.54524E-01 5.76094E-01
 1.84077E+00 1.14908E-01 2.15904E-01 4.57147E-01 5.79081E-01
 1.86209E+00 1.15926E-01 2.17523E-01 4.59776E-01 5.82065E-01
 1.88365E+00 1.16954E-01 2.19153E-01 4.62408E-01 5.85048E-01
 1.90546E+00 1.17994E-01 2.20795E-01 4.65044E-01 5.88026E-01
 1.92752E+00 1.19044E-01 2.22449E-01 4.67686E-01 5.91005E-01
 1.94984E+00 1.20107E-01 2.24116E-01 4.70330E-01 5.93977E-01
 1.97242E+00 1.21180E-01 2.25794E-01 4.72977E-01 5.96949E-01
 1.99526E+00 1.22266E-01 2.27485E-01 4.75629E-01 5.99917E-01
 2.01837E+00 1.23364E-01 2.29189E-01 4.78285E-01 6.02881E-01
 2.04174E+00 1.24473E-01 2.30905E-01 4.80943E-01 6.05842E-01
 2.06538E+00 1.25596E-01 2.32634E-01 4.83605E-01 6.08798E-01
 2.08930E+00 1.26730E-01 2.34376E-01 4.86269E-01 6.11752E-01
 2.11349E+00 1.27878E-01 2.36131E-01 4.88937E-01 6.14699E-01
 2.13796E+00 1.29038E-01 2.37899E-01 4.91608E-01 6.17645E-01
 2.16272E+00 1.30212E-01 2.39681E-01 4.94282E-01 6.20584E-01
 2.18776E+00 1.31399E-01 2.41476E-01 4.96959E-01 6.23519E-01
 2.21309E+00 1.32600E-01 2.43285E-01 4.99638E-01 6.26450E-01
 2.23872E+00 1.33815E-01 2.45107E-01 5.02320E-01 6.29374E-01
 2.26464E+00 1.35044E-01 2.46944E-01 5.05003E-01 6.32295E-01
 2.29087E+00 1.36288E-01 2.48794E-01 5.07690E-01 6.35210E-01
 2.31739E+00 1.37546E-01 2.50659E-01 5.10378E-01 6.38118E-01
 2.34423E+00 1.38820E-01 2.52539E-01 5.13068E-01 6.41022E-01
 2.37137E+00 1.40109E-01 2.54433E-01 5.15761E-01 6.43919E-01
 2.39883E+00 1.41414E-01 2.56342E-01 5.18455E-01 6.46810E-01
 2.42661E+00 1.42734E-01 2.58266E-01 5.21151E-01 6.49695E-01
 2.45471E+00 1.44071E-01 2.60206E-01 5.23848E-01 6.52573E-01
 2.48313E+00 1.45425E-01 2.62161E-01 5.26547E-01 6.55445E-01
 2.51189E+00 1.46796E-01 2.64131E-01 5.29247E-01 6.58310E-01
 2.54097E+00 1.48185E-01 2.66118E-01 5.31949E-01 6.61167E-01
 2.57040E+00 1.49591E-01 2.68120E-01 5.34651E-01 6.64018E-01
 2.60016E+00 1.51016E-01 2.70140E-01 5.37355E-01 6.66862E-01
 2.63027E+00 1.52459E-01 2.72176E-01 5.40059E-01 6.69697E-01
 2.66073E+00 1.53922E-01 2.74228E-01 5.42765E-01 6.72525E-01
 2.69153E+00 1.55404E-01 2.76298E-01 5.45472E-01 6.75346E-01
 2.72270E+00 1.56906E-01 2.78386E-01 5.48179E-01 6.78158E-01
 2.75423E+00 1.58429E-01 2.80491E-01 5.50886E-01 6.80962E-01
 2.78612E+00 1.59974E-01 2.82614E-01 5.53594E-01 6.83758E-01
 2.81838E+00 1.61540E-01 2.84756E-01 5.56302E-01 6.86546E-01
 2.85102E+00 1.63129E-01 2.86917E-01 5.59011E-01 6.89324E-01
 2.88403E+00 1.64741E-01 2.89096E-01 5.61719E-01 6.92094E-01
 2.91743E+00 1.66377E-01 2.91295E-01 5.64428E-01 6.94855E-01
 2.95121E+00 1.68037E-01 2.93513E-01 5.67136E-01 6.97607E-01
 2.98538E+00 1.69723E-01 2.95752E-01 5.69844E-01 7.00349E-01
 3.01995E+00 1.71435E-01 2.98011E-01 5.72553E-01 7.03083E-01
 3.05492E+00 1.73174E-01 3.00292E-01 5.75260E-01 7.05806E-01
 3.09030E+00 1.74941E-01 3.02593E-01 5.77968E-01 7.08520E-01
 3.12608E+00 1.76737E-01 3.04916E-01 5.80674E-01 7.11223E-01
 3.16228E+00 1.78563E-01 3.07262E-01 5.83380E-01 7.13917E-01
 3.19890E+00 1.80421E-01 3.09630E-01 5.86085E-01 7.16601E-01
 3.23594E+00 1.82311E-01 3.12021E-01 5.88790E-01 7.19275E-01
 3.27341E+00 1.84236E-01 3.14436E-01 5.91493E-01 7.21937E-01
 3.31131E+00 1.86196E-01 3.16876E-01 5.94196E-01 7.24589E-01
 3.34965E+00 1.88194E-01 3.19340E-01 5.96897E-01 7.27230E-01
 3.38844E+00 1.90232E-01 3.21830E-01 5.99597E-01 7.29861E-01
 3.42768E+00 1.92311E-01 3.24346E-01 6.02296E-01 7.32481E-01
 3.46737E+00 1.94434E-01 3.26889E-01 6.04993E-01 7.35089E-01
 3.50752E+00 1.96605E-01 3.29459E-01 6.07689E-01 7.37685E-01
 3.54813E+00 1.98827E-01 3.32058E-01 6.10384E-01 7.40270E-01
 3.58922E+00 2.01103E-01 3.34685E-01 6.13077E-01 7.42844E-01
 3.63078E+00 2.03433E-01 3.37343E-01 6.15767E-01 7.45407E-01
 3.67282E+00 2.05768E-01 3.40031E-01 6.18456E-01 7.47957E-01
 3.71535E+00 2.08100E-01 3.42752E-01 6.21144E-01 7.50495E-01
 3.75837E+00 2.10430E-01 3.45505E-01 6.23830E-01 7.53021E-01
 3.80189E+00 2.12755E-01 3.48292E-01 6.26513E-01 7.55535E-01
 3.84592E+00 2.15076E-01 3.51114E-01 6.29195E-01 7.58036E-01
 3.89045E+00 2.17392E-01 3.53973E-01 6.31874E-01 7.60525E-01
 3.93550E+00 2.19702E-01 3.56870E-01 6.34551E-01 7.63002E-01
 3.98107E+00 2.22007E-01 3.59806E-01 6.37225E-01 7.65466E-01
 4.02717E+00 2.24305E-01 3.62783E-01 6.39897E-01 7.67916E-01
 4.07380E+00 2.26596E-01 3.65803E-01 6.42567E-01 7.70354E-01
 4.12098E+00 2.28879E-01 3.68868E-01 6.45234E-01 7.72779E-01
 4.16869E+00 2.31154E-01 3.71980E-01 6.47899E-01 7.75191E-01
 4.21697E+00 2.33421E-01 3.75142E-01 6.50561E-01 7.77589E-01
 4.26580E+00 2.35679E-01 3.78357E-01 6.53220E-01 7.79974E-01
 4.31519E+00 2.37927E-01 3.81629E-01 6.55876E-01 7.82346E-01
 4.36516E+00 2.40166E-01 3.84960E-01 6.58530E-01 7.84704E-01
 4.41570E+00 2.42394E-01 3.88357E-01 6.61181E-01 7.87048E-01
 4.46684E+00 2.44611E-01 3.91826E-01 6.63828E-01 7.89379E-01
 4.51856E+00 2.46817E-01 3.95353E-01 6.66473E-01 7.91696E-01
 4.57088E+00 2.49011E-01 3.98867E-01 6.69115E-01 7.93999E-01
 4.62381E+00 2.51193E-01 4.02363E-01 6.71753E-01 7.96287E-01
 4.67735E+00 2.53363E-01 4.05838E-01 6.74388E-01 7.98562E-01
 4.73151E+00 2.55519E-01 4.09293E-01 6.77020E-01 8.00823E-01
 4.78630E+00 2.57663E-01 4.12726E-01 6.79649E-01 8.03069E-01
 4.84172E+00 2.59793E-01 4.16137E-01 6.82274E-01 8.05301E-01
 4.89779E+00 2.61908E-01 4.19526E-01 6.84896E-01 8.07518E-01
 4.95450E+00 2.64010E-01 4.22893E-01 6.87515E-01 8.09721E-01
 5.01187E+00 2.66096E-01 4.26235E-01 6.90130E-01 8.11909E-01
 5.06991E+00 2.68168E-01 4.29554E-01 6.92741E-01 8.14083E-01
 5.12861E+00 2.70225E-01 4.32848E-01 6.95349E-01 8.16242E-01
 5.18800E+00 2.72265E-01 4.36116E-01 6.97954E-01 8.18386E-01
 5.24807E+00 2.74290E-01 4.39360E-01 7.00555E-01 8.20515E-01
 5.30884E+00 2.76299E-01 4.42577E-01 7.03152E-01 8.22629E-01
 5.37032E+00 2.78291E-01 4.45769E-01 7.05745E-01 8.24728E-01
 5.43250E+00 2.80267E-01 4.48933E-01 7.08335E-01 8.26813E-01
 5.49541E+00 2.82225E-01 4.52070E-01 7.10921E-01 8.28882E-01
 5.55904E+00 2.84167E-01 4.55180E-01 7.13503E-01 8.30936E-01
 5.62341E+00 2.86091E-01 4.58262E-01 7.16081E-01 8.32975E-01
 5.68853E+00 2.87997E-01 4.61315E-01 7.18655E-01 8.34999E-01
 5.75440E+00 2.89886E-01 4.64341E-01 7.21226E-01 8.37007E-01
 5.82103E+00 2.91756E-01 4.67337E-01 7.23793E-01 8.39000E-01
 5.88844E+00 2.93609E-01 4.70304E-01 7.26355E-01 8.40978E-01
 5.95662E+00 2.95443E-01 4.73242E-01 7.28914E-01 8.42941E-01
 6.02560E+00 2.97259E-01 4.76151E-01 7.31469E-01 8.44888E-01
 6.09537E+00 2.99056E-01 4.79029E-01 7.34020E-01 8.46819E-01
 6.16595E+00 3.00834E-01 4.81878E-01 7.36568E-01 8.48735E-01
 6.23735E+00 3.02594E-01 4.84697E-01 7.39111E-01 8.50636E-01
 6.30957E+00 3.04334E-01 4.87485E-01 7.41650E-01 8.52521E-01
 6.38263E+00 3.06056E-01 4.90242E-01 7.44185E-01 8.54390E-01
 6.45654E+00 3.07758E-01 4.92970E-01 7.46717E-01 8.56245E-01
 6.53131E+00 3.09442E-01 4.95666E-01 7.49244E-01 8.58083E-01
 6.60693E+00 3.11106E-01 4.98332E-01 7.51768E-01 8.59906E-01
 6.68344E+00 3.12751E-01 5.00966E-01 7.54287E-01 8.61713E-01
 6.76083E+00 3.14376E-01 5.03570E-01 7.56803E-01 8.63505E-01
 6.83912E+00 3.15982E-01 5.06143E-01 7.59315E-01 8.65281E-01
 6.91831E+00 3.17569E-01 5.08684E-01 7.61823E-01 8.67041E-01
 6.99842E+00 3.19136E-01 5.11195E-01 7.64328E-01 8.68786E-01
 7.07946E+00 3.20684E-01 5.13674E-01 7.66828E-01 8.70516E-01
 7.16143E+00 3.22213E-01 5.16122E-01 7.69325E-01 8.72229E-01
 7.24436E+00 3.23722E-01 5.18540E-01 7.71819E-01 8.73927E-01
 7.32825E+00 3.25212E-01 5.20926E-01 7.74308E-01 8.75610E-01
 7.41310E+00 3.26682E-01 5.23281E-01 7.76795E-01 8.77277E-01
 7.49894E+00 3.28133E-01 5.25606E-01 7.79277E-01 8.78928E-01
 7.58578E+00 3.29565E-01 5.27899E-01 7.81757E-01 8.80564E-01
 7.67361E+00 3.30977E-01 5.30162E-01 7.84233E-01 8.82184E-01
 7.76247E+00 3.32371E-01 5.32394E-01 7.86706E-01 8.83789E-01
 7.85236E+00 3.33745E-01 5.34596E-01 7.89176E-01 8.85378E-01
 7.94328E+00 3.35101E-01 5.36767E-01 7.91643E-01 8.86952E-01
 8.03526E+00 3.36437E-01 5.38907E-01 7.94107E-01 8.88511E-01
 8.12831E+00 3.37755E-01 5.41018E-01 7.96568E-01 8.90054E-01
 8.22243E+00 3.39054E-01 5.43098E-01 7.99027E-01 8.91582E-01
 8.31764E+00 3.40334E-01 5.45149E-01 8.01484E-01 8.93094E-01
 8.41395E+00 3.41596E-01 5.47170E-01 8.03938E-01 8.94591E-01
 8.51138E+00 3.42839E-01 5.49161E-01 8.06391E-01 8.96073E-01
 8.60994E+00 3.44064E-01 5.51124E-01 8.08842E-01 8.97540E-01
 8.70964E+00 3.45270E-01 5.53056E-01 8.11291E-01 8.98991E-01
 8.81049E+00 3.46459E-01 5.54960E-01 8.13739E-01 9.00428E-01
 8.91251E+00 3.47630E-01 5.56836E-01 8.16186E-01 9.01849E-01
 9.01571E+00 3.48783E-01 5.58682E-01 8.18633E-01 9.03255E-01
 9.12011E+00 3.49918E-01 5.60501E-01 8.21080E-01 9.04647E-01
 9.22571E+00 3.51035E-01 5.62291E-01 8.23527E-01 9.06023E-01
 9.33254E+00 3.52136E-01 5.64053E-01 8.25976E-01 9.07385E-01
 9.44061E+00 3.53219E-01 5.65788E-01 8.28425E-01 9.08732E-01
 9.54993E+00 3.54284E-01 5.67495E-01 8.30878E-01 9.10064E-01
 9.66051E+00 3.55333E-01 5.69175E-01 8.33330E-01 9.11381E-01
 9.77237E+00 3.56365E-01 5.70829E-01 8.35750E-01 9.12684E-01
 9.88553E+00 3.57381E-01 5.72455E-01 8.38132E-01 9.13972E-01
 1.00000E+01 3.58380E-01 5.74055E-01 8.40475E-01 9.15246E-01
 1.01158E+01 3.59363E-01 5.75630E-01 8.42779E-01 9.16505E-01
 1.02329E+01 3.60329E-01 5.77178E-01 8.45046E-01 9.17750E-01
 1.03514E+01 3.61280E-01 5.78701E-01 8.47275E-01 9.18981E-01
 1.04713E+01 3.62215E-01 5.80198E-01 8.49468E-01 9.20197E-01
 1.05925E+01 3.63134E-01 5.81670E-01 8.51623E-01 9.21399E-01
 1.07152E+01 3.64038E-01 5.83118E-01 8.53743E-01 9.22588E-01
 1.08393E+01 3.64926E-01 5.84541E-01 8.55826E-01 9.23762E-01
 1.09648E+01 3.65799E-01 5.85940E-01 8.57875E-01 9.24922E-01
 1.10917E+01 3.66658E-01 5.87315E-01 8.59888E-01 9.26069E-01
 1.12202E+01 3.67501E-01 5.88666E-01 8.61866E-01 9.27202E-01
 1.13501E+01 3.68331E-01 5.89994E-01 8.63811E-01 9.28321E-01
 1.14815E+01 3.69145E-01 5.91299E-01 8.65721E-01 9.29427E-01
 1.16145E+01 3.69946E-01 5.92582E-01 8.67599E-01 9.30519E-01
 1.17490E+01 3.70732E-01 5.93841E-01 8.69443E-01 9.31598E-01
 1.18850E+01 3.71505E-01 5.95079E-01 8.71255E-01 9.32663E-01
 1.20226E+01 3.72264E-01 5.96294E-01 8.73035E-01 9.33715E-01
 1.21619E+01 3.73009E-01 5.97489E-01 8.74783E-01 9.34754E-01
 1.23027E+01 3.73741E-01 5.98661E-01 8.76500E-01 9.35780E-01
 1.24451E+01 3.74460E-01 5.99813E-01 8.78186E-01 9.36794E-01
 1.25893E+01 3.75166E-01 6.00944E-01 8.79842E-01 9.37794E-01
 1.27350E+01 3.75860E-01 6.02054E-01 8.81468E-01 9.38781E-01
 1.28825E+01 3.76540E-01 6.03145E-01 8.83064E-01 9.39756E-01
 1.30317E+01 3.77209E-01 6.04215E-01 8.84631E-01 9.40718E-01
 1.31826E+01 3.77865E-01 6.05266E-01 8.86170E-01 9.41668E-01
 1.33352E+01 3.78509E-01 6.06297E-01 8.87680E-01 9.42605E-01
 1.34896E+01 3.79141E-01 6.07310E-01 8.89162E-01 9.43530E-01
 1.36458E+01 3.79761E-01 6.08304E-01 8.90617E-01 9.44443E-01
 1.38038E+01 3.80370E-01 6.09279E-01 8.92045E-01 9.45344E-01
 1.39637E+01 3.80967E-01 6.10236E-01 8.93446E-01 9.46233E-01
 1.41254E+01 3.81554E-01 6.11175E-01 8.94821E-01 9.47110E-01
 1.42889E+01 3.82129E-01 6.12097E-01 8.96171E-01 9.47975E-01
 1.44544E+01 3.82693E-01 6.13001E-01 8.97494E-01 9.48828E-01
 1.46218E+01 3.83247E-01 6.13888E-01 8.98793E-01 9.49670E-01
 1.47911E+01 3.83790E-01 6.14758E-01 9.00067E-01 9.50501E-01
 1.49624E+01 3.84323E-01 6.15611E-01 9.01317E-01 9.51320E-01
 1.51356E+01 3.84846E-01 6.16449E-01 9.02543E-01 9.52127E-01
 1.53109E+01 3.85359E-01 6.17270E-01 9.03745E-01 9.52924E-01
 1.54882E+01 3.85861E-01 6.18075E-01 9.04924E-01 9.53710E-01
 1.56675E+01 3.86355E-01 6.18865E-01 9.06081E-01 9.54484E-01
 1.58489E+01 3.86838E-01 6.19640E-01 9.07215E-01 9.55248E-01
 1.60325E+01 3.87313E-01 6.20400E-01 9.08327E-01 9.56001E-01
 1.62181E+01 3.87778E-01 6.21145E-01 9.09418E-01 9.56743E-01
 1.64059E+01 3.88234E-01 6.21875E-01 9.10487E-01 9.57475E-01
 1.65959E+01 3.88681E-01 6.22591E-01 9.11536E-01 9.58196E-01
 1.67880E+01 3.89119E-01 6.23293E-01 9.12564E-01 9.58907E-01
 1.69824E+01 3.89549E-01 6.23981E-01 9.13571E-01 9.59607E-01
 1.71791E+01 3.89970E-01 6.24656E-01 9.14559E-01 9.60298E-01
 1.73780E+01 3.90383E-01 6.25318E-01 9.15527E-01 9.60979E-01
 1.75792E+01 3.90787E-01 6.25966E-01 9.16477E-01 9.61649E-01
 1.77828E+01 3.91184E-01 6.26601E-01 9.17407E-01 9.62310E-01
 1.79887E+01 3.91573E-01 6.27224E-01 9.18319E-01 9.62961E-01
 1.81970E+01 3.91954E-01 6.27834E-01 9.19212E-01 9.63603E-01
 1.84077E+01 3.92327E-01 6.28433E-01 9.20088E-01 9.64235E-01
 1.86209E+01 3.92693E-01 6.29019E-01 9.20946E-01 9.64857E-01
 1.88365E+01 3.93052E-01 6.29593E-01 9.21788E-01 9.65471E-01
 1.90546E+01 3.93403E-01 6.30156E-01 9.22612E-01 9.66075E-01
 1.92752E+01 3.93748E-01 6.30708E-01 9.23419E-01 9.66670E-01
 1.94984E+01 3.94085E-01 6.31248E-01 9.24210E-01 9.67256E-01
 1.97242E+01 3.94416E-01 6.31778E-01 9.24985E-01 9.67833E-01
 1.99526E+01 3.94739E-01 6.32296E-01 9.25745E-01 9.68401E-01
 2.01837E+01 3.95057E-01 6.32804E-01 9.26489E-01 9.68961E-01
 2.04174E+01 3.95367E-01 6.33302E-01 9.27218E-01 9.69512E-01
 2.06538E+01 3.95672E-01 6.33790E-01 9.27932E-01 9.70055E-01
 2.08930E+01 3.95970E-01 6.34268E-01 9.28631E-01 9.70589E-01
 2.11349E+01 3.96262E-01 6.34736E-01 9.29316E-01 9.71115E-01
 2.13796E+01 3.96548E-01 6.35194E-01 9.29987E-01 9.71633E-01
 2.16272E+01 3.96829E-01 6.35643E-01 9.30645E-01 9.72143E-01
 2.18776E+01 3.97103E-01 6.36082E-01 9.31288E-01 9.72645E-01
 2.21309E+01 3.97372E-01 6.36513E-01 9.31919E-01 9.73139E-01
 2.23872E+01 3.97635E-01 6.36935E-01 9.32536E-01 9.73625E-01
 2.26464E+01 3.97893E-01 6.37348E-01 9.33141E-01 9.74104E-01
 2.29087E+01 3.98146E-01 6.37752E-01 9.33733E-01 9.74575E-01
 2.31739E+01 3.98393E-01 6.38148E-01 9.34313E-01 9.75038E-01
 2.34423E+01 3.98635E-01 6.38536E-01 9.34881E-01 9.75494E-01
 2.37137E+01 3.98872E-01 6.38916E-01 9.35437E-01 9.75943E-01
 2.39883E+01 3.99104E-01 6.39288E-01 9.35981E-01 9.76385E-01
 2.42661E+01 3.99331E-01 6.39652E-01 9.36514E-01 9.76819E-01
 2.45471E+01 3.99554E-01 6.40008E-01 9.37036E-01 9.77247E-01
 2.48313E+01 3.99772E-01 6.40357E-01 9.37547E-01 9.77667E-01
 2.51189E+01 3.99985E-01 6.40699E-01 9.38047E-01 9.78081E-01
 2.54097E+01 4.00194E-01 6.41033E-01 9.38537E-01 9.78488E-01
 2.57040E+01 4.00398E-01 6.41361E-01 9.39017E-01 9.78889E-01
 2.60016E+01 4.00599E-01 6.41682E-01 9.39486E-01 9.79282E-01
 2.63027E+01 4.00795E-01 6.41995E-01 9.39945E-01 9.79670E-01
 2.66073E+01 4.00986E-01 6.42303E-01 9.40395E-01 9.80051E-01
 2.69153E+01 4.01174E-01 6.42603E-01 9.40836E-01 9.80426E-01
 2.72270E+01 4.01358E-01 6.42898E-01 9.41267E-01 9.80794E-01
 2.75423E+01 4.01538E-01 6.43186E-01 9.41688E-01 9.81157E-01
 2.78612E+01 4.01714E-01 6.43468E-01 9.42101E-01 9.81513E-01
 2.81838E+01 4.01886E-01 6.43744E-01 9.42505E-01 9.81864E-01
 2.85102E+01 4.02055E-01 6.44014E-01 9.42901E-01 9.82208E-01
 2.88403E+01 4.02220E-01 6.44279E-01 9.43288E-01 9.82547E-01
 2.91743E+01 4.02381E-01 6.44537E-01 9.43667E-01 9.82880E-01
 2.95121E+01 4.02540E-01 6.44791E-01 9.44038E-01 9.83208E-01
 2.98538E+01 4.02694E-01 6.45038E-01 9.44401E-01 9.83530E-01
 3.01995E+01 4.02846E-01 6.45281E-01 9.44756E-01 9.83847E-01
 3.05492E+01 4.02994E-01 6.45518E-01 9.45104E-01 9.84158E-01
 3.09030E+01 4.03139E-01 6.45751E-01 9.45444E-01 9.84464E-01
 3.12608E+01 4.03281E-01 6.45978E-01 9.45777E-01 9.84765E-01
 3.16228E+01 4.03420E-01 6.46201E-01 9.46102E-01 9.85060E-01
 3.19890E+01 4.03556E-01 6.46418E-01 9.46421E-01 9.85351E-01
 3.23594E+01 4.03689E-01 6.46631E-01 9.46733E-01 9.85636E-01
 3.27341E+01 4.03819E-01 6.46840E-01 9.47038E-01 9.85917E-01
 3.31131E+01 4.03946E-01 6.47044E-01 9.47337E-01 9.86193E-01
 3.34965E+01 4.04071E-01 6.47243E-01 9.47629E-01 9.86464E-01
 3.38844E+01 4.04193E-01 6.47438E-01 9.47915E-01 9.86730E-01
 3.42768E+01 4.04312E-01 6.47629E-01 9.48194E-01 9.86992E-01
 3.46737E+01 4.04429E-01 6.47816E-01 9.48468E-01 9.87250E-01
 3.50752E+01 4.04543E-01 6.47999E-01 9.48736E-01 9.87502E-01
 3.54813E+01 4.04654E-01 6.48178E-01 9.48998E-01 9.87751E-01
 3.58922E+01 4.04764E-01 6.48353E-01 9.49254E-01 9.87995E-01
 3.63078E+01 4.04871E-01 6.48524E-01 9.49505E-01 9.88235E-01
 3.67282E+01 4.04975E-01 6.48692E-01 9.49750E-01 9.88470E-01
 3.71535E+01 4.05078E-01 6.48856E-01 9.49990E-01 9.88702E-01
 3.75837E+01 4.05178E-01 6.49016E-01 9.50225E-01 9.88929E-01
 3.80189E+01 4.05276E-01 6.49173E-01 9.50454E-01 9.89153E-01
 3.84592E+01 4.05371E-01 6.49326E-01 9.50679E-01 9.89372E-01
 3.89045E+01 4.05465E-01 6.49477E-01 9.50899E-01 9.89588E-01
 3.93550E+01 4.05557E-01 6.49623E-01 9.51114E-01 9.89799E-01
 3.98107E+01 4.05646E-01 6.49767E-01 9.51324E-01 9.90007E-01
 4.02717E+01 4.05734E-01 6.49908E-01 9.51530E-01 9.90212E-01
 4.07380E+01 4.05820E-01 6.50045E-01 9.51731E-01 9.90413E-01
 4.12098E+01 4.05904E-01 6.50179E-01 9.51928E-01 9.90610E-01
 4.16869E+01 4.05986E-01 6.50311E-01 9.52120E-01 9.90803E-01
 4.21697E+01 4.06066E-01 6.50440E-01 9.52308E-01 9.90994E-01
 4.26580E+01 4.06145E-01 6.50565E-01 9.52493E-01 9.91180E-01
 4.31519E+01 4.06222E-01 6.50688E-01 9.52673E-01 9.91364E-01
 4.36516E+01 4.06297E-01 6.50809E-01 9.52849E-01 9.91544E-01
 4.41570E+01 4.06370E-01 6.50926E-01 9.53021E-01 9.91721E-01
 4.46684E+01 4.06442E-01 6.51042E-01 9.53190E-01 9.91895E-01
 4.51856E+01 4.06512E-01 6.51154E-01 9.53355E-01 9.92065E-01
 4.57088E+01 4.06581E-01 6.51264E-01 9.53516E-01 9.92233E-01
 4.62381E+01 4.06648E-01 6.51372E-01 9.53674E-01 9.92397E-01
 4.67735E+01 4.06714E-01 6.51477E-01 9.53828E-01 9.92557E-01
 4.73151E+01 4.06778E-01 6.51580E-01 9.53979E-01 9.92714E-01
 4.78630E+01 4.06841E-01 6.51681E-01 9.54126E-01 9.92868E-01
 4.84172E+01 4.06903E-01 6.51780E-01 9.54271E-01 9.93018E-01
 4.89779E+01 4.06963E-01 6.51876E-01 9.54412E-01 9.93165E-01
 4.95450E+01 4.07022E-01 6.51970E-01 9.54550E-01 9.93308E-01
 5.01187E+01 4.07079E-01 6.52063E-01 9.54685E-01 9.93449E-01
 5.06991E+01 4.07136E-01 6.52153E-01 9.54817E-01 9.93586E-01
 5.12861E+01 4.07191E-01 6.52241E-01 9.54946E-01 9.93721E-01
 5.18800E+01 4.07245E-01 6.52327E-01 9.55072E-01 9.93852E-01
 5.24807E+01 4.07297E-01 6.52411E-01 9.55196E-01 9.93980E-01
 5.30884E+01 4.07349E-01 6.52494E-01 9.55316E-01 9.94106E-01
 5.37032E+01 4.07399E-01 6.52574E-01 9.55434E-01 9.94229E-01
 5.43250E+01 4.07448E-01 6.52653E-01 9.55550E-01 9.94349E-01
 5.49541E+01 4.07496E-01 6.52730E-01 9.55663E-01 9.94466E-01
 5.55904E+01 4.07543E-01 6.52806E-01 9.55773E-01 9.94581E-01
 5.62341E+01 4.07589E-01 6.52880E-01 9.55881E-01 9.94694E-01
 5.68853E+01 4.07634E-01 6.52952E-01 9.55986E-01 9.94803E-01
 5.75440E+01 4.07678E-01 6.53022E-01 9.56090E-01 9.94911E-01
 5.82103E+01 4.07722E-01 6.53091E-01 9.56191E-01 9.95016E-01
 5.88844E+01 4.07764E-01 6.53158E-01 9.56289E-01 9.95118E-01
 5.95662E+01 4.07805E-01 6.53224E-01 9.56386E-01 9.95219E-01
 6.02560E+01 4.07845E-01 6.53289E-01 9.56480E-01 9.95317E-01
 6.09537E+01 4.07884E-01 6.53352E-01 9.56572E-01 9.95413E-01
 6.16595E+01 4.07923E-01 6.53413E-01 9.56663E-01 9.95507E-01
 6.23735E+01 4.07960E-01 6.53474E-01 9.56751E-01 9.95599E-01
 6.30957E+01 4.07997E-01 6.53533E-01 9.56837E-01 9.95688E-01
 6.38263E+01 4.08033E-01 6.53590E-01 9.56921E-01 9.95776E-01
 6.45654E+01 4.08068E-01 6.53646E-01 9.57004E-01 9.95862E-01
 6.53131E+01 4.08103E-01 6.53702E-01 9.57084E-01 9.95946E-01
 6.60693E+01 4.08136E-01 6.53755E-01 9.57163E-01 9.96028E-01
 6.68344E+01 4.08169E-01 6.53808E-01 9.57240E-01 9.96108E-01
 6.76083E+01 4.08201E-01 6.53859E-01 9.57316E-01 9.96186E-01
 6.83912E+01 4.08233E-01 6.53910E-01 9.57389E-01 9.96263E-01
 6.91831E+01 4.08263E-01 6.53959E-01 9.57461E-01 9.96338E-01
 6.99842E+01 4.08293E-01 6.54007E-01 9.57532E-01 9.96411E-01
 7.07946E+01 4.08323E-01 6.54054E-01 9.57601E-01 9.96483E-01
 7.16143E+01 4.08351E-01 6.54100E-01 9.57668E-01 9.96553E-01
 7.24436E+01 4.08380E-01 6.54145E-01 9.57734E-01 9.96622E-01
 7.32825E+01 4.08407E-01 6.54189E-01 9.57798E-01 9.96689E-01
 7.41310E+01 4.08434E-01 6.54232E-01 9.57861E-01 9.96754E-01
 7.49894E+01 4.08460E-01 6.54274E-01 9.57923E-01 9.96818E-01
 7.58578E+01 4.08486E-01 6.54315E-01 9.57983E-01 9.96881E-01
 7.67361E+01 4.08511E-01 6.54355E-01 9.58041E-01 9.96942E-01
 7.76247E+01 4.08535E-01 6.54394E-01 9.58099E-01 9.97002E-01
 7.85236E+01 4.08559E-01 6.54433E-01 9.58155E-01 9.97060E-01
 7.94328E+01 4.08583E-01 6.54470E-01 9.58210E-01 9.97117E-01
 8.03526E+01 4.08606E-01 6.54507E-01 9.58264E-01 9.97173E-01
 8.12831E+01 4.08628E-01 6.54543E-01 9.58316E-01 9.97228E-01
 8.22243E+01 4.08650E-01 6.54578E-01 9.58368E-01 9.97281E-01
 8.31764E+01 4.08671E-01 6.54612E-01 9.58418E-01 9.97333E-01
 8.41395E+01 4.08692E-01 6.54646E-01 9.58467E-01 9.97384E-01
 8.51138E+01 4.08713E-01 6.54679E-01 9.58515E-01 9.97434E-01
 8.60994E+01 4.08733E-01 6.54711E-01 9.58562E-01 9.97483E-01
 8.70964E+01 4.08752E-01 6.54742E-01 9.58608E-01 9.97531E-01
 8.81049E+01 4.08771E-01 6.54772E-01 9.58652E-01 9.97578E-01
 8.91251E+01 4.08790E-01 6.54802E-01 9.58696E-01 9.97623E-01
 9.01571E+01 4.08808E-01 6.54832E-01 9.58739E-01 9.97668E-01
 9.12011E+01 4.08826E-01 6.54860E-01 9.58781E-01 9.97711E-01
 9.22571E+01 4.08843E-01 6.54888E-01 9.58822E-01 9.97754E-01
 9.33254E+01 4.08861E-01 6.54916E-01 9.58862E-01 9.97795E-01
 9.44061E+01 4.08877E-01 6.54942E-01 9.58901E-01 9.97836E-01
 9.54993E+01 4.08894E-01 6.54968E-01 9.58939E-01 9.97876E-01
 9.66051E+01 4.08909E-01 6.54994E-01 9.58977E-01 9.97915E-01
 9.77237E+01 4.08925E-01 6.55019E-01 9.59013E-01 9.97953E-01
 9.88553E+01 4.08940E-01 6.55043E-01 9.59049E-01 9.97990E-01
 1.00000E+02 4.08955E-01 6.55067E-01 9.59084E-01 9.98026E-01
