 1.00000E-02 3.60373E-02 5.84740E-02 9.16540E-02 9.65959E-02
 2.00000E-02 3.83086E-02 6.24192E-02 9.89669E-02 1.04617E-01
 3.00000E-02 4.06317E-02 6.65182E-02 1.06649E-01 1.13131E-01
 4.00000E-02 4.30480E-02 7.07454E-02 1.14751E-01 1.22149E-01
 5.00000E-02 4.55409E-02 7.50962E-02 1.23227E-01 1.31728E-01
 6.00000E-02 4.81013E-02 7.95431E-02 1.32026E-01 1.41846E-01
 7.00000E-02 5.07196E-02 8.40768E-02 1.41103E-01 1.52487E-01
 8.00000E-02 5.33894E-02 8.86726E-02 1.50373E-01 1.63639E-01
 9.00000E-02 5.61006E-02 9.33138E-02 1.59775E-01 1.75277E-01
 1.00000E-01 5.88476E-02 9.79862E-02 1.69238E-01 1.87367E-01
 1.10000E-01 6.16241E-02 1.02677E-01 1.78705E-01 1.99845E-01
 1.20000E-01 6.44246E-02 1.07376E-01 1.88123E-01 2.12572E-01
 1.30000E-01 6.72437E-02 1.12073E-01 1.97452E-01 2.25303E-01
 1.40000E-01 7.00776E-02 1.16764E-01 2.06662E-01 2.37827E-01
 1.50000E-01 7.29222E-02 1.21441E-01 2.15734E-01 2.50049E-01
 1.60000E-01 7.57754E-02 1.26098E-01 2.24653E-01 2.61932E-01
 1.70000E-01 7.86336E-02 1.30732E-01 2.33409E-01 2.73473E-01
 1.80000E-01 8.14941E-02 1.35340E-01 2.42001E-01 2.84676E-01
 1.90000E-01 8.43554E-02 1.39919E-01 2.50425E-01 2.95550E-01
 2.00000E-01 8.72153E-02 1.44465E-01 2.58679E-01 3.06106E-01
 2.10000E-01 9.00718E-02 1.48980E-01 2.66765E-01 3.16354E-01
 2.20000E-01 9.29240E-02 1.53461E-01 2.74688E-01 3.26307E-01
 2.30000E-01 9.57707E-02 1.57906E-01 2.82447E-01 3.35977E-01
 2.40000E-01 9.86102E-02 1.62315E-01 2.90047E-01 3.45375E-01
 2.50000E-01 1.01442E-01 1.66687E-01 2.97493E-01 3.54511E-01
 2.60000E-01 1.04264E-01 1.71023E-01 3.04785E-01 3.63397E-01
 2.70000E-01 1.07077E-01 1.75321E-01 3.11931E-01 3.72043E-01
 2.80000E-01 1.09879E-01 1.79581E-01 3.18933E-01 3.80456E-01
 2.90000E-01 1.12670E-01 1.83804E-01 3.25795E-01 3.88648E-01
 3.00000E-01 1.15449E-01 1.87989E-01 3.32523E-01 3.96625E-01
 3.10000E-01 1.18217E-01 1.92137E-01 3.39117E-01 4.04398E-01
 3.20000E-01 1.20971E-01 1.96246E-01 3.45585E-01 4.11972E-01
 3.30000E-01 1.23711E-01 2.00319E-01 3.51927E-01 4.19356E-01
 3.40000E-01 1.26439E-01 2.04355E-01 3.58149E-01 4.26557E-01
 3.50000E-01 1.29151E-01 2.08354E-01 3.64255E-01 4.33581E-01
 3.60000E-01 1.31850E-01 2.12316E-01 3.70245E-01 4.40435E-01
 3.70000E-01 1.34534E-01 2.16241E-01 3.76126E-01 4.47126E-01
 3.80000E-01 1.37203E-01 2.20130E-01 3.81899E-01 4.53658E-01
 3.90000E-01 1.39856E-01 2.23984E-01 3.87569E-01 4.60038E-01
 4.00000E-01 1.42494E-01 2.27802E-01 3.93136E-01 4.66271E-01
 4.10000E-01 1.45117E-01 2.31585E-01 3.98605E-01 4.72362E-01
 4.20000E-01 1.47723E-01 2.35332E-01 4.03980E-01 4.78316E-01
 4.30000E-01 1.50313E-01 2.39045E-01 4.09260E-01 4.84137E-01
 4.40000E-01 1.52886E-01 2.42724E-01 4.14450E-01 4.89830E-01
 4.50000E-01 1.55444E-01 2.46368E-01 4.19552E-01 4.95399E-01
 4.60000E-01 1.57984E-01 2.49979E-01 4.24569E-01 5.00847E-01
 4.70000E-01 1.60508E-01 2.53556E-01 4.29503E-01 5.06180E-01
 4.80000E-01 1.63015E-01 2.57100E-01 4.34354E-01 5.11400E-01
 4.90000E-01 1.65505E-01 2.60611E-01 4.39128E-01 5.16511E-01
 5.00000E-01 1.67978E-01 2.64090E-01 4.43824E-01 5.21518E-01
 5.10000E-01 1.70434E-01 2.67536E-01 4.48446E-01 5.26422E-01
 5.20000E-01 1.72873E-01 2.70951E-01 4.52995E-01 5.31227E-01
 5.30000E-01 1.75295E-01 2.74334E-01 4.57471E-01 5.35936E-01
 5.40000E-01 1.77699E-01 2.77685E-01 4.61880E-01 5.40552E-01
 5.50000E-01 1.80086E-01 2.81006E-01 4.66220E-01 5.45077E-01
 5.60000E-01 1.82456E-01 2.84296E-01 4.70494E-01 5.49514E-01
 5.70000E-01 1.84808E-01 2.87555E-01 4.74705E-01 5.53867E-01
 5.80000E-01 1.87143E-01 2.90784E-01 4.78852E-01 5.58137E-01
 5.90000E-01 1.89461E-01 2.93984E-01 4.82938E-01 5.62327E-01
 6.00000E-01 1.91761E-01 2.97153E-01 4.86964E-01 5.66439E-01
 6.10000E-01 1.94045E-01 3.00294E-01 4.90931E-01 5.70474E-01
 6.20000E-01 1.96311E-01 3.03406E-01 4.94842E-01 5.74436E-01
 6.30000E-01 1.98559E-01 3.06489E-01 4.98696E-01 5.78326E-01
 6.40000E-01 2.00790E-01 3.09543E-01 5.02496E-01 5.82146E-01
 6.50000E-01 2.03005E-01 3.12570E-01 5.06243E-01 5.85899E-01
 6.60000E-01 2.05202E-01 3.15568E-01 5.09938E-01 5.89585E-01
 6.70000E-01 2.07382E-01 3.18539E-01 5.13581E-01 5.93207E-01
 6.80000E-01 2.09545E-01 3.21483E-01 5.17175E-01 5.96767E-01
 6.90000E-01 2.11691E-01 3.24400E-01 5.20720E-01 6.00265E-01
 7.00000E-01 2.13820E-01 3.27290E-01 5.24218E-01 6.03704E-01
 7.10000E-01 2.15932E-01 3.30153E-01 5.27668E-01 6.07085E-01
 7.20000E-01 2.18028E-01 3.32991E-01 5.31073E-01 6.10410E-01
 7.30000E-01 2.20107E-01 3.35802E-01 5.34433E-01 6.13680E-01
 7.40000E-01 2.22169E-01 3.38588E-01 5.37749E-01 6.16896E-01
 7.50000E-01 2.24215E-01 3.41348E-01 5.41022E-01 6.20060E-01
 7.60000E-01 2.26244E-01 3.44084E-01 5.44254E-01 6.23172E-01
 7.70000E-01 2.28257E-01 3.46794E-01 5.47444E-01 6.26236E-01
 7.80000E-01 2.30254E-01 3.49480E-01 5.50593E-01 6.29250E-01
 7.90000E-01 2.32234E-01 3.52141E-01 5.53703E-01 6.32217E-01
 8.00000E-01 2.34199E-01 3.54779E-01 5.56774E-01 6.35138E-01
 8.10000E-01 2.36147E-01 3.57392E-01 5.59807E-01 6.38013E-01
 8.20000E-01 2.38080E-01 3.59982E-01 5.62803E-01 6.40845E-01
 8.30000E-01 2.39997E-01 3.62548E-01 5.65762E-01 6.43633E-01
 8.40000E-01 2.41898E-01 3.65092E-01 5.68685E-01 6.46379E-01
 8.50000E-01 2.43783E-01 3.67612E-01 5.71573E-01 6.49085E-01
 8.60000E-01 2.45653E-01 3.70110E-01 5.74426E-01 6.51750E-01
 8.70000E-01 2.47508E-01 3.72586E-01 5.77245E-01 6.54375E-01
 8.80000E-01 2.49348E-01 3.75039E-01 5.80031E-01 6.56962E-01
 8.90000E-01 2.51172E-01 3.77470E-01 5.82784E-01 6.59512E-01
 9.00000E-01 2.52981E-01 3.79880E-01 5.85505E-01 6.62025E-01
 9.10000E-01 2.54776E-01 3.82268E-01 5.88195E-01 6.64502E-01
 9.20000E-01 2.56555E-01 3.84635E-01 5.90853E-01 6.66943E-01
 9.30000E-01 2.58320E-01 3.86981E-01 5.93481E-01 6.69350E-01
 9.40000E-01 2.60070E-01 3.89306E-01 5.96079E-01 6.71724E-01
 9.50000E-01 2.61806E-01 3.91611E-01 5.98648E-01 6.74065E-01
 9.60000E-01 2.63527E-01 3.93895E-01 6.01188E-01 6.76373E-01
 9.70000E-01 2.65234E-01 3.96159E-01 6.03699E-01 6.78650E-01
 9.80000E-01 2.66927E-01 3.98403E-01 6.06183E-01 6.80896E-01
 9.90000E-01 2.68606E-01 4.00628E-01 6.08639E-01 6.83111E-01
 1.00000E+00 2.70271E-01 4.02833E-01 6.11068E-01 6.85297E-01
 1.01158E+00 2.72181E-01 4.05362E-01 6.13848E-01 6.87792E-01
 1.02329E+00 2.74096E-01 4.07894E-01 6.16624E-01 6.90277E-01
 1.03514E+00 2.76013E-01 4.10429E-01 6.19397E-01 6.92752E-01
 1.04713E+00 2.77933E-01 4.12967E-01 6.22167E-01 6.95218E-01
 1.05925E+00 2.79856E-01 4.15508E-01 6.24932E-01 6.97672E-01
 1.07152E+00 2.81781E-01 4.18051E-01 6.27694E-01 7.00117E-01
 1.08393E+00 2.83709E-01 4.20596E-01 6.30451E-01 7.02552E-01
 1.09648E+00 2.85639E-01 4.23143E-01 6.33204E-01 7.04976E-01
 1.10917E+00 2.87571E-01 4.25692E-01 6.35953E-01 7.07390E-01
 1.12202E+00 2.89505E-01 4.28241E-01 6.38697E-01 7.09793E-01
 1.13501E+00 2.91440E-01 4.30792E-01 6.41436E-01 7.12186E-01
 1.14815E+00 2.93376E-01 4.33344E-01 6.44170E-01 7.14568E-01
 1.16145E+00 2.95313E-01 4.35896E-01 6.46900E-01 7.16940E-01
 1.17490E+00 2.97250E-01 4.38448E-01 6.49624E-01 7.19301E-01
 1.18850E+00 2.99189E-01 4.41000E-01 6.52342E-01 7.21651E-01
 1.20226E+00 3.01127E-01 4.43552E-01 6.55055E-01 7.23990E-01
 1.21619E+00 3.03065E-01 4.46104E-01 6.57763E-01 7.26318E-01
 1.23027E+00 3.05003E-01 4.48655E-01 6.60464E-01 7.28635E-01
 1.24451E+00 3.06941E-01 4.51204E-01 6.63159E-01 7.30942E-01
 1.25893E+00 3.08878E-01 4.53753E-01 6.65848E-01 7.33237E-01
 1.27350E+00 3.10813E-01 4.56299E-01 6.68531E-01 7.35521E-01
 1.28825E+00 3.12748E-01 4.58844E-01 6.71207E-01 7.37794E-01
 1.30317E+00 3.14681E-01 4.61387E-01 6.73877E-01 7.40056E-01
 1.31826E+00 3.16612E-01 4.63927E-01 6.76539E-01 7.42306E-01
 1.33352E+00 3.18541E-01 4.66465E-01 6.79195E-01 7.44545E-01
 1.34896E+00 3.20468E-01 4.68999E-01 6.81843E-01 7.46773E-01
 1.36458E+00 3.22392E-01 4.71530E-01 6.84485E-01 7.48990E-01
 1.38038E+00 3.24313E-01 4.74058E-01 6.87119E-01 7.51195E-01
 1.39637E+00 3.26232E-01 4.76582E-01 6.89745E-01 7.53389E-01
 1.41254E+00 3.28147E-01 4.79102E-01 6.92364E-01 7.55571E-01
 1.42889E+00 3.30058E-01 4.81617E-01 6.94974E-01 7.57742E-01
 1.44544E+00 3.31966E-01 4.84128E-01 6.97577E-01 7.59902E-01
 1.46218E+00 3.33869E-01 4.86633E-01 7.00172E-01 7.62050E-01
 1.47911E+00 3.35768E-01 4.89134E-01 7.02758E-01 7.64187E-01
 1.49624E+00 3.37663E-01 4.91629E-01 7.05336E-01 7.66312E-01
 1.51356E+00 3.39553E-01 4.94118E-01 7.07905E-01 7.68425E-01
 1.53109E+00 3.41437E-01 4.96601E-01 7.10466E-01 7.70527E-01
 1.54882E+00 3.43316E-01 4.99077E-01 7.13018E-01 7.72618E-01
 1.56675E+00 3.45190E-01 5.01547E-01 7.15561E-01 7.74697E-01
 1.58489E+00 3.47058E-01 5.04010E-01 7.18095E-01 7.76764E-01
 1.60325E+00 3.48919E-01 5.06465E-01 7.20620E-01 7.78821E-01
 1.62181E+00 3.50774E-01 5.08913E-01 7.23135E-01 7.80865E-01
 1.64059E+00 3.52623E-01 5.11353E-01 7.25641E-01 7.82898E-01
 1.65959E+00 3.54464E-01 5.13785E-01 7.28137E-01 7.84919E-01
 1.67880E+00 3.56299E-01 5.16209E-01 7.30624E-01 7.86929E-01
 1.69824E+00 3.58126E-01 5.18624E-01 7.33101E-01 7.88928E-01
 1.71791E+00 3.59946E-01 5.21030E-01 7.35568E-01 7.90915E-01
 1.73780E+00 3.61757E-01 5.23426E-01 7.38025E-01 7.92891E-01
 1.75792E+00 3.63561E-01 5.25813E-01 7.40471E-01 7.94855E-01
 1.77828E+00 3.65356E-01 5.28191E-01 7.42908E-01 7.96808E-01
 1.79887E+00 3.67143E-01 5.30558E-01 7.45333E-01 7.98750E-01
 1.81970E+00 3.68921E-01 5.32914E-01 7.47749E-01 8.00680E-01
 1.84077E+00 3.70690E-01 5.35260E-01 7.50154E-01 8.02600E-01
 1.86209E+00 3.72450E-01 5.37596E-01 7.52548E-01 8.04508E-01
 1.88365E+00 3.74200E-01 5.39920E-01 7.54931E-01 8.06405E-01
 1.90546E+00 3.75941E-01 5.42232E-01 7.57303E-01 8.08291E-01
 1.92752E+00 3.77672E-01 5.44533E-01 7.59664E-01 8.10165E-01
 1.94984E+00 3.79393E-01 5.46822E-01 7.62013E-01 8.12029E-01
 1.97242E+00 3.81103E-01 5.49098E-01 7.64352E-01 8.13882E-01
 1.99526E+00 3.82803E-01 5.51362E-01 7.66679E-01 8.15724E-01
 2.01837E+00 3.84493E-01 5.53613E-01 7.68994E-01 8.17556E-01
 2.04174E+00 3.86172E-01 5.55852E-01 7.71298E-01 8.19377E-01
 2.06538E+00 3.88167E-01 5.58077E-01 7.73590E-01 8.21187E-01
 2.08930E+00 3.90359E-01 5.60288E-01 7.75870E-01 8.22986E-01
 2.11349E+00 3.92523E-01 5.62486E-01 7.78139E-01 8.24776E-01
 2.13796E+00 3.94657E-01 5.64670E-01 7.80395E-01 8.26555E-01
 2.16272E+00 3.96767E-01 5.66840E-01 7.82638E-01 8.28323E-01
 2.18776E+00 3.98845E-01 5.68995E-01 7.84870E-01 8.30082E-01
 2.21309E+00 4.00898E-01 5.71136E-01 7.87089E-01 8.31830E-01
 2.23872E+00 4.02921E-01 5.73690E-01 7.89296E-01 8.33569E-01
 2.26464E+00 4.04918E-01 5.76533E-01 7.91490E-01 8.35298E-01
 2.29087E+00 4.06887E-01 5.79338E-01 7.93671E-01 8.37017E-01
 2.31739E+00 4.08828E-01 5.82101E-01 7.95839E-01 8.38726E-01
 2.34423E+00 4.10741E-01 5.84825E-01 7.97995E-01 8.40426E-01
 2.37137E+00 4.12628E-01 5.87511E-01 8.00137E-01 8.42117E-01
 2.39883E+00 4.14487E-01 5.90158E-01 8.02267E-01 8.43798E-01
 2.42661E+00 4.16318E-01 5.92765E-01 8.04383E-01 8.45470E-01
 2.45471E+00 4.18122E-01 5.95334E-01 8.06485E-01 8.47133E-01
 2.48313E+00 4.19899E-01 5.97863E-01 8.08574E-01 8.48787E-01
 2.51189E+00 4.21649E-01 6.00356E-01 8.10650E-01 8.50432E-01
 2.54097E+00 4.23372E-01 6.02809E-01 8.12712E-01 8.52068E-01
 2.57040E+00 4.25070E-01 6.05226E-01 8.14760E-01 8.53695E-01
 2.60016E+00 4.26740E-01 6.07604E-01 8.16794E-01 8.55314E-01
 2.63027E+00 4.28384E-01 6.09945E-01 8.18814E-01 8.56924E-01
 2.66073E+00 4.30002E-01 6.12249E-01 8.20821E-01 8.58526E-01
 2.69153E+00 4.31595E-01 6.14517E-01 8.22813E-01 8.60119E-01
 2.72270E+00 4.33161E-01 6.16747E-01 8.24790E-01 8.61704E-01
 2.75423E+00 4.34702E-01 6.18941E-01 8.26754E-01 8.63280E-01
 2.78612E+00 4.36218E-01 6.21099E-01 8.28703E-01 8.64849E-01
 2.81838E+00 4.37709E-01 6.23222E-01 8.30637E-01 8.66409E-01
 2.85102E+00 4.39175E-01 6.25309E-01 8.32557E-01 8.67961E-01
 2.88403E+00 4.40617E-01 6.27362E-01 8.35019E-01 8.69506E-01
 2.91743E+00 4.42034E-01 6.29381E-01 8.37706E-01 8.71042E-01
 2.95121E+00 4.43427E-01 6.31363E-01 8.40345E-01 8.72571E-01
 2.98538E+00 4.44797E-01 6.33314E-01 8.42941E-01 8.74093E-01
 3.01995E+00 4.46142E-01 6.35229E-01 8.45490E-01 8.75607E-01
 3.05492E+00 4.47464E-01 6.37112E-01 8.47997E-01 8.77113E-01
 3.09030E+00 4.48764E-01 6.38962E-01 8.50459E-01 8.78613E-01
 3.12608E+00 4.50040E-01 6.40780E-01 8.52878E-01 8.80106E-01
 3.16228E+00 4.51294E-01 6.42566E-01 8.55255E-01 8.81593E-01
 3.19890E+00 4.52526E-01 6.44320E-01 8.57590E-01 8.83576E-01
 3.23594E+00 4.53736E-01 6.46042E-01 8.59882E-01 8.85938E-01
 3.27341E+00 4.54924E-01 6.47734E-01 8.62133E-01 8.88257E-01
 3.31131E+00 4.56091E-01 6.49395E-01 8.64344E-01 8.90535E-01
 3.34965E+00 4.57236E-01 6.51025E-01 8.66514E-01 8.92771E-01
 3.38844E+00 4.58361E-01 6.52627E-01 8.68646E-01 8.94967E-01
 3.42768E+00 4.59464E-01 6.54198E-01 8.70737E-01 8.97122E-01
 3.46737E+00 4.60548E-01 6.55741E-01 8.72792E-01 8.99238E-01
 3.50752E+00 4.61611E-01 6.57255E-01 8.74806E-01 9.01314E-01
 3.54813E+00 4.62655E-01 6.58741E-01 8.76785E-01 9.03352E-01
 3.58922E+00 4.63679E-01 6.60199E-01 8.78725E-01 9.05351E-01
 3.63078E+00 4.64684E-01 6.61630E-01 8.80630E-01 9.07314E-01
 3.67282E+00 4.65670E-01 6.63034E-01 8.82498E-01 9.09239E-01
 3.71535E+00 4.66637E-01 6.64411E-01 8.84331E-01 9.11127E-01
 3.75837E+00 4.67587E-01 6.65763E-01 8.86130E-01 9.12981E-01
 3.80189E+00 4.68517E-01 6.67088E-01 8.87894E-01 9.14798E-01
 3.84592E+00 4.69430E-01 6.68387E-01 8.89623E-01 9.16580E-01
 3.89045E+00 4.70325E-01 6.69662E-01 8.91320E-01 9.18328E-01
 3.93550E+00 4.71203E-01 6.70912E-01 8.92984E-01 9.20043E-01
 3.98107E+00 4.72064E-01 6.72138E-01 8.94616E-01 9.21723E-01
 4.02717E+00 4.72909E-01 6.73341E-01 8.96216E-01 9.23373E-01
 4.07380E+00 4.73736E-01 6.74519E-01 8.97785E-01 9.24989E-01
 4.12098E+00 4.74548E-01 6.75675E-01 8.99323E-01 9.26573E-01
 4.16869E+00 4.75343E-01 6.76807E-01 9.00830E-01 9.28126E-01
 4.21697E+00 4.76123E-01 6.77917E-01 9.02308E-01 9.29649E-01
 4.26580E+00 4.76887E-01 6.79005E-01 9.03756E-01 9.31141E-01
 4.31519E+00 4.77636E-01 6.80072E-01 9.05176E-01 9.32603E-01
 4.36516E+00 4.78370E-01 6.81117E-01 9.06567E-01 9.34037E-01
 4.41570E+00 4.79090E-01 6.82142E-01 9.07931E-01 9.35442E-01
 4.46684E+00 4.79795E-01 6.83146E-01 9.09267E-01 9.36819E-01
 4.51856E+00 4.80486E-01 6.84130E-01 9.10577E-01 9.38168E-01
 4.57088E+00 4.81163E-01 6.85093E-01 9.11859E-01 9.39490E-01
 4.62381E+00 4.81826E-01 6.86038E-01 9.13116E-01 9.40785E-01
 4.67735E+00 4.82476E-01 6.86963E-01 9.14348E-01 9.42054E-01
 4.73151E+00 4.83113E-01 6.87870E-01 9.15555E-01 9.43297E-01
 4.78630E+00 4.83736E-01 6.88757E-01 9.16736E-01 9.44514E-01
 4.84172E+00 4.84347E-01 6.89627E-01 9.17894E-01 9.45707E-01
 4.89779E+00 4.84946E-01 6.90479E-01 9.19028E-01 9.46875E-01
 4.95450E+00 4.85532E-01 6.91314E-01 9.20139E-01 9.48020E-01
 5.01187E+00 4.86106E-01 6.92131E-01 9.21227E-01 9.49141E-01
 5.06991E+00 4.86668E-01 6.92932E-01 9.22292E-01 9.50239E-01
 5.12861E+00 4.87219E-01 6.93716E-01 9.23336E-01 9.51314E-01
 5.18800E+00 4.87758E-01 6.94483E-01 9.24357E-01 9.52366E-01
 5.24807E+00 4.88286E-01 6.95235E-01 9.25358E-01 9.53397E-01
 5.30884E+00 4.88803E-01 6.95971E-01 9.26338E-01 9.54407E-01
 5.37032E+00 4.89309E-01 6.96692E-01 9.27297E-01 9.55395E-01
 5.43250E+00 4.89804E-01 6.97397E-01 9.28236E-01 9.56362E-01
 5.49541E+00 4.90290E-01 6.98088E-01 9.29156E-01 9.57310E-01
 5.55904E+00 4.90765E-01 6.98765E-01 9.30056E-01 9.58238E-01
 5.62341E+00 4.91230E-01 6.99427E-01 9.30937E-01 9.59146E-01
 5.68853E+00 4.91685E-01 7.00075E-01 9.31800E-01 9.60034E-01
 5.75440E+00 4.92131E-01 7.00710E-01 9.32645E-01 9.60905E-01
 5.82103E+00 4.92567E-01 7.01331E-01 9.33471E-01 9.61756E-01
 5.88844E+00 4.92994E-01 7.01939E-01 9.34280E-01 9.62590E-01
 5.95662E+00 4.93412E-01 7.02534E-01 9.35073E-01 9.63406E-01
 6.02560E+00 4.93821E-01 7.03116E-01 9.35848E-01 9.64205E-01
 6.09537E+00 4.94221E-01 7.03686E-01 9.36607E-01 9.64987E-01
 6.16595E+00 4.94613E-01 7.04244E-01 9.37349E-01 9.65752E-01
 6.23735E+00 4.94997E-01 7.04790E-01 9.38076E-01 9.66501E-01
 6.30957E+00 4.95372E-01 7.05325E-01 9.38787E-01 9.67233E-01
 6.38263E+00 4.95739E-01 7.05848E-01 9.39483E-01 9.67951E-01
 6.45654E+00 4.96099E-01 7.06360E-01 9.40165E-01 9.68653E-01
 6.53131E+00 4.96450E-01 7.06860E-01 9.40831E-01 9.69339E-01
 6.60693E+00 4.96795E-01 7.07350E-01 9.41483E-01 9.70011E-01
 6.68344E+00 4.97131E-01 7.07830E-01 9.42121E-01 9.70669E-01
 6.76083E+00 4.97461E-01 7.08299E-01 9.42746E-01 9.71312E-01
 6.83912E+00 4.97783E-01 7.08758E-01 9.43357E-01 9.71942E-01
 6.91831E+00 4.98099E-01 7.09207E-01 9.43954E-01 9.72557E-01
 6.99842E+00 4.98407E-01 7.09646E-01 9.44539E-01 9.73160E-01
 7.07946E+00 4.98709E-01 7.10076E-01 9.45111E-01 9.73749E-01
 7.16143E+00 4.99004E-01 7.10497E-01 9.45671E-01 9.74326E-01
 7.24436E+00 4.99293E-01 7.10908E-01 9.46219E-01 9.74890E-01
 7.32825E+00 4.99576E-01 7.11311E-01 9.46754E-01 9.75442E-01
 7.41310E+00 4.99853E-01 7.11704E-01 9.47278E-01 9.75982E-01
 7.49894E+00 5.00123E-01 7.12089E-01 9.47791E-01 9.76510E-01
 7.58578E+00 5.00388E-01 7.12466E-01 9.48293E-01 9.77027E-01
 7.67361E+00 5.00647E-01 7.12835E-01 9.48783E-01 9.77532E-01
 7.76247E+00 5.00900E-01 7.13195E-01 9.49263E-01 9.78027E-01
 7.85236E+00 5.01148E-01 7.13548E-01 9.49732E-01 9.78510E-01
 7.94328E+00 5.01390E-01 7.13893E-01 9.50191E-01 9.78983E-01
 8.03526E+00 5.01627E-01 7.14230E-01 9.50641E-01 9.79446E-01
 8.12831E+00 5.01859E-01 7.14560E-01 9.51080E-01 9.79898E-01
 8.22243E+00 5.02085E-01 7.14883E-01 9.51509E-01 9.80341E-01
 8.31764E+00 5.02307E-01 7.15199E-01 9.51929E-01 9.80774E-01
 8.41395E+00 5.02524E-01 7.15507E-01 9.52340E-01 9.81197E-01
 8.51138E+00 5.02736E-01 7.15809E-01 9.52742E-01 9.81611E-01
 8.60994E+00 5.02943E-01 7.16105E-01 9.53135E-01 9.82016E-01
 8.70964E+00 5.03146E-01 7.16393E-01 9.53520E-01 9.82412E-01
 8.81049E+00 5.03344E-01 7.16676E-01 9.53896E-01 9.82799E-01
 8.91251E+00 5.03538E-01 7.16952E-01 9.54263E-01 9.83178E-01
 9.01571E+00 5.03728E-01 7.17222E-01 9.54623E-01 9.83549E-01
 9.12011E+00 5.03914E-01 7.17486E-01 9.54974E-01 9.83911E-01
 9.22571E+00 5.04095E-01 7.17745E-01 9.55318E-01 9.84265E-01
 9.33254E+00 5.04272E-01 7.17997E-01 9.55654E-01 9.84612E-01
 9.44061E+00 5.04446E-01 7.18244E-01 9.55983E-01 9.84950E-01
 9.54993E+00 5.04615E-01 7.18486E-01 9.56304E-01 9.85281E-01
 9.66051E+00 5.04781E-01 7.18722E-01 9.56619E-01 9.85605E-01
 9.77237E+00 5.04944E-01 7.18953E-01 9.56926E-01 9.85922E-01
 9.88553E+00 5.05102E-01 7.19179E-01 9.57227E-01 9.86232E-01
 1.00000E+01 5.05257E-01 7.19400E-01 9.57521E-01 9.86535E-01
 1.01158E+01 5.05409E-01 7.19615E-01 9.57808E-01 9.86831E-01
 1.02329E+01 5.05557E-01 7.19827E-01 9.58089E-01 9.87120E-01
 1.03514E+01 5.05702E-01 7.20033E-01 9.58364E-01 9.87403E-01
 1.04713E+01 5.05844E-01 7.20235E-01 9.58632E-01 9.87680E-01
 1.05925E+01 5.05982E-01 7.20432E-01 9.58895E-01 9.87951E-01
 1.07152E+01 5.06118E-01 7.20625E-01 9.59152E-01 9.88215E-01
 1.08393E+01 5.06251E-01 7.20814E-01 9.59403E-01 9.88474E-01
 1.09648E+01 5.06380E-01 7.20998E-01 9.59648E-01 9.88727E-01
 1.10917E+01 5.06507E-01 7.21178E-01 9.59889E-01 9.88974E-01
 1.12202E+01 5.06630E-01 7.21355E-01 9.60123E-01 9.89216E-01
 1.13501E+01 5.06752E-01 7.21527E-01 9.60353E-01 9.89452E-01
 1.14815E+01 5.06870E-01 7.21696E-01 9.60577E-01 9.89683E-01
 1.16145E+01 5.06986E-01 7.21860E-01 9.60796E-01 9.89909E-01
 1.17490E+01 5.07099E-01 7.22021E-01 9.61011E-01 9.90130E-01
 1.18850E+01 5.07209E-01 7.22179E-01 9.61220E-01 9.90346E-01
 1.20226E+01 5.07317E-01 7.22333E-01 9.61425E-01 9.90557E-01
 1.21619E+01 5.07423E-01 7.22483E-01 9.61625E-01 9.90764E-01
 1.23027E+01 5.07526E-01 7.22630E-01 9.61821E-01 9.90965E-01
 1.24451E+01 5.07627E-01 7.22774E-01 9.62013E-01 9.91163E-01
 1.25893E+01 5.07726E-01 7.22915E-01 9.62200E-01 9.91355E-01
 1.27350E+01 5.07823E-01 7.23052E-01 9.62383E-01 9.91544E-01
 1.28825E+01 5.07917E-01 7.23187E-01 9.62562E-01 9.91728E-01
 1.30317E+01 5.08009E-01 7.23318E-01 9.62736E-01 9.91908E-01
 1.31826E+01 5.08100E-01 7.23447E-01 9.62907E-01 9.92084E-01
 1.33352E+01 5.08188E-01 7.23572E-01 9.63074E-01 9.92257E-01
 1.34896E+01 5.08274E-01 7.23695E-01 9.63238E-01 9.92425E-01
 1.36458E+01 5.08358E-01 7.23815E-01 9.63397E-01 9.92589E-01
 1.38038E+01 5.08441E-01 7.23932E-01 9.63553E-01 9.92750E-01
 1.39637E+01 5.08521E-01 7.24047E-01 9.63706E-01 9.92907E-01
 1.41254E+01 5.08600E-01 7.24159E-01 9.63855E-01 9.93061E-01
 1.42889E+01 5.08677E-01 7.24268E-01 9.64001E-01 9.93211E-01
 1.44544E+01 5.08752E-01 7.24375E-01 9.64144E-01 9.93358E-01
 1.46218E+01 5.08825E-01 7.24480E-01 9.64283E-01 9.93502E-01
 1.47911E+01 5.08897E-01 7.24582E-01 9.64419E-01 9.93642E-01
 1.49624E+01 5.08968E-01 7.24682E-01 9.64552E-01 9.93779E-01
 1.51356E+01 5.09036E-01 7.24780E-01 9.64682E-01 9.93913E-01
 1.53109E+01 5.09103E-01 7.24876E-01 9.64809E-01 9.94044E-01
 1.54882E+01 5.09169E-01 7.24969E-01 9.64934E-01 9.94172E-01
 1.56675E+01 5.09233E-01 7.25060E-01 9.65055E-01 9.94297E-01
 1.58489E+01 5.09296E-01 7.25149E-01 9.65174E-01 9.94420E-01
 1.60325E+01 5.09357E-01 7.25237E-01 9.65290E-01 9.94539E-01
 1.62181E+01 5.09417E-01 7.25322E-01 9.65404E-01 9.94656E-01
 1.64059E+01 5.09475E-01 7.25405E-01 9.65514E-01 9.94771E-01
 1.65959E+01 5.09533E-01 7.25487E-01 9.65623E-01 9.94882E-01
 1.67880E+01 5.09588E-01 7.25566E-01 9.65729E-01 9.94991E-01
 1.69824E+01 5.09643E-01 7.25644E-01 9.65832E-01 9.95098E-01
 1.71791E+01 5.09697E-01 7.25720E-01 9.65934E-01 9.95202E-01
 1.73780E+01 5.09749E-01 7.25795E-01 9.66033E-01 9.95304E-01
 1.75792E+01 5.09800E-01 7.25867E-01 9.66129E-01 9.95404E-01
 1.77828E+01 5.09850E-01 7.25938E-01 9.66224E-01 9.95501E-01
 1.79887E+01 5.09898E-01 7.26008E-01 9.66316E-01 9.95597E-01
 1.81970E+01 5.09946E-01 7.26076E-01 9.66407E-01 9.95690E-01
 1.84077E+01 5.09993E-01 7.26142E-01 9.66495E-01 9.95781E-01
 1.86209E+01 5.10038E-01 7.26207E-01 9.66581E-01 9.95870E-01
 1.88365E+01 5.10083E-01 7.26270E-01 9.66666E-01 9.95956E-01
 1.90546E+01 5.10126E-01 7.26332E-01 9.66748E-01 9.96041E-01
 1.92752E+01 5.10169E-01 7.26393E-01 9.66829E-01 9.96124E-01
 1.94984E+01 5.10210E-01 7.26452E-01 9.66907E-01 9.96205E-01
 1.97242E+01 5.10251E-01 7.26510E-01 9.66984E-01 9.96285E-01
 1.99526E+01 5.10291E-01 7.26566E-01 9.67059E-01 9.96362E-01
 2.01837E+01 5.10329E-01 7.26621E-01 9.67133E-01 9.96438E-01
 2.04174E+01 5.10367E-01 7.26675E-01 9.67205E-01 9.96512E-01
 2.06538E+01 5.10404E-01 7.26728E-01 9.67275E-01 9.96584E-01
 2.08930E+01 5.10441E-01 7.26780E-01 9.67344E-01 9.96655E-01
 2.11349E+01 5.10476E-01 7.26830E-01 9.67411E-01 9.96724E-01
 2.13796E+01 5.10511E-01 7.26879E-01 9.67476E-01 9.96792E-01
 2.16272E+01 5.10544E-01 7.26927E-01 9.67540E-01 9.96858E-01
 2.18776E+01 5.10577E-01 7.26974E-01 9.67603E-01 9.96922E-01
 2.21309E+01 5.10610E-01 7.27020E-01 9.67664E-01 9.96985E-01
 2.23872E+01 5.10641E-01 7.27065E-01 9.67724E-01 9.97047E-01
 2.26464E+01 5.10672E-01 7.27109E-01 9.67783E-01 9.97107E-01
 2.29087E+01 5.10702E-01 7.27152E-01 9.67840E-01 9.97166E-01
 2.31739E+01 5.10732E-01 7.27194E-01 9.67896E-01 9.97224E-01
 2.34423E+01 5.10761E-01 7.27235E-01 9.67950E-01 9.97280E-01
 2.37137E+01 5.10789E-01 7.27275E-01 9.68003E-01 9.97335E-01
 2.39883E+01 5.10816E-01 7.27315E-01 9.68056E-01 9.97389E-01
 2.42661E+01 5.10843E-01 7.27353E-01 9.68107E-01 9.97441E-01
 2.45471E+01 5.10869E-01 7.27390E-01 9.68156E-01 9.97492E-01
 2.48313E+01 5.10895E-01 7.27427E-01 9.68205E-01 9.97543E-01
 2.51189E+01 5.10920E-01 7.27463E-01 9.68253E-01 9.97592E-01
 2.54097E+01 5.10945E-01 7.27497E-01 9.68299E-01 9.97640E-01
 2.57040E+01 5.10969E-01 7.27532E-01 9.68345E-01 9.97686E-01
 2.60016E+01 5.10992E-01 7.27565E-01 9.68389E-01 9.97732E-01
 2.63027E+01 5.11015E-01 7.27598E-01 9.68432E-01 9.97777E-01
 2.66073E+01 5.11037E-01 7.27629E-01 9.68475E-01 9.97821E-01
 2.69153E+01 5.11059E-01 7.27661E-01 9.68516E-01 9.97863E-01
 2.72270E+01 5.11081E-01 7.27691E-01 9.68557E-01 9.97905E-01
 2.75423E+01 5.11102E-01 7.27721E-01 9.68596E-01 9.97946E-01
 2.78612E+01 5.11122E-01 7.27750E-01 9.68635E-01 9.97986E-01
 2.81838E+01 5.11142E-01 7.27778E-01 9.68673E-01 9.98025E-01
 2.85102E+01 5.11161E-01 7.27806E-01 9.68710E-01 9.98063E-01
 2.88403E+01 5.11180E-01 7.27833E-01 9.68746E-01 9.98100E-01
 2.91743E+01 5.11199E-01 7.27860E-01 9.68781E-01 9.98136E-01
 2.95121E+01 5.11217E-01 7.27886E-01 9.68816E-01 9.98172E-01
 2.98538E+01 5.11235E-01 7.27911E-01 9.68849E-01 9.98207E-01
 3.01995E+01 5.11253E-01 7.27936E-01 9.68882E-01 9.98241E-01
 3.05492E+01 5.11269E-01 7.27960E-01 9.68915E-01 9.98274E-01
 3.09030E+01 5.11286E-01 7.27984E-01 9.68946E-01 9.98306E-01
 3.12608E+01 5.11302E-01 7.28007E-01 9.68977E-01 9.98338E-01
 3.16228E+01 5.11318E-01 7.28029E-01 9.69007E-01 9.98369E-01
 3.19890E+01 5.11334E-01 7.28051E-01 9.69036E-01 9.98399E-01
 3.23594E+01 5.11349E-01 7.28073E-01 9.69065E-01 9.98429E-01
 3.27341E+01 5.11364E-01 7.28094E-01 9.69093E-01 9.98458E-01
 3.31131E+01 5.11378E-01 7.28115E-01 9.69120E-01 9.98486E-01
 3.34965E+01 5.11392E-01 7.28135E-01 9.69147E-01 9.98513E-01
 3.38844E+01 5.11406E-01 7.28154E-01 9.69173E-01 9.98540E-01
 3.42768E+01 5.11420E-01 7.28174E-01 9.69199E-01 9.98567E-01
 3.46737E+01 5.11433E-01 7.28192E-01 9.69224E-01 9.98592E-01
 3.50752E+01 5.11446E-01 7.28211E-01 9.69248E-01 9.98618E-01
 3.54813E+01 5.11458E-01 7.28229E-01 9.69272E-01 9.98642E-01
 3.58922E+01 5.11471E-01 7.28246E-01 9.69296E-01 9.98666E-01
 3.63078E+01 5.11483E-01 7.28263E-01 9.69319E-01 9.98690E-01
 3.67282E+01 5.11494E-01 7.28280E-01 9.69341E-01 9.98713E-01
 3.71535E+01 5.11506E-01 7.28296E-01 9.69363E-01 9.98735E-01
 3.75837E+01 5.11517E-01 7.28312E-01 9.69384E-01 9.98757E-01
 3.80189E+01 5.11528E-01 7.28328E-01 9.69405E-01 9.98779E-01
 3.84592E+01 5.11539E-01 7.28343E-01 9.69425E-01 9.98800E-01
 3.89045E+01 5.11549E-01 7.28358E-01 9.69445E-01 9.98820E-01
 3.93550E+01 5.11560E-01 7.28373E-01 9.69464E-01 9.98840E-01
 3.98107E+01 5.11570E-01 7.28387E-01 9.69483E-01 9.98860E-01
 4.02717E+01 5.11579E-01 7.28401E-01 9.69502E-01 9.98879E-01
 4.07380E+01 5.11589E-01 7.28415E-01 9.69520E-01 9.98897E-01
 4.12098E+01 5.11598E-01 7.28428E-01 9.69538E-01 9.98916E-01
 4.16869E+01 5.11607E-01 7.28441E-01 9.69555E-01 9.98934E-01
 4.21697E+01 5.11616E-01 7.28454E-01 9.69572E-01 9.98951E-01
 4.26580E+01 5.11625E-01 7.28466E-01 9.69589E-01 9.98968E-01
 4.31519E+01 5.11634E-01 7.28478E-01 9.69605E-01 9.98985E-01
 4.36516E+01 5.11642E-01 7.28490E-01 9.69620E-01 9.99001E-01
 4.41570E+01 5.11650E-01 7.28502E-01 9.69636E-01 9.99017E-01
 4.46684E+01 5.11658E-01 7.28513E-01 9.69651E-01 9.99032E-01
 4.51856E+01 5.11666E-01 7.28524E-01 9.69666E-01 9.99048E-01
 4.57088E+01 5.11673E-01 7.28535E-01 9.69680E-01 9.99062E-01
 4.62381E+01 5.11681E-01 7.28546E-01 9.69694E-01 9.99077E-01
 4.67735E+01 5.11688E-01 7.28556E-01 9.69708E-01 9.99091E-01
 4.73151E+01 5.11695E-01 7.28566E-01 9.69721E-01 9.99105E-01
 4.78630E+01 5.11702E-01 7.28576E-01 9.69735E-01 9.99119E-01
 4.84172E+01 5.11709E-01 7.28586E-01 9.69747E-01 9.99132E-01
 4.89779E+01 5.11716E-01 7.28595E-01 9.69760E-01 9.99145E-01
 4.95450E+01 5.11722E-01 7.28604E-01 9.69772E-01 9.99157E-01
 5.01187E+01 5.11728E-01 7.28613E-01 9.69784E-01 9.99170E-01
 5.06991E+01 5.11735E-01 7.28622E-01 9.69796E-01 9.99182E-01
 5.12861E+01 5.11741E-01 7.28631E-01 9.69807E-01 9.99194E-01
 5.18800E+01 5.11746E-01 7.28639E-01 9.69819E-01 9.99205E-01
 5.24807E+01 5.11752E-01 7.28647E-01 9.69829E-01 9.99216E-01
 5.30884E+01 5.11758E-01 7.28655E-01 9.69840E-01 9.99227E-01
 5.37032E+01 5.11763E-01 7.28663E-01 9.69851E-01 9.99238E-01
 5.43250E+01 5.11769E-01 7.28671E-01 9.69861E-01 9.99249E-01
 5.49541E+01 5.11774E-01 7.28678E-01 9.69871E-01 9.99259E-01
 5.55904E+01 5.11779E-01 7.28686E-01 9.69881E-01 9.99269E-01
 5.62341E+01 5.11784E-01 7.28693E-01 9.69890E-01 9.99279E-01
 5.68853E+01 5.11789E-01 7.28700E-01 9.69899E-01 9.99288E-01
 5.75440E+01 5.11794E-01 7.28707E-01 9.69908E-01 9.99298E-01
 5.82103E+01 5.11799E-01 7.28713E-01 9.69917E-01 9.99307E-01
 5.88844E+01 5.11803E-01 7.28720E-01 9.69926E-01 9.99316E-01
 5.95662E+01 5.11808E-01 7.28726E-01 9.69935E-01 9.99324E-01
 6.02560E+01 5.11812E-01 7.28732E-01 9.69943E-01 9.99333E-01
 6.09537E+01 5.11816E-01 7.28738E-01 9.69951E-01 9.99341E-01
 6.16595E+01 5.11821E-01 7.28744E-01 9.69959E-01 9.99350E-01
 6.23735E+01 5.11825E-01 7.28750E-01 9.69967E-01 9.99358E-01
 6.30957E+01 5.11829E-01 7.28756E-01 9.69974E-01 9.99365E-01
 6.38263E+01 5.11832E-01 7.28761E-01 9.69982E-01 9.99373E-01
 6.45654E+01 5.11836E-01 7.28767E-01 9.69989E-01 9.99380E-01
 6.53131E+01 5.11840E-01 7.28772E-01 9.69996E-01 9.99388E-01
 6.60693E+01 5.11844E-01 7.28777E-01 9.70003E-01 9.99395E-01
 6.68344E+01 5.11847E-01 7.28782E-01 9.70009E-01 9.99402E-01
 6.76083E+01 5.11851E-01 7.28787E-01 9.70016E-01 9.99408E-01
 6.83912E+01 5.11854E-01 7.28792E-01 9.70022E-01 9.99415E-01
 6.91831E+01 5.11857E-01 7.28797E-01 9.70029E-01 9.99422E-01
 6.99842E+01 5.11861E-01 7.28802E-01 9.70035E-01 9.99428E-01
 7.07946E+01 5.11864E-01 7.28806E-01 9.70041E-01 9.99434E-01
 7.16143E+01 5.11867E-01 7.28811E-01 9.70047E-01 9.99440E-01
 7.24436E+01 5.11870E-01 7.28815E-01 9.70053E-01 9.99446E-01
 7.32825E+01 5.11873E-01 7.28819E-01 9.70058E-01 9.99452E-01
 7.41310E+01 5.11876E-01 7.28823E-01 9.70064E-01 9.99458E-01
 7.49894E+01 5.11879E-01 7.28827E-01 9.70069E-01 9.99463E-01
 7.58578E+01 5.11881E-01 7.28831E-01 9.70074E-01 9.99468E-01
 7.67361E+01 5.11884E-01 7.28835E-01 9.70079E-01 9.99474E-01
 7.76247E+01 5.11887E-01 7.28839E-01 9.70084E-01 9.99479E-01
 7.85236E+01 5.11889E-01 7.28842E-01 9.70089E-01 9.99484E-01
 7.94328E+01 5.11892E-01 7.28846E-01 9.70094E-01 9.99489E-01
 8.03526E+01 5.11894E-01 7.28849E-01 9.70099E-01 9.99494E-01
 8.12831E+01 5.11897E-01 7.28853E-01 9.70103E-01 9.99498E-01
 8.22243E+01 5.11899E-01 7.28856E-01 9.70108E-01 9.99503E-01
 8.31764E+01 5.11901E-01 7.28860E-01 9.70112E-01 9.99507E-01
 8.41395E+01 5.11904E-01 7.28863E-01 9.70116E-01 9.99512E-01
 8.51138E+01 5.11906E-01 7.28866E-01 9.70120E-01 9.99516E-01
 8.60994E+01 5.11908E-01 7.28869E-01 9.70125E-01 9.99520E-01
 8.70964E+01 5.11910E-01 7.28872E-01 9.70128E-01 9.99524E-01
 8.81049E+01 5.11912E-01 7.28875E-01 9.70132E-01 9.99528E-01
 8.91251E+01 5.11914E-01 7.28878E-01 9.70136E-01 9.99532E-01
 9.01571E+01 5.11916E-01 7.28880E-01 9.70140E-01 9.99536E-01
 9.12011E+01 5.11918E-01 7.28883E-01 9.70143E-01 9.99540E-01
 9.22571E+01 5.11920E-01 7.28886E-01 9.70147E-01 9.99543E-01
 9.33254E+01 5.11922E-01 7.28888E-01 9.70150E-01 9.99547E-01
 9.44061E+01 5.11923E-01 7.28891E-01 9.70154E-01 9.99550E-01
 9.54993E+01 5.11925E-01 7.28893E-01 9.70157E-01 9.99554E-01
 9.66051E+01 5.11927E-01 7.28896E-01 9.70160E-01 9.99557E-01
 9.77237E+01 5.11929E-01 7.28898E-01 9.70164E-01 9.99560E-01
 9.88553E+01 5.11930E-01 7.28901E-01 9.70167E-01 9.99564E-01
 1.00000E+02 5.11932E-01 7.28903E-01 9.70170E-01 9.99567E-01
