 1.00000E-02 6.86818E-02 9.40434E-02 1.26001E-01 1.30069E-01
 2.00000E-02 6.96275E-02 9.59499E-02 1.28060E-01 1.32410E-01
 3.00000E-02 7.07332E-02 9.75129E-02 1.30501E-01 1.34919E-01
 4.00000E-02 7.17688E-02 9.90510E-02 1.32720E-01 1.37334E-01
 5.00000E-02 7.28559E-02 1.00613E-01 1.35108E-01 1.39783E-01
 6.00000E-02 7.39469E-02 1.02201E-01 1.37499E-01 1.42300E-01
 7.00000E-02 7.50638E-02 1.03846E-01 1.39927E-01 1.44871E-01
 8.00000E-02 7.62155E-02 1.05509E-01 1.42394E-01 1.47484E-01
 9.00000E-02 7.73866E-02 1.07197E-01 1.44911E-01 1.50135E-01
 1.00000E-01 7.85792E-02 1.08917E-01 1.47481E-01 1.52855E-01
 1.10000E-01 7.97986E-02 1.10667E-01 1.50074E-01 1.55609E-01
 1.20000E-01 8.10378E-02 1.12440E-01 1.52723E-01 1.58405E-01
 1.30000E-01 8.22951E-02 1.14239E-01 1.55407E-01 1.61248E-01
 1.40000E-01 8.35744E-02 1.16064E-01 1.58125E-01 1.64137E-01
 1.50000E-01 8.48746E-02 1.17915E-01 1.60881E-01 1.67069E-01
 1.60000E-01 8.61931E-02 1.19789E-01 1.63673E-01 1.70038E-01
 1.70000E-01 8.75306E-02 1.21686E-01 1.66499E-01 1.73045E-01
 1.80000E-01 8.88882E-02 1.23604E-01 1.69355E-01 1.76095E-01
 1.90000E-01 9.02621E-02 1.25540E-01 1.72247E-01 1.79180E-01
 2.00000E-01 9.16529E-02 1.27502E-01 1.75167E-01 1.82300E-01
 2.10000E-01 9.30617E-02 1.29480E-01 1.78117E-01 1.85456E-01
 2.20000E-01 9.44872E-02 1.31477E-01 1.81092E-01 1.88647E-01
 2.30000E-01 9.59283E-02 1.33493E-01 1.84098E-01 1.91871E-01
 2.40000E-01 9.73844E-02 1.35526E-01 1.87127E-01 1.95128E-01
 2.50000E-01 9.88553E-02 1.37573E-01 1.90179E-01 1.98415E-01
 2.60000E-01 1.00340E-01 1.39639E-01 1.93253E-01 2.01728E-01
 2.70000E-01 1.01839E-01 1.41719E-01 1.96348E-01 2.05074E-01
 2.80000E-01 1.03352E-01 1.43812E-01 1.99463E-01 2.08444E-01
 2.90000E-01 1.04878E-01 1.45920E-01 2.02597E-01 2.11841E-01
 3.00000E-01 1.06415E-01 1.48040E-01 2.05746E-01 2.15263E-01
 3.10000E-01 1.07963E-01 1.50173E-01 2.08910E-01 2.18708E-01
 3.20000E-01 1.09525E-01 1.52317E-01 2.12091E-01 2.22175E-01
 3.30000E-01 1.11096E-01 1.54471E-01 2.15284E-01 2.25662E-01
 3.40000E-01 1.12677E-01 1.56636E-01 2.18486E-01 2.29169E-01
 3.50000E-01 1.14269E-01 1.58810E-01 2.21701E-01 2.32694E-01
 3.60000E-01 1.15869E-01 1.60993E-01 2.24922E-01 2.36238E-01
 3.70000E-01 1.17479E-01 1.63185E-01 2.28153E-01 2.39796E-01
 3.80000E-01 1.19097E-01 1.65384E-01 2.31388E-01 2.43371E-01
 3.90000E-01 1.20723E-01 1.67590E-01 2.34631E-01 2.46957E-01
 4.00000E-01 1.22357E-01 1.69802E-01 2.37875E-01 2.50556E-01
 4.10000E-01 1.23997E-01 1.72020E-01 2.41123E-01 2.54166E-01
 4.20000E-01 1.25645E-01 1.74243E-01 2.44372E-01 2.57786E-01
 4.30000E-01 1.27298E-01 1.76471E-01 2.47621E-01 2.61414E-01
 4.40000E-01 1.28958E-01 1.78704E-01 2.50870E-01 2.65050E-01
 4.50000E-01 1.30623E-01 1.80941E-01 2.54117E-01 2.68691E-01
 4.60000E-01 1.32293E-01 1.83180E-01 2.57361E-01 2.72337E-01
 4.70000E-01 1.33967E-01 1.85422E-01 2.60602E-01 2.75987E-01
 4.80000E-01 1.35647E-01 1.87668E-01 2.63840E-01 2.79640E-01
 4.90000E-01 1.37330E-01 1.89914E-01 2.67071E-01 2.83293E-01
 5.00000E-01 1.39016E-01 1.92162E-01 2.70295E-01 2.86947E-01
 5.10000E-01 1.40706E-01 1.94412E-01 2.73515E-01 2.90600E-01
 5.20000E-01 1.42399E-01 1.96662E-01 2.76726E-01 2.94251E-01
 5.30000E-01 1.44094E-01 1.98912E-01 2.79928E-01 2.97899E-01
 5.40000E-01 1.45792E-01 2.01162E-01 2.83122E-01 3.01542E-01
 5.50000E-01 1.47492E-01 2.03412E-01 2.86308E-01 3.05180E-01
 5.60000E-01 1.49193E-01 2.05661E-01 2.89483E-01 3.08811E-01
 5.70000E-01 1.50896E-01 2.07909E-01 2.92647E-01 3.12434E-01
 5.80000E-01 1.52600E-01 2.10155E-01 2.95801E-01 3.16049E-01
 5.90000E-01 1.54304E-01 2.12399E-01 2.98944E-01 3.19654E-01
 6.00000E-01 1.56010E-01 2.14643E-01 3.02074E-01 3.23248E-01
 6.10000E-01 1.57715E-01 2.16882E-01 3.05193E-01 3.26830E-01
 6.20000E-01 1.59421E-01 2.19121E-01 3.08300E-01 3.30399E-01
 6.30000E-01 1.61127E-01 2.21355E-01 3.11393E-01 3.33953E-01
 6.40000E-01 1.62832E-01 2.23587E-01 3.14473E-01 3.37493E-01
 6.50000E-01 1.64536E-01 2.25816E-01 3.17541E-01 3.41016E-01
 6.60000E-01 1.66240E-01 2.28041E-01 3.20595E-01 3.44522E-01
 6.70000E-01 1.67943E-01 2.30262E-01 3.23635E-01 3.48010E-01
 6.80000E-01 1.69645E-01 2.32479E-01 3.26661E-01 3.51479E-01
 6.90000E-01 1.71345E-01 2.34692E-01 3.29674E-01 3.54928E-01
 7.00000E-01 1.73044E-01 2.36900E-01 3.32671E-01 3.58357E-01
 7.10000E-01 1.74741E-01 2.39104E-01 3.35655E-01 3.61765E-01
 7.20000E-01 1.76435E-01 2.41304E-01 3.38624E-01 3.65150E-01
 7.30000E-01 1.78128E-01 2.43498E-01 3.41579E-01 3.68514E-01
 7.40000E-01 1.79819E-01 2.45687E-01 3.44518E-01 3.71855E-01
 7.50000E-01 1.81507E-01 2.47871E-01 3.47444E-01 3.75174E-01
 7.60000E-01 1.83193E-01 2.50050E-01 3.50353E-01 3.78469E-01
 7.70000E-01 1.84875E-01 2.52222E-01 3.53249E-01 3.81741E-01
 7.80000E-01 1.86556E-01 2.54390E-01 3.56129E-01 3.84989E-01
 7.90000E-01 1.88233E-01 2.56551E-01 3.58994E-01 3.88214E-01
 8.00000E-01 1.89906E-01 2.58707E-01 3.61844E-01 3.91416E-01
 8.10000E-01 1.91577E-01 2.60856E-01 3.64679E-01 3.94594E-01
 8.20000E-01 1.93244E-01 2.63000E-01 3.67499E-01 3.97748E-01
 8.30000E-01 1.94908E-01 2.65136E-01 3.70304E-01 4.00880E-01
 8.40000E-01 1.96569E-01 2.67268E-01 3.73094E-01 4.03988E-01
 8.50000E-01 1.98225E-01 2.69392E-01 3.75869E-01 4.07072E-01
 8.60000E-01 1.99878E-01 2.71509E-01 3.78629E-01 4.10134E-01
 8.70000E-01 2.01526E-01 2.73620E-01 3.81373E-01 4.13173E-01
 8.80000E-01 2.03171E-01 2.75725E-01 3.84103E-01 4.16189E-01
 8.90000E-01 2.04812E-01 2.77822E-01 3.86818E-01 4.19182E-01
 9.00000E-01 2.06448E-01 2.79912E-01 3.89518E-01 4.22153E-01
 9.10000E-01 2.08081E-01 2.81996E-01 3.92203E-01 4.25102E-01
 9.20000E-01 2.09708E-01 2.84072E-01 3.94872E-01 4.28028E-01
 9.30000E-01 2.11332E-01 2.86141E-01 3.97528E-01 4.30932E-01
 9.40000E-01 2.12951E-01 2.88204E-01 4.00168E-01 4.33815E-01
 9.50000E-01 2.14565E-01 2.90259E-01 4.02794E-01 4.36677E-01
 9.60000E-01 2.16175E-01 2.92306E-01 4.05405E-01 4.39516E-01
 9.70000E-01 2.17780E-01 2.94346E-01 4.08001E-01 4.42335E-01
 9.80000E-01 2.19380E-01 2.96379E-01 4.10583E-01 4.45133E-01
 9.90000E-01 2.20975E-01 2.98404E-01 4.13151E-01 4.47910E-01
 1.00000E+00 2.22566E-01 3.00422E-01 4.15704E-01 4.50667E-01
 1.01158E+00 2.24401E-01 3.02749E-01 4.18642E-01 4.53833E-01
 1.02329E+00 2.26250E-01 3.05093E-01 4.21595E-01 4.57009E-01
 1.03514E+00 2.28115E-01 3.07453E-01 4.24561E-01 4.60193E-01
 1.04713E+00 2.29993E-01 3.09829E-01 4.27543E-01 4.63387E-01
 1.05925E+00 2.31885E-01 3.12222E-01 4.30538E-01 4.66588E-01
 1.07152E+00 2.33792E-01 3.14630E-01 4.33547E-01 4.69798E-01
 1.08393E+00 2.35712E-01 3.17055E-01 4.36569E-01 4.73016E-01
 1.09648E+00 2.37647E-01 3.19495E-01 4.39605E-01 4.76243E-01
 1.10917E+00 2.39595E-01 3.21951E-01 4.42654E-01 4.79476E-01
 1.12202E+00 2.41557E-01 3.24423E-01 4.45716E-01 4.82717E-01
 1.13501E+00 2.43532E-01 3.26910E-01 4.48791E-01 4.85965E-01
 1.14815E+00 2.45520E-01 3.29412E-01 4.51878E-01 4.89220E-01
 1.16145E+00 2.47522E-01 3.31930E-01 4.54978E-01 4.92482E-01
 1.17490E+00 2.49537E-01 3.34462E-01 4.58089E-01 4.95751E-01
 1.18850E+00 2.51565E-01 3.37009E-01 4.61213E-01 4.99025E-01
 1.20226E+00 2.53606E-01 3.39569E-01 4.64348E-01 5.02306E-01
 1.21619E+00 2.55659E-01 3.42145E-01 4.67494E-01 5.05592E-01
 1.23027E+00 2.57725E-01 3.44735E-01 4.70652E-01 5.08884E-01
 1.24451E+00 2.59804E-01 3.47338E-01 4.73820E-01 5.12182E-01
 1.25893E+00 2.61894E-01 3.49955E-01 4.76999E-01 5.15484E-01
 1.27350E+00 2.63997E-01 3.52585E-01 4.80189E-01 5.18791E-01
 1.28825E+00 2.66112E-01 3.55229E-01 4.83388E-01 5.22103E-01
 1.30317E+00 2.68238E-01 3.57886E-01 4.86597E-01 5.25419E-01
 1.31826E+00 2.70376E-01 3.60555E-01 4.89816E-01 5.28739E-01
 1.33352E+00 2.72525E-01 3.63237E-01 4.93044E-01 5.32063E-01
 1.34896E+00 2.74685E-01 3.65931E-01 4.96281E-01 5.35390E-01
 1.36458E+00 2.76856E-01 3.68637E-01 4.99527E-01 5.38721E-01
 1.38038E+00 2.79038E-01 3.71355E-01 5.02781E-01 5.42055E-01
 1.39637E+00 2.81230E-01 3.74084E-01 5.06043E-01 5.45392E-01
 1.41254E+00 2.83433E-01 3.76824E-01 5.09312E-01 5.48731E-01
 1.42889E+00 2.85645E-01 3.79575E-01 5.12590E-01 5.52072E-01
 1.44544E+00 2.87868E-01 3.82337E-01 5.15874E-01 5.55416E-01
 1.46218E+00 2.90100E-01 3.85109E-01 5.19166E-01 5.58761E-01
 1.47911E+00 2.92341E-01 3.87891E-01 5.22463E-01 5.62108E-01
 1.49624E+00 2.94592E-01 3.90683E-01 5.25768E-01 5.65456E-01
 1.51356E+00 2.96851E-01 3.93485E-01 5.29077E-01 5.68805E-01
 1.53109E+00 2.99119E-01 3.96295E-01 5.32392E-01 5.72154E-01
 1.54882E+00 3.01396E-01 3.99114E-01 5.35713E-01 5.75504E-01
 1.56675E+00 3.03681E-01 4.01942E-01 5.39038E-01 5.78854E-01
 1.58489E+00 3.05973E-01 4.04778E-01 5.42368E-01 5.82204E-01
 1.60325E+00 3.08274E-01 4.07621E-01 5.45702E-01 5.85554E-01
 1.62181E+00 3.10581E-01 4.10472E-01 5.49040E-01 5.88903E-01
 1.64059E+00 3.12896E-01 4.13331E-01 5.52381E-01 5.92251E-01
 1.65959E+00 3.15217E-01 4.16196E-01 5.55725E-01 5.95597E-01
 1.67880E+00 3.17545E-01 4.19067E-01 5.59072E-01 5.98942E-01
 1.69824E+00 3.19880E-01 4.21945E-01 5.62421E-01 6.02285E-01
 1.71791E+00 3.22220E-01 4.24828E-01 5.65772E-01 6.05626E-01
 1.73780E+00 3.24566E-01 4.27717E-01 5.69124E-01 6.08965E-01
 1.75792E+00 3.26917E-01 4.30611E-01 5.72478E-01 6.12301E-01
 1.77828E+00 3.29274E-01 4.33510E-01 5.75832E-01 6.15633E-01
 1.79887E+00 3.31635E-01 4.36413E-01 5.79186E-01 6.18963E-01
 1.81970E+00 3.34001E-01 4.39320E-01 5.82541E-01 6.22289E-01
 1.84077E+00 3.36371E-01 4.42230E-01 5.85895E-01 6.25611E-01
 1.86209E+00 3.38746E-01 4.45144E-01 5.89249E-01 6.28929E-01
 1.88365E+00 3.41123E-01 4.48061E-01 5.92601E-01 6.32243E-01
 1.90546E+00 3.43505E-01 4.50980E-01 5.95951E-01 6.35551E-01
 1.92752E+00 3.45889E-01 4.53902E-01 5.99300E-01 6.38855E-01
 1.94984E+00 3.48276E-01 4.56825E-01 6.02646E-01 6.42154E-01
 1.97242E+00 3.50665E-01 4.59749E-01 6.05990E-01 6.45446E-01
 1.99526E+00 3.53056E-01 4.62675E-01 6.09329E-01 6.48733E-01
 2.01837E+00 3.55450E-01 4.65602E-01 6.12666E-01 6.52014E-01
 2.04174E+00 3.57844E-01 4.68528E-01 6.15999E-01 6.55288E-01
 2.06538E+00 3.60240E-01 4.71455E-01 6.19327E-01 6.58555E-01
 2.08930E+00 3.62637E-01 4.74381E-01 6.22650E-01 6.61815E-01
 2.11349E+00 3.65035E-01 4.77306E-01 6.25967E-01 6.65068E-01
 2.13796E+00 3.67433E-01 4.80230E-01 6.29280E-01 6.68313E-01
 2.16272E+00 3.69830E-01 4.83153E-01 6.32586E-01 6.71550E-01
 2.18776E+00 3.72228E-01 4.86073E-01 6.35886E-01 6.74779E-01
 2.21309E+00 3.74624E-01 4.88991E-01 6.39179E-01 6.77999E-01
 2.23872E+00 3.77020E-01 4.91907E-01 6.42464E-01 6.81210E-01
 2.26464E+00 3.79415E-01 4.94819E-01 6.45742E-01 6.84412E-01
 2.29087E+00 3.81808E-01 4.97728E-01 6.49012E-01 6.87604E-01
 2.31739E+00 3.84199E-01 5.00634E-01 6.52274E-01 6.90787E-01
 2.34423E+00 3.86587E-01 5.03535E-01 6.55526E-01 6.93960E-01
 2.37137E+00 3.88974E-01 5.06432E-01 6.58770E-01 6.97122E-01
 2.39883E+00 3.91357E-01 5.09324E-01 6.62004E-01 7.00273E-01
 2.42661E+00 3.93738E-01 5.12210E-01 6.65227E-01 7.03414E-01
 2.45471E+00 3.96115E-01 5.15092E-01 6.68441E-01 7.06543E-01
 2.48313E+00 3.98488E-01 5.17967E-01 6.71644E-01 7.09661E-01
 2.51189E+00 4.00858E-01 5.20836E-01 6.74835E-01 7.12767E-01
 2.54097E+00 4.03223E-01 5.23699E-01 6.78016E-01 7.15861E-01
 2.57040E+00 4.05583E-01 5.26554E-01 6.81184E-01 7.18942E-01
 2.60016E+00 4.07939E-01 5.29402E-01 6.84340E-01 7.22011E-01
 2.63027E+00 4.10289E-01 5.32243E-01 6.87484E-01 7.25066E-01
 2.66073E+00 4.12635E-01 5.35076E-01 6.90615E-01 7.28109E-01
 2.69153E+00 4.14974E-01 5.37901E-01 6.93732E-01 7.31137E-01
 2.72270E+00 4.17307E-01 5.40717E-01 6.96836E-01 7.34152E-01
 2.75423E+00 4.19635E-01 5.43524E-01 6.99927E-01 7.37153E-01
 2.78612E+00 4.21955E-01 5.46323E-01 7.03003E-01 7.40139E-01
 2.81838E+00 4.24269E-01 5.49111E-01 7.06064E-01 7.43111E-01
 2.85102E+00 4.26576E-01 5.51890E-01 7.09111E-01 7.46068E-01
 2.88403E+00 4.28875E-01 5.54659E-01 7.12142E-01 7.49009E-01
 2.91743E+00 4.31167E-01 5.57418E-01 7.15158E-01 7.51935E-01
 2.95121E+00 4.33451E-01 5.60166E-01 7.18158E-01 7.54845E-01
 2.98538E+00 4.35726E-01 5.62903E-01 7.21143E-01 7.57739E-01
 3.01995E+00 4.37994E-01 5.65629E-01 7.24111E-01 7.60617E-01
 3.05492E+00 4.40253E-01 5.68343E-01 7.27062E-01 7.63478E-01
 3.09030E+00 4.42502E-01 5.71046E-01 7.29997E-01 7.66323E-01
 3.12608E+00 4.44743E-01 5.73737E-01 7.32915E-01 7.69150E-01
 3.16228E+00 4.46975E-01 5.76415E-01 7.35815E-01 7.71960E-01
 3.19890E+00 4.49196E-01 5.79081E-01 7.38698E-01 7.74753E-01
 3.23594E+00 4.51408E-01 5.81735E-01 7.41563E-01 7.77528E-01
 3.27341E+00 4.53610E-01 5.84375E-01 7.44409E-01 7.80285E-01
 3.31131E+00 4.55802E-01 5.87002E-01 7.47238E-01 7.83024E-01
 3.34965E+00 4.57983E-01 5.89616E-01 7.50048E-01 7.85744E-01
 3.38844E+00 4.60154E-01 5.92216E-01 7.52840E-01 7.88446E-01
 3.42768E+00 4.62313E-01 5.94802E-01 7.55612E-01 7.91129E-01
 3.46737E+00 4.64462E-01 5.97374E-01 7.58366E-01 7.93792E-01
 3.50752E+00 4.66599E-01 5.99932E-01 7.61101E-01 7.96437E-01
 3.54813E+00 4.68725E-01 6.02475E-01 7.63816E-01 7.99062E-01
 3.58922E+00 4.70839E-01 6.05004E-01 7.66511E-01 8.01668E-01
 3.63078E+00 4.72940E-01 6.07518E-01 7.69187E-01 8.04254E-01
 3.67282E+00 4.75030E-01 6.10016E-01 7.71843E-01 8.06820E-01
 3.71535E+00 4.77108E-01 6.12500E-01 7.74479E-01 8.09366E-01
 3.75837E+00 4.79173E-01 6.14968E-01 7.77094E-01 8.11891E-01
 3.80189E+00 4.81226E-01 6.17420E-01 7.79690E-01 8.14397E-01
 3.84592E+00 4.83265E-01 6.19857E-01 7.82265E-01 8.16881E-01
 3.89045E+00 4.85292E-01 6.22277E-01 7.84820E-01 8.19345E-01
 3.93550E+00 4.87306E-01 6.24682E-01 7.87354E-01 8.21789E-01
 3.98107E+00 4.89306E-01 6.27070E-01 7.89867E-01 8.24211E-01
 4.02717E+00 4.91293E-01 6.29442E-01 7.92359E-01 8.26613E-01
 4.07380E+00 4.93266E-01 6.31797E-01 7.94831E-01 8.28993E-01
 4.12098E+00 4.95226E-01 6.34135E-01 7.97282E-01 8.31353E-01
 4.16869E+00 4.97171E-01 6.36457E-01 7.99711E-01 8.33691E-01
 4.21697E+00 4.99103E-01 6.38762E-01 8.02120E-01 8.36007E-01
 4.26580E+00 5.01020E-01 6.41049E-01 8.04507E-01 8.38303E-01
 4.31519E+00 5.02923E-01 6.43320E-01 8.06874E-01 8.40576E-01
 4.36516E+00 5.04812E-01 6.45573E-01 8.09219E-01 8.42829E-01
 4.41570E+00 5.06686E-01 6.47809E-01 8.11542E-01 8.45059E-01
 4.46684E+00 5.08545E-01 6.50027E-01 8.13845E-01 8.47268E-01
 4.51856E+00 5.10390E-01 6.52227E-01 8.16126E-01 8.49455E-01
 4.57088E+00 5.12220E-01 6.54410E-01 8.18386E-01 8.51621E-01
 4.62381E+00 5.14034E-01 6.56575E-01 8.20624E-01 8.53765E-01
 4.67735E+00 5.15834E-01 6.58722E-01 8.22841E-01 8.55887E-01
 4.73151E+00 5.17618E-01 6.60851E-01 8.25037E-01 8.57988E-01
 4.78630E+00 5.19388E-01 6.62962E-01 8.27212E-01 8.60066E-01
 4.84172E+00 5.21141E-01 6.65055E-01 8.29365E-01 8.62123E-01
 4.89779E+00 5.22880E-01 6.67129E-01 8.31497E-01 8.64158E-01
 4.95450E+00 5.24602E-01 6.69185E-01 8.33607E-01 8.66172E-01
 5.01187E+00 5.26309E-01 6.71223E-01 8.35696E-01 8.68164E-01
 5.06991E+00 5.28001E-01 6.73242E-01 8.37764E-01 8.70134E-01
 5.12861E+00 5.29676E-01 6.75243E-01 8.39811E-01 8.72082E-01
 5.18800E+00 5.31336E-01 6.77226E-01 8.41837E-01 8.74009E-01
 5.24807E+00 5.32980E-01 6.79189E-01 8.43841E-01 8.75914E-01
 5.30884E+00 5.34608E-01 6.81135E-01 8.45825E-01 8.77798E-01
 5.37032E+00 5.36220E-01 6.83061E-01 8.47787E-01 8.79660E-01
 5.43250E+00 5.37816E-01 6.84969E-01 8.49729E-01 8.81501E-01
 5.49541E+00 5.39396E-01 6.86858E-01 8.51649E-01 8.83321E-01
 5.55904E+00 5.40960E-01 6.88728E-01 8.53549E-01 8.85119E-01
 5.62341E+00 5.42508E-01 6.90579E-01 8.55428E-01 8.86896E-01
 5.68853E+00 5.44039E-01 6.92412E-01 8.57287E-01 8.88652E-01
 5.75440E+00 5.45554E-01 6.94226E-01 8.59124E-01 8.90387E-01
 5.82103E+00 5.47053E-01 6.96021E-01 8.60942E-01 8.92101E-01
 5.88844E+00 5.48536E-01 6.97797E-01 8.62739E-01 8.93794E-01
 5.95662E+00 5.50003E-01 6.99554E-01 8.64515E-01 8.95467E-01
 6.02560E+00 5.51453E-01 7.01293E-01 8.66271E-01 8.97119E-01
 6.09537E+00 5.52887E-01 7.03012E-01 8.68008E-01 8.98750E-01
 6.16595E+00 5.54305E-01 7.04713E-01 8.69724E-01 9.00361E-01
 6.23735E+00 5.55706E-01 7.06395E-01 8.71420E-01 9.01952E-01
 6.30957E+00 5.57092E-01 7.08058E-01 8.73096E-01 9.03522E-01
 6.38263E+00 5.58461E-01 7.09702E-01 8.74752E-01 9.05072E-01
 6.45654E+00 5.59813E-01 7.11328E-01 8.76389E-01 9.06603E-01
 6.53131E+00 5.61150E-01 7.12935E-01 8.78006E-01 9.08113E-01
 6.60693E+00 5.62470E-01 7.14523E-01 8.79604E-01 9.09604E-01
 6.68344E+00 5.63775E-01 7.16092E-01 8.81183E-01 9.11075E-01
 6.76083E+00 5.65063E-01 7.17643E-01 8.82742E-01 9.12527E-01
 6.83912E+00 5.66335E-01 7.19175E-01 8.84283E-01 9.13959E-01
 6.91831E+00 5.67591E-01 7.20689E-01 8.85804E-01 9.15373E-01
 6.99842E+00 5.68831E-01 7.22184E-01 8.87306E-01 9.16767E-01
 7.07946E+00 5.70055E-01 7.23661E-01 8.88790E-01 9.18142E-01
 7.16143E+00 5.71264E-01 7.25119E-01 8.90255E-01 9.19499E-01
 7.24436E+00 5.72456E-01 7.26559E-01 8.91702E-01 9.20837E-01
 7.32825E+00 5.73633E-01 7.27981E-01 8.93130E-01 9.22157E-01
 7.41310E+00 5.74794E-01 7.29384E-01 8.94541E-01 9.23458E-01
 7.49894E+00 5.75939E-01 7.30770E-01 8.95933E-01 9.24741E-01
 7.58578E+00 5.77069E-01 7.32137E-01 8.97307E-01 9.26007E-01
 7.67361E+00 5.78183E-01 7.33486E-01 8.98663E-01 9.27254E-01
 7.76247E+00 5.79282E-01 7.34818E-01 9.00002E-01 9.28484E-01
 7.85236E+00 5.80366E-01 7.36132E-01 9.01323E-01 9.29696E-01
 7.94328E+00 5.81434E-01 7.37428E-01 9.02627E-01 9.30891E-01
 8.03526E+00 5.82488E-01 7.38706E-01 9.03913E-01 9.32068E-01
 8.12831E+00 5.83526E-01 7.39967E-01 9.05182E-01 9.33229E-01
 8.22243E+00 5.84549E-01 7.41210E-01 9.06435E-01 9.34373E-01
 8.31764E+00 5.85558E-01 7.42436E-01 9.07670E-01 9.35500E-01
 8.41395E+00 5.86551E-01 7.43645E-01 9.08889E-01 9.36611E-01
 8.51138E+00 5.87530E-01 7.44837E-01 9.10091E-01 9.37705E-01
 8.60994E+00 5.88495E-01 7.46011E-01 9.11277E-01 9.38783E-01
 8.70964E+00 5.89444E-01 7.47169E-01 9.12446E-01 9.39845E-01
 8.81049E+00 5.90380E-01 7.48310E-01 9.13599E-01 9.40891E-01
 8.91251E+00 5.91302E-01 7.49434E-01 9.14736E-01 9.41921E-01
 9.01571E+00 5.92209E-01 7.50542E-01 9.15858E-01 9.42936E-01
 9.12011E+00 5.93102E-01 7.51633E-01 9.16964E-01 9.43935E-01
 9.22571E+00 5.93982E-01 7.52708E-01 9.18054E-01 9.44919E-01
 9.33254E+00 5.94848E-01 7.53767E-01 9.19128E-01 9.45889E-01
 9.44061E+00 5.95700E-01 7.54810E-01 9.20188E-01 9.46843E-01
 9.54993E+00 5.96538E-01 7.55837E-01 9.21232E-01 9.47782E-01
 9.66051E+00 5.97363E-01 7.56848E-01 9.22261E-01 9.48707E-01
 9.77237E+00 5.98175E-01 7.57844E-01 9.23275E-01 9.49618E-01
 9.88553E+00 5.98974E-01 7.58824E-01 9.24275E-01 9.50514E-01
 1.00000E+01 5.99760E-01 7.59788E-01 9.25260E-01 9.51397E-01
 1.01158E+01 6.00533E-01 7.60738E-01 9.26230E-01 9.52265E-01
 1.02329E+01 6.01294E-01 7.61672E-01 9.27187E-01 9.53120E-01
 1.03514E+01 6.02041E-01 7.62591E-01 9.28129E-01 9.53961E-01
 1.04713E+01 6.02777E-01 7.63496E-01 9.29057E-01 9.54789E-01
 1.05925E+01 6.03500E-01 7.64386E-01 9.29971E-01 9.55604E-01
 1.07152E+01 6.04211E-01 7.65261E-01 9.30872E-01 9.56405E-01
 1.08393E+01 6.04909E-01 7.66123E-01 9.31759E-01 9.57194E-01
 1.09648E+01 6.05596E-01 7.66969E-01 9.32632E-01 9.57970E-01
 1.10917E+01 6.06272E-01 7.67802E-01 9.33493E-01 9.58734E-01
 1.12202E+01 6.06935E-01 7.68621E-01 9.34340E-01 9.59484E-01
 1.13501E+01 6.07587E-01 7.69427E-01 9.35174E-01 9.60223E-01
 1.14815E+01 6.08228E-01 7.70218E-01 9.35995E-01 9.60950E-01
 1.16145E+01 6.08858E-01 7.70997E-01 9.36804E-01 9.61665E-01
 1.17490E+01 6.09476E-01 7.71762E-01 9.37600E-01 9.62367E-01
 1.18850E+01 6.10084E-01 7.72514E-01 9.38383E-01 9.63059E-01
 1.20226E+01 6.10681E-01 7.73253E-01 9.39154E-01 9.63739E-01
 1.21619E+01 6.11267E-01 7.73979E-01 9.39913E-01 9.64407E-01
 1.23027E+01 6.11843E-01 7.74693E-01 9.40660E-01 9.65064E-01
 1.24451E+01 6.12408E-01 7.75394E-01 9.41396E-01 9.65711E-01
 1.25893E+01 6.12964E-01 7.76083E-01 9.42119E-01 9.66346E-01
 1.27350E+01 6.13509E-01 7.76759E-01 9.42831E-01 9.66971E-01
 1.28825E+01 6.14044E-01 7.77424E-01 9.43531E-01 9.67585E-01
 1.30317E+01 6.14570E-01 7.78077E-01 9.44220E-01 9.68189E-01
 1.31826E+01 6.15086E-01 7.78718E-01 9.44898E-01 9.68783E-01
 1.33352E+01 6.15592E-01 7.79347E-01 9.45565E-01 9.69366E-01
 1.34896E+01 6.16089E-01 7.79966E-01 9.46221E-01 9.69939E-01
 1.36458E+01 6.16577E-01 7.80573E-01 9.46866E-01 9.70503E-01
 1.38038E+01 6.17056E-01 7.81169E-01 9.47500E-01 9.71057E-01
 1.39637E+01 6.17526E-01 7.81754E-01 9.48124E-01 9.71601E-01
 1.41254E+01 6.17987E-01 7.82328E-01 9.48737E-01 9.72136E-01
 1.42889E+01 6.18439E-01 7.82892E-01 9.49341E-01 9.72662E-01
 1.44544E+01 6.18883E-01 7.83445E-01 9.49934E-01 9.73178E-01
 1.46218E+01 6.19319E-01 7.83989E-01 9.50517E-01 9.73686E-01
 1.47911E+01 6.19746E-01 7.84521E-01 9.51090E-01 9.74185E-01
 1.49624E+01 6.20165E-01 7.85044E-01 9.51653E-01 9.74674E-01
 1.51356E+01 6.20576E-01 7.85558E-01 9.52207E-01 9.75156E-01
 1.53109E+01 6.20979E-01 7.86061E-01 9.52751E-01 9.75629E-01
 1.54882E+01 6.21374E-01 7.86555E-01 9.53286E-01 9.76093E-01
 1.56675E+01 6.21762E-01 7.87040E-01 9.53812E-01 9.76549E-01
 1.58489E+01 6.22142E-01 7.87515E-01 9.54328E-01 9.76997E-01
 1.60325E+01 6.22515E-01 7.87981E-01 9.54836E-01 9.77438E-01
 1.62181E+01 6.22881E-01 7.88439E-01 9.55335E-01 9.77870E-01
 1.64059E+01 6.23239E-01 7.88887E-01 9.55825E-01 9.78294E-01
 1.65959E+01 6.23591E-01 7.89327E-01 9.56306E-01 9.78711E-01
 1.67880E+01 6.23935E-01 7.89759E-01 9.56779E-01 9.79121E-01
 1.69824E+01 6.24273E-01 7.90182E-01 9.57243E-01 9.79523E-01
 1.71791E+01 6.24604E-01 7.90596E-01 9.57699E-01 9.79918E-01
 1.73780E+01 6.24928E-01 7.91003E-01 9.58147E-01 9.80306E-01
 1.75792E+01 6.25246E-01 7.91402E-01 9.58587E-01 9.80686E-01
 1.77828E+01 6.25558E-01 7.91793E-01 9.59019E-01 9.81060E-01
 1.79887E+01 6.25864E-01 7.92176E-01 9.59443E-01 9.81427E-01
 1.81970E+01 6.26163E-01 7.92552E-01 9.59860E-01 9.81787E-01
 1.84077E+01 6.26457E-01 7.92920E-01 9.60269E-01 9.82141E-01
 1.86209E+01 6.26744E-01 7.93281E-01 9.60670E-01 9.82488E-01
 1.88365E+01 6.27026E-01 7.93634E-01 9.61065E-01 9.82829E-01
 1.90546E+01 6.27302E-01 7.93981E-01 9.61451E-01 9.83164E-01
 1.92752E+01 6.27572E-01 7.94321E-01 9.61831E-01 9.83492E-01
 1.94984E+01 6.27837E-01 7.94654E-01 9.62204E-01 9.83814E-01
 1.97242E+01 6.28097E-01 7.94980E-01 9.62570E-01 9.84131E-01
 1.99526E+01 6.28351E-01 7.95300E-01 9.62929E-01 9.84441E-01
 2.01837E+01 6.28601E-01 7.95613E-01 9.63281E-01 9.84746E-01
 2.04174E+01 6.28845E-01 7.95920E-01 9.63626E-01 9.85045E-01
 2.06538E+01 6.29084E-01 7.96221E-01 9.63966E-01 9.85339E-01
 2.08930E+01 6.29318E-01 7.96515E-01 9.64298E-01 9.85627E-01
 2.11349E+01 6.29547E-01 7.96804E-01 9.64625E-01 9.85909E-01
 2.13796E+01 6.29772E-01 7.97086E-01 9.64945E-01 9.86187E-01
 2.16272E+01 6.29992E-01 7.97363E-01 9.65259E-01 9.86459E-01
 2.18776E+01 6.30208E-01 7.97635E-01 9.65567E-01 9.86726E-01
 2.21309E+01 6.30419E-01 7.97900E-01 9.65869E-01 9.86988E-01
 2.23872E+01 6.30625E-01 7.98161E-01 9.66166E-01 9.87245E-01
 2.26464E+01 6.30828E-01 7.98415E-01 9.66456E-01 9.87497E-01
 2.29087E+01 6.31026E-01 7.98665E-01 9.66742E-01 9.87744E-01
 2.31739E+01 6.31220E-01 7.98909E-01 9.67021E-01 9.87987E-01
 2.34423E+01 6.31410E-01 7.99149E-01 9.67295E-01 9.88225E-01
 2.37137E+01 6.31596E-01 7.99383E-01 9.67564E-01 9.88458E-01
 2.39883E+01 6.31778E-01 7.99613E-01 9.67827E-01 9.88687E-01
 2.42661E+01 6.31957E-01 7.99838E-01 9.68086E-01 9.88912E-01
 2.45471E+01 6.32131E-01 8.00058E-01 9.68339E-01 9.89133E-01
 2.48313E+01 6.32302E-01 8.00273E-01 9.68587E-01 9.89349E-01
 2.51189E+01 6.32470E-01 8.00484E-01 9.68831E-01 9.89561E-01
 2.54097E+01 6.32634E-01 8.00691E-01 9.69069E-01 9.89769E-01
 2.57040E+01 6.32794E-01 8.00893E-01 9.69303E-01 9.89973E-01
 2.60016E+01 6.32951E-01 8.01091E-01 9.69532E-01 9.90173E-01
 2.63027E+01 6.33105E-01 8.01285E-01 9.69757E-01 9.90369E-01
 2.66073E+01 6.33255E-01 8.01475E-01 9.69977E-01 9.90561E-01
 2.69153E+01 6.33402E-01 8.01661E-01 9.70192E-01 9.90750E-01
 2.72270E+01 6.33546E-01 8.01842E-01 9.70404E-01 9.90935E-01
 2.75423E+01 6.33688E-01 8.02020E-01 9.70611E-01 9.91116E-01
 2.78612E+01 6.33826E-01 8.02195E-01 9.70814E-01 9.91294E-01
 2.81838E+01 6.33961E-01 8.02365E-01 9.71012E-01 9.91468E-01
 2.85102E+01 6.34093E-01 8.02532E-01 9.71207E-01 9.91639E-01
 2.88403E+01 6.34222E-01 8.02696E-01 9.71398E-01 9.91807E-01
 2.91743E+01 6.34349E-01 8.02855E-01 9.71585E-01 9.91971E-01
 2.95121E+01 6.34473E-01 8.03012E-01 9.71768E-01 9.92132E-01
 2.98538E+01 6.34594E-01 8.03165E-01 9.71947E-01 9.92290E-01
 3.01995E+01 6.34713E-01 8.03315E-01 9.72123E-01 9.92445E-01
 3.05492E+01 6.34829E-01 8.03462E-01 9.72295E-01 9.92597E-01
 3.09030E+01 6.34943E-01 8.03605E-01 9.72463E-01 9.92745E-01
 3.12608E+01 6.35054E-01 8.03746E-01 9.72628E-01 9.92891E-01
 3.16228E+01 6.35163E-01 8.03883E-01 9.72790E-01 9.93034E-01
 3.19890E+01 6.35270E-01 8.04018E-01 9.72948E-01 9.93174E-01
 3.23594E+01 6.35374E-01 8.04150E-01 9.73103E-01 9.93312E-01
 3.27341E+01 6.35476E-01 8.04278E-01 9.73255E-01 9.93446E-01
 3.31131E+01 6.35576E-01 8.04404E-01 9.73404E-01 9.93578E-01
 3.34965E+01 6.35673E-01 8.04528E-01 9.73549E-01 9.93708E-01
 3.38844E+01 6.35769E-01 8.04648E-01 9.73692E-01 9.93835E-01
 3.42768E+01 6.35862E-01 8.04766E-01 9.73831E-01 9.93959E-01
 3.46737E+01 6.35954E-01 8.04882E-01 9.73968E-01 9.94081E-01
 3.50752E+01 6.36043E-01 8.04995E-01 9.74101E-01 9.94200E-01
 3.54813E+01 6.36130E-01 8.05106E-01 9.74232E-01 9.94317E-01
 3.58922E+01 6.36216E-01 8.05214E-01 9.74360E-01 9.94431E-01
 3.63078E+01 6.36300E-01 8.05320E-01 9.74486E-01 9.94544E-01
 3.67282E+01 6.36382E-01 8.05423E-01 9.74609E-01 9.94654E-01
 3.71535E+01 6.36462E-01 8.05524E-01 9.74729E-01 9.94762E-01
 3.75837E+01 6.36540E-01 8.05623E-01 9.74847E-01 9.94867E-01
 3.80189E+01 6.36617E-01 8.05720E-01 9.74962E-01 9.94971E-01
 3.84592E+01 6.36692E-01 8.05815E-01 9.75074E-01 9.95072E-01
 3.89045E+01 6.36765E-01 8.05908E-01 9.75185E-01 9.95172E-01
 3.93550E+01 6.36837E-01 8.05999E-01 9.75293E-01 9.95269E-01
 3.98107E+01 6.36907E-01 8.06088E-01 9.75398E-01 9.95364E-01
 4.02717E+01 6.36976E-01 8.06174E-01 9.75502E-01 9.95458E-01
 4.07380E+01 6.37043E-01 8.06259E-01 9.75603E-01 9.95549E-01
 4.12098E+01 6.37109E-01 8.06342E-01 9.75702E-01 9.95639E-01
 4.16869E+01 6.37173E-01 8.06424E-01 9.75799E-01 9.95727E-01
 4.21697E+01 6.37236E-01 8.06503E-01 9.75894E-01 9.95813E-01
 4.26580E+01 6.37298E-01 8.06581E-01 9.75986E-01 9.95898E-01
 4.31519E+01 6.37358E-01 8.06657E-01 9.76077E-01 9.95980E-01
 4.36516E+01 6.37417E-01 8.06731E-01 9.76166E-01 9.96061E-01
 4.41570E+01 6.37474E-01 8.06804E-01 9.76253E-01 9.96140E-01
 4.46684E+01 6.37530E-01 8.06875E-01 9.76338E-01 9.96218E-01
 4.51856E+01 6.37585E-01 8.06945E-01 9.76421E-01 9.96294E-01
 4.57088E+01 6.37639E-01 8.07013E-01 9.76503E-01 9.96369E-01
 4.62381E+01 6.37692E-01 8.07079E-01 9.76582E-01 9.96442E-01
 4.67735E+01 6.37743E-01 8.07145E-01 9.76660E-01 9.96513E-01
 4.73151E+01 6.37794E-01 8.07208E-01 9.76737E-01 9.96583E-01
 4.78630E+01 6.37843E-01 8.07271E-01 9.76811E-01 9.96652E-01
 4.84172E+01 6.37891E-01 8.07331E-01 9.76884E-01 9.96719E-01
 4.89779E+01 6.37938E-01 8.07391E-01 9.76955E-01 9.96785E-01
 4.95450E+01 6.37984E-01 8.07449E-01 9.77025E-01 9.96849E-01
 5.01187E+01 6.38029E-01 8.07506E-01 9.77094E-01 9.96912E-01
 5.06991E+01 6.38073E-01 8.07562E-01 9.77160E-01 9.96974E-01
 5.12861E+01 6.38116E-01 8.07616E-01 9.77226E-01 9.97034E-01
 5.18800E+01 6.38158E-01 8.07670E-01 9.77290E-01 9.97094E-01
 5.24807E+01 6.38200E-01 8.07722E-01 9.77352E-01 9.97152E-01
 5.30884E+01 6.38240E-01 8.07773E-01 9.77413E-01 9.97209E-01
 5.37032E+01 6.38279E-01 8.07822E-01 9.77473E-01 9.97264E-01
 5.43250E+01 6.38318E-01 8.07871E-01 9.77532E-01 9.97319E-01
 5.49541E+01 6.38355E-01 8.07919E-01 9.77589E-01 9.97372E-01
 5.55904E+01 6.38392E-01 8.07965E-01 9.77645E-01 9.97424E-01
 5.62341E+01 6.38428E-01 8.08011E-01 9.77700E-01 9.97475E-01
 5.68853E+01 6.38463E-01 8.08056E-01 9.77753E-01 9.97525E-01
 5.75440E+01 6.38498E-01 8.08099E-01 9.77806E-01 9.97574E-01
 5.82103E+01 6.38531E-01 8.08142E-01 9.77857E-01 9.97622E-01
 5.88844E+01 6.38564E-01 8.08183E-01 9.77907E-01 9.97669E-01
 5.95662E+01 6.38597E-01 8.08224E-01 9.77956E-01 9.97715E-01
 6.02560E+01 6.38628E-01 8.08264E-01 9.78004E-01 9.97761E-01
 6.09537E+01 6.38659E-01 8.08303E-01 9.78051E-01 9.97805E-01
 6.16595E+01 6.38689E-01 8.08341E-01 9.78097E-01 9.97848E-01
 6.23735E+01 6.38718E-01 8.08378E-01 9.78141E-01 9.97890E-01
 6.30957E+01 6.38747E-01 8.08414E-01 9.78185E-01 9.97931E-01
 6.38263E+01 6.38775E-01 8.08450E-01 9.78228E-01 9.97972E-01
 6.45654E+01 6.38803E-01 8.08485E-01 9.78270E-01 9.98012E-01
 6.53131E+01 6.38830E-01 8.08519E-01 9.78311E-01 9.98050E-01
 6.60693E+01 6.38856E-01 8.08552E-01 9.78351E-01 9.98088E-01
 6.68344E+01 6.38882E-01 8.08585E-01 9.78390E-01 9.98126E-01
 6.76083E+01 6.38907E-01 8.08616E-01 9.78428E-01 9.98162E-01
 6.83912E+01 6.38931E-01 8.08647E-01 9.78466E-01 9.98198E-01
 6.91831E+01 6.38955E-01 8.08678E-01 9.78503E-01 9.98233E-01
 6.99842E+01 6.38979E-01 8.08708E-01 9.78538E-01 9.98267E-01
 7.07946E+01 6.39002E-01 8.08737E-01 9.78573E-01 9.98300E-01
 7.16143E+01 6.39024E-01 8.08765E-01 9.78608E-01 9.98333E-01
 7.24436E+01 6.39046E-01 8.08793E-01 9.78641E-01 9.98365E-01
 7.32825E+01 6.39068E-01 8.08820E-01 9.78674E-01 9.98396E-01
 7.41310E+01 6.39089E-01 8.08846E-01 9.78706E-01 9.98427E-01
 7.49894E+01 6.39109E-01 8.08872E-01 9.78737E-01 9.98457E-01
 7.58578E+01 6.39129E-01 8.08898E-01 9.78768E-01 9.98486E-01
 7.67361E+01 6.39149E-01 8.08923E-01 9.78798E-01 9.98515E-01
 7.76247E+01 6.39168E-01 8.08947E-01 9.78827E-01 9.98543E-01
 7.85236E+01 6.39187E-01 8.08971E-01 9.78856E-01 9.98571E-01
 7.94328E+01 6.39205E-01 8.08994E-01 9.78884E-01 9.98598E-01
 8.03526E+01 6.39223E-01 8.09016E-01 9.78911E-01 9.98624E-01
 8.12831E+01 6.39240E-01 8.09039E-01 9.78938E-01 9.98650E-01
 8.22243E+01 6.39257E-01 8.09060E-01 9.78964E-01 9.98675E-01
 8.31764E+01 6.39274E-01 8.09081E-01 9.78989E-01 9.98700E-01
 8.41395E+01 6.39290E-01 8.09102E-01 9.79014E-01 9.98724E-01
 8.51138E+01 6.39306E-01 8.09122E-01 9.79039E-01 9.98747E-01
 8.60994E+01 6.39322E-01 8.09142E-01 9.79063E-01 9.98771E-01
 8.70964E+01 6.39337E-01 8.09161E-01 9.79086E-01 9.98793E-01
 8.81049E+01 6.39352E-01 8.09180E-01 9.79109E-01 9.98815E-01
 8.91251E+01 6.39367E-01 8.09199E-01 9.79131E-01 9.98837E-01
 9.01571E+01 6.39381E-01 8.09217E-01 9.79153E-01 9.98858E-01
 9.12011E+01 6.39395E-01 8.09235E-01 9.79174E-01 9.98879E-01
 9.22571E+01 6.39409E-01 8.09252E-01 9.79195E-01 9.98899E-01
 9.33254E+01 6.39422E-01 8.09269E-01 9.79216E-01 9.98919E-01
 9.44061E+01 6.39435E-01 8.09285E-01 9.79236E-01 9.98939E-01
 9.54993E+01 6.39448E-01 8.09301E-01 9.79255E-01 9.98958E-01
 9.66051E+01 6.39460E-01 8.09317E-01 9.79274E-01 9.98976E-01
 9.77237E+01 6.39473E-01 8.09332E-01 9.79293E-01 9.98995E-01
 9.88553E+01 6.39484E-01 8.09348E-01 9.79311E-01 9.99012E-01
 1.00000E+02 6.39496E-01 8.09362E-01 9.79329E-01 9.99030E-01
