 1.00000E-02 1.71563E-01 2.00171E-01 2.29041E-01 2.32452E-01
 2.00000E-02 1.77374E-01 2.07143E-01 2.37368E-01 2.40974E-01
 3.00000E-02 1.83706E-01 2.14642E-01 2.46251E-01 2.50045E-01
 4.00000E-02 1.90473E-01 2.22576E-01 2.55569E-01 2.59554E-01
 5.00000E-02 1.97589E-01 2.30855E-01 2.65225E-01 2.69399E-01
 6.00000E-02 2.04986E-01 2.39402E-01 2.75129E-01 2.79495E-01
 7.00000E-02 2.12598E-01 2.48146E-01 2.85206E-01 2.89764E-01
 8.00000E-02 2.20370E-01 2.57028E-01 2.95392E-01 3.00139E-01
 9.00000E-02 2.28253E-01 2.65997E-01 3.05631E-01 3.10566E-01
 1.00000E-01 2.36205E-01 2.75011E-01 3.15877E-01 3.20996E-01
 1.10000E-01 2.44192E-01 2.84032E-01 3.26090E-01 3.31389E-01
 1.20000E-01 2.52183E-01 2.93030E-01 3.36237E-01 3.41713E-01
 1.30000E-01 2.60153E-01 3.01981E-01 3.46292E-01 3.51939E-01
 1.40000E-01 2.68083E-01 3.10863E-01 3.56234E-01 3.62047E-01
 1.50000E-01 2.75956E-01 3.19660E-01 3.66046E-01 3.72018E-01
 1.60000E-01 2.83757E-01 3.28359E-01 3.75713E-01 3.81838E-01
 1.70000E-01 2.91477E-01 3.36950E-01 3.85224E-01 3.91495E-01
 1.80000E-01 2.99107E-01 3.45423E-01 3.94573E-01 4.00981E-01
 1.90000E-01 3.06639E-01 3.53773E-01 4.03752E-01 4.10290E-01
 2.00000E-01 3.14068E-01 3.61993E-01 4.12757E-01 4.19417E-01
 2.10000E-01 3.21389E-01 3.70082E-01 4.21586E-01 4.28359E-01
 2.20000E-01 3.28600E-01 3.78035E-01 4.30237E-01 4.37114E-01
 2.30000E-01 3.35697E-01 3.85851E-01 4.38708E-01 4.45681E-01
 2.40000E-01 3.42680E-01 3.93530E-01 4.47002E-01 4.54061E-01
 2.50000E-01 3.49546E-01 4.01070E-01 4.55117E-01 4.62255E-01
 2.60000E-01 3.56296E-01 4.08471E-01 4.63057E-01 4.70264E-01
 2.70000E-01 3.62929E-01 4.15735E-01 4.70823E-01 4.78091E-01
 2.80000E-01 3.69446E-01 4.22863E-01 4.78417E-01 4.85738E-01
 2.90000E-01 3.75846E-01 4.29855E-01 4.85842E-01 4.93208E-01
 3.00000E-01 3.82131E-01 4.36713E-01 4.93101E-01 5.00504E-01
 3.10000E-01 3.88302E-01 4.43439E-01 5.00198E-01 5.07630E-01
 3.20000E-01 3.94360E-01 4.50035E-01 5.07134E-01 5.14590E-01
 3.30000E-01 4.00307E-01 4.56503E-01 5.13915E-01 5.21386E-01
 3.40000E-01 4.06143E-01 4.62845E-01 5.20543E-01 5.28023E-01
 3.50000E-01 4.11871E-01 4.69063E-01 5.27023E-01 5.34505E-01
 3.60000E-01 4.17492E-01 4.75160E-01 5.33356E-01 5.40836E-01
 3.70000E-01 4.23008E-01 4.81138E-01 5.39548E-01 5.47019E-01
 3.80000E-01 4.28420E-01 4.86999E-01 5.45601E-01 5.53058E-01
 3.90000E-01 4.33731E-01 4.92746E-01 5.51519E-01 5.58957E-01
 4.00000E-01 4.38942E-01 4.98381E-01 5.57305E-01 5.64720E-01
 4.10000E-01 4.44055E-01 5.03907E-01 5.62963E-01 5.70351E-01
 4.20000E-01 4.49072E-01 5.09325E-01 5.68496E-01 5.75852E-01
 4.30000E-01 4.53994E-01 5.14639E-01 5.73908E-01 5.81228E-01
 4.40000E-01 4.58824E-01 5.19851E-01 5.79202E-01 5.86482E-01
 4.50000E-01 4.63563E-01 5.24963E-01 5.84380E-01 5.91617E-01
 4.60000E-01 4.68213E-01 5.29976E-01 5.89446E-01 5.96637E-01
 4.70000E-01 4.72775E-01 5.34894E-01 5.94403E-01 6.01545E-01
 4.80000E-01 4.77427E-01 5.39719E-01 5.99254E-01 6.06344E-01
 4.90000E-01 4.83026E-01 5.44452E-01 6.04002E-01 6.11036E-01
 5.00000E-01 4.88498E-01 5.49560E-01 6.08649E-01 6.15626E-01
 5.10000E-01 4.93844E-01 5.55575E-01 6.13198E-01 6.20115E-01
 5.20000E-01 4.99069E-01 5.61453E-01 6.17652E-01 6.24507E-01
 5.30000E-01 5.04174E-01 5.67196E-01 6.23916E-01 6.30155E-01
 5.40000E-01 5.09163E-01 5.72809E-01 6.30090E-01 6.36390E-01
 5.50000E-01 5.14038E-01 5.78293E-01 6.36122E-01 6.42484E-01
 5.60000E-01 5.18802E-01 5.83652E-01 6.42018E-01 6.48438E-01
 5.70000E-01 5.23457E-01 5.88890E-01 6.47779E-01 6.54256E-01
 5.80000E-01 5.28007E-01 5.94008E-01 6.53408E-01 6.59943E-01
 5.90000E-01 5.32453E-01 5.99009E-01 6.58910E-01 6.65499E-01
 6.00000E-01 5.36798E-01 6.03897E-01 6.64287E-01 6.70930E-01
 6.10000E-01 5.41044E-01 6.08675E-01 6.69542E-01 6.76238E-01
 6.20000E-01 5.45195E-01 6.13344E-01 6.74678E-01 6.81425E-01
 6.30000E-01 5.49251E-01 6.17907E-01 6.79698E-01 6.86495E-01
 6.40000E-01 5.53216E-01 6.22368E-01 6.84605E-01 6.91451E-01
 6.50000E-01 5.57092E-01 6.26728E-01 6.89401E-01 6.96295E-01
 6.60000E-01 5.60880E-01 6.30990E-01 6.94090E-01 7.01030E-01
 6.70000E-01 5.64584E-01 6.35157E-01 6.98673E-01 7.05660E-01
 6.80000E-01 5.68205E-01 6.39231E-01 7.03154E-01 7.10185E-01
 6.90000E-01 5.71745E-01 6.43213E-01 7.07535E-01 7.14610E-01
 7.00000E-01 5.75206E-01 6.47107E-01 7.11818E-01 7.18936E-01
 7.10000E-01 5.78591E-01 6.50915E-01 7.16006E-01 7.23166E-01
 7.20000E-01 5.81901E-01 6.54638E-01 7.20102E-01 7.27303E-01
 7.30000E-01 5.85137E-01 6.58279E-01 7.24107E-01 7.31348E-01
 7.40000E-01 5.88302E-01 6.61840E-01 7.28024E-01 7.35305E-01
 7.50000E-01 5.91398E-01 6.65323E-01 7.31856E-01 7.39174E-01
 7.60000E-01 5.94427E-01 6.68730E-01 7.35603E-01 7.42959E-01
 7.70000E-01 5.97389E-01 6.72062E-01 7.39269E-01 7.46661E-01
 7.80000E-01 6.00287E-01 6.75323E-01 7.42855E-01 7.50283E-01
 7.90000E-01 6.03122E-01 6.78512E-01 7.46363E-01 7.53827E-01
 8.00000E-01 6.05896E-01 6.81633E-01 7.49796E-01 7.57294E-01
 8.10000E-01 6.08610E-01 6.84687E-01 7.53155E-01 7.60687E-01
 8.20000E-01 6.11267E-01 6.87675E-01 7.56442E-01 7.64007E-01
 8.30000E-01 6.13866E-01 6.90599E-01 7.59659E-01 7.67256E-01
 8.40000E-01 6.16410E-01 6.93462E-01 7.62808E-01 7.70436E-01
 8.50000E-01 6.18901E-01 6.96264E-01 7.65890E-01 7.73549E-01
 8.60000E-01 6.21339E-01 6.99006E-01 7.68907E-01 7.76596E-01
 8.70000E-01 6.23726E-01 7.01691E-01 7.71860E-01 7.79579E-01
 8.80000E-01 6.26062E-01 7.04320E-01 7.74752E-01 7.82500E-01
 8.90000E-01 6.28350E-01 7.06894E-01 7.77584E-01 7.85360E-01
 9.00000E-01 6.30591E-01 7.09415E-01 7.80356E-01 7.88160E-01
 9.10000E-01 6.32785E-01 7.11884E-01 7.83072E-01 7.90903E-01
 9.20000E-01 6.34935E-01 7.14301E-01 7.85732E-01 7.93589E-01
 9.30000E-01 6.37040E-01 7.16670E-01 7.88337E-01 7.96220E-01
 9.40000E-01 6.39102E-01 7.18990E-01 7.90889E-01 7.98798E-01
 9.50000E-01 6.41122E-01 7.21263E-01 7.93389E-01 8.01323E-01
 9.60000E-01 6.43102E-01 7.23490E-01 7.95838E-01 8.03797E-01
 9.70000E-01 6.45041E-01 7.25672E-01 7.98239E-01 8.06221E-01
 9.80000E-01 6.46942E-01 7.27810E-01 8.00591E-01 8.08597E-01
 9.90000E-01 6.48805E-01 7.29906E-01 8.02896E-01 8.10925E-01
 1.00000E+00 6.50631E-01 7.31960E-01 8.05156E-01 8.13207E-01
 1.01158E+00 6.52700E-01 7.34288E-01 8.07717E-01 8.15794E-01
 1.02329E+00 6.54746E-01 7.36589E-01 8.10248E-01 8.18350E-01
 1.03514E+00 6.56767E-01 7.38863E-01 8.12749E-01 8.20877E-01
 1.04713E+00 6.58765E-01 7.41110E-01 8.15221E-01 8.23374E-01
 1.05925E+00 6.60739E-01 7.43331E-01 8.17664E-01 8.25841E-01
 1.07152E+00 6.62689E-01 7.45525E-01 8.20077E-01 8.28278E-01
 1.08393E+00 6.64615E-01 7.47692E-01 8.22461E-01 8.30685E-01
 1.09648E+00 6.66517E-01 7.49832E-01 8.24815E-01 8.33063E-01
 1.10917E+00 6.68396E-01 7.51945E-01 8.27140E-01 8.35411E-01
 1.12202E+00 6.70251E-01 7.54032E-01 8.29435E-01 8.37730E-01
 1.13501E+00 6.72082E-01 7.56093E-01 8.31702E-01 8.40019E-01
 1.14815E+00 6.73890E-01 7.58127E-01 8.33939E-01 8.42279E-01
 1.16145E+00 6.75675E-01 7.60134E-01 8.36148E-01 8.44509E-01
 1.17490E+00 6.77436E-01 7.62116E-01 8.38328E-01 8.46711E-01
 1.18850E+00 6.79175E-01 7.64071E-01 8.40479E-01 8.48883E-01
 1.20226E+00 6.80890E-01 7.66001E-01 8.42601E-01 8.51027E-01
 1.21619E+00 6.82582E-01 7.67905E-01 8.44695E-01 8.53142E-01
 1.23027E+00 6.84251E-01 7.69782E-01 8.46761E-01 8.55228E-01
 1.24451E+00 6.85898E-01 7.71635E-01 8.48798E-01 8.57286E-01
 1.25893E+00 6.87522E-01 7.73462E-01 8.50808E-01 8.59316E-01
 1.27350E+00 6.89123E-01 7.75264E-01 8.52790E-01 8.61318E-01
 1.28825E+00 6.90702E-01 7.77040E-01 8.54744E-01 8.63292E-01
 1.30317E+00 6.92260E-01 7.78792E-01 8.56671E-01 8.65238E-01
 1.31826E+00 6.93795E-01 7.80519E-01 8.58571E-01 8.67157E-01
 1.33352E+00 6.95308E-01 7.82222E-01 8.60444E-01 8.69049E-01
 1.34896E+00 6.96800E-01 7.83900E-01 8.62290E-01 8.70913E-01
 1.36458E+00 6.98271E-01 7.85554E-01 8.64110E-01 8.72751E-01
 1.38038E+00 6.99720E-01 7.87185E-01 8.65903E-01 8.74562E-01
 1.39637E+00 7.01148E-01 7.88791E-01 8.67671E-01 8.76347E-01
 1.41254E+00 7.02555E-01 7.90375E-01 8.69412E-01 8.78106E-01
 1.42889E+00 7.03942E-01 7.91934E-01 8.71128E-01 8.79839E-01
 1.44544E+00 7.05308E-01 7.93471E-01 8.72818E-01 8.81547E-01
 1.46218E+00 7.06654E-01 7.94985E-01 8.74484E-01 8.83229E-01
 1.47911E+00 7.07979E-01 7.96477E-01 8.76124E-01 8.84886E-01
 1.49624E+00 7.09285E-01 7.97946E-01 8.77740E-01 8.86518E-01
 1.51356E+00 7.10571E-01 7.99393E-01 8.79332E-01 8.88125E-01
 1.53109E+00 7.11838E-01 8.00818E-01 8.80900E-01 8.89709E-01
 1.54882E+00 7.13086E-01 8.02222E-01 8.82444E-01 8.91268E-01
 1.56675E+00 7.14314E-01 8.03604E-01 8.83964E-01 8.92804E-01
 1.58489E+00 7.15524E-01 8.04965E-01 8.85461E-01 8.94316E-01
 1.60325E+00 7.16716E-01 8.06305E-01 8.86935E-01 8.95805E-01
 1.62181E+00 7.17888E-01 8.07624E-01 8.88387E-01 8.97271E-01
 1.64059E+00 7.19043E-01 8.08924E-01 8.89816E-01 8.98714E-01
 1.65959E+00 7.20180E-01 8.10203E-01 8.91223E-01 9.00135E-01
 1.67880E+00 7.21300E-01 8.11462E-01 8.92608E-01 9.01534E-01
 1.69824E+00 7.22401E-01 8.12702E-01 8.93972E-01 9.02911E-01
 1.71791E+00 7.23486E-01 8.13922E-01 8.95314E-01 9.04267E-01
 1.73780E+00 7.24554E-01 8.15123E-01 8.96635E-01 9.05602E-01
 1.75792E+00 7.25605E-01 8.16305E-01 8.97936E-01 9.06915E-01
 1.77828E+00 7.26639E-01 8.17469E-01 8.99216E-01 9.08208E-01
 1.79887E+00 7.27657E-01 8.18615E-01 9.00476E-01 9.09481E-01
 1.81970E+00 7.28660E-01 8.19742E-01 9.01716E-01 9.10733E-01
 1.84077E+00 7.29646E-01 8.20852E-01 9.02937E-01 9.11966E-01
 1.86209E+00 7.30617E-01 8.21944E-01 9.04138E-01 9.13179E-01
 1.88365E+00 7.31572E-01 8.23018E-01 9.05320E-01 9.14374E-01
 1.90546E+00 7.32512E-01 8.24076E-01 9.06484E-01 9.15549E-01
 1.92752E+00 7.33438E-01 8.25117E-01 9.07629E-01 9.16705E-01
 1.94984E+00 7.34348E-01 8.26142E-01 9.08756E-01 9.17843E-01
 1.97242E+00 7.35244E-01 8.27150E-01 9.09865E-01 9.18964E-01
 1.99526E+00 7.36126E-01 8.28142E-01 9.10956E-01 9.20066E-01
 2.01837E+00 7.36994E-01 8.29119E-01 9.12030E-01 9.21151E-01
 2.04174E+00 7.37848E-01 8.30079E-01 9.13087E-01 9.22218E-01
 2.06538E+00 7.38689E-01 8.31025E-01 9.14128E-01 9.23269E-01
 2.08930E+00 7.39516E-01 8.31956E-01 9.15151E-01 9.24303E-01
 2.11349E+00 7.40330E-01 8.32872E-01 9.16159E-01 9.25320E-01
 2.13796E+00 7.41132E-01 8.33773E-01 9.17150E-01 9.26322E-01
 2.16272E+00 7.41920E-01 8.34660E-01 9.18126E-01 9.27307E-01
 2.18776E+00 7.42696E-01 8.35533E-01 9.19086E-01 9.28277E-01
 2.21309E+00 7.43460E-01 8.36392E-01 9.20031E-01 9.29232E-01
 2.23872E+00 7.44211E-01 8.37238E-01 9.20961E-01 9.30171E-01
 2.26464E+00 7.44951E-01 8.38070E-01 9.21877E-01 9.31095E-01
 2.29087E+00 7.45679E-01 8.38889E-01 9.22778E-01 9.32005E-01
 2.31739E+00 7.46395E-01 8.39695E-01 9.23664E-01 9.32901E-01
 2.34423E+00 7.47101E-01 8.40488E-01 9.24537E-01 9.33782E-01
 2.37137E+00 7.47795E-01 8.41269E-01 9.25396E-01 9.34650E-01
 2.39883E+00 7.48478E-01 8.42038E-01 9.26242E-01 9.35504E-01
 2.42661E+00 7.49151E-01 8.42795E-01 9.27074E-01 9.36345E-01
 2.45471E+00 7.49813E-01 8.43539E-01 9.27893E-01 9.37172E-01
 2.48313E+00 7.50464E-01 8.44273E-01 9.28700E-01 9.37987E-01
 2.51189E+00 7.51106E-01 8.44994E-01 9.29494E-01 9.38789E-01
 2.54097E+00 7.51738E-01 8.45705E-01 9.30275E-01 9.39578E-01
 2.57040E+00 7.52360E-01 8.46404E-01 9.31045E-01 9.40355E-01
 2.60016E+00 7.52972E-01 8.47093E-01 9.31803E-01 9.41121E-01
 2.63027E+00 7.53575E-01 8.47771E-01 9.32549E-01 9.41874E-01
 2.66073E+00 7.54168E-01 8.48439E-01 9.33283E-01 9.42616E-01
 2.69153E+00 7.54753E-01 8.49097E-01 9.34006E-01 9.43346E-01
 2.72270E+00 7.55328E-01 8.49744E-01 9.34719E-01 9.44066E-01
 2.75423E+00 7.55895E-01 8.50382E-01 9.35420E-01 9.44774E-01
 2.78612E+00 7.56453E-01 8.51010E-01 9.36111E-01 9.45472E-01
 2.81838E+00 7.57003E-01 8.51628E-01 9.36791E-01 9.46159E-01
 2.85102E+00 7.57544E-01 8.52237E-01 9.37461E-01 9.46836E-01
 2.88403E+00 7.58077E-01 8.52837E-01 9.38121E-01 9.47502E-01
 2.91743E+00 7.58603E-01 8.53428E-01 9.38771E-01 9.48159E-01
 2.95121E+00 7.59120E-01 8.54010E-01 9.39411E-01 9.48805E-01
 2.98538E+00 7.59630E-01 8.54584E-01 9.40042E-01 9.49443E-01
 3.01995E+00 7.60132E-01 8.55149E-01 9.40664E-01 9.50070E-01
 3.05492E+00 7.60627E-01 8.55705E-01 9.41276E-01 9.50689E-01
 3.09030E+00 7.61115E-01 8.56254E-01 9.41879E-01 9.51298E-01
 3.12608E+00 7.61595E-01 8.56794E-01 9.42474E-01 9.51898E-01
 3.16228E+00 7.62068E-01 8.57327E-01 9.43060E-01 9.52490E-01
 3.19890E+00 7.62535E-01 8.57852E-01 9.43637E-01 9.53073E-01
 3.23594E+00 7.62995E-01 8.58369E-01 9.44206E-01 9.53648E-01
 3.27341E+00 7.63448E-01 8.58879E-01 9.44767E-01 9.54214E-01
 3.31131E+00 7.63894E-01 8.59381E-01 9.45319E-01 9.54772E-01
 3.34965E+00 7.64335E-01 8.59876E-01 9.45864E-01 9.55323E-01
 3.38844E+00 7.64769E-01 8.60365E-01 9.46401E-01 9.55865E-01
 3.42768E+00 7.65196E-01 8.60846E-01 9.46931E-01 9.56400E-01
 3.46737E+00 7.65618E-01 8.61320E-01 9.47453E-01 9.56927E-01
 3.50752E+00 7.66034E-01 8.61788E-01 9.47967E-01 9.57447E-01
 3.54813E+00 7.66444E-01 8.62250E-01 9.48475E-01 9.57959E-01
 3.58922E+00 7.66849E-01 8.62705E-01 9.48975E-01 9.58465E-01
 3.63078E+00 7.67247E-01 8.63153E-01 9.49468E-01 9.58963E-01
 3.67282E+00 7.67641E-01 8.63596E-01 9.49955E-01 9.59455E-01
 3.71535E+00 7.68028E-01 8.64032E-01 9.50435E-01 9.59939E-01
 3.75837E+00 7.68411E-01 8.64462E-01 9.50909E-01 9.60418E-01
 3.80189E+00 7.68788E-01 8.64887E-01 9.51375E-01 9.60889E-01
 3.84592E+00 7.69160E-01 8.65306E-01 9.51836E-01 9.61354E-01
 3.89045E+00 7.69528E-01 8.65719E-01 9.52290E-01 9.61813E-01
 3.93550E+00 7.69890E-01 8.66126E-01 9.52739E-01 9.62266E-01
 3.98107E+00 7.70247E-01 8.66528E-01 9.53181E-01 9.62713E-01
 4.02717E+00 7.70600E-01 8.66925E-01 9.53617E-01 9.63154E-01
 4.07380E+00 7.70948E-01 8.67316E-01 9.54048E-01 9.63589E-01
 4.12098E+00 7.71291E-01 8.67703E-01 9.54473E-01 9.64018E-01
 4.16869E+00 7.71630E-01 8.68084E-01 9.54892E-01 9.64441E-01
 4.21697E+00 7.71965E-01 8.68460E-01 9.55306E-01 9.64859E-01
 4.26580E+00 7.72295E-01 8.68831E-01 9.55715E-01 9.65272E-01
 4.31519E+00 7.72620E-01 8.69198E-01 9.56118E-01 9.65679E-01
 4.36516E+00 7.72942E-01 8.69560E-01 9.56516E-01 9.66081E-01
 4.41570E+00 7.73259E-01 8.69917E-01 9.56908E-01 9.66477E-01
 4.46684E+00 7.73573E-01 8.70269E-01 9.57296E-01 9.66869E-01
 4.51856E+00 7.73882E-01 8.70617E-01 9.57679E-01 9.67256E-01
 4.57088E+00 7.74187E-01 8.70961E-01 9.58057E-01 9.67637E-01
 4.62381E+00 7.74489E-01 8.71300E-01 9.58430E-01 9.68014E-01
 4.67735E+00 7.74787E-01 8.71635E-01 9.58798E-01 9.68386E-01
 4.73151E+00 7.75080E-01 8.71965E-01 9.59162E-01 9.68754E-01
 4.78630E+00 7.75371E-01 8.72292E-01 9.59521E-01 9.69116E-01
 4.84172E+00 7.75657E-01 8.72614E-01 9.59876E-01 9.69475E-01
 4.89779E+00 7.75940E-01 8.72933E-01 9.60226E-01 9.69828E-01
 4.95450E+00 7.76220E-01 8.73247E-01 9.60572E-01 9.70178E-01
 5.01187E+00 7.76496E-01 8.73558E-01 9.60914E-01 9.70523E-01
 5.06991E+00 7.76769E-01 8.73865E-01 9.61251E-01 9.70864E-01
 5.12861E+00 7.77038E-01 8.74168E-01 9.61584E-01 9.71200E-01
 5.18800E+00 7.77304E-01 8.74467E-01 9.61914E-01 9.71533E-01
 5.24807E+00 7.77567E-01 8.74762E-01 9.62239E-01 9.71861E-01
 5.30884E+00 7.77826E-01 8.75054E-01 9.62560E-01 9.72185E-01
 5.37032E+00 7.78083E-01 8.75343E-01 9.62877E-01 9.72506E-01
 5.43250E+00 7.78336E-01 8.75628E-01 9.63191E-01 9.72822E-01
 5.49541E+00 7.78586E-01 8.75909E-01 9.63500E-01 9.73135E-01
 5.55904E+00 7.78833E-01 8.76187E-01 9.63806E-01 9.73444E-01
 5.62341E+00 7.79077E-01 8.76462E-01 9.64108E-01 9.73749E-01
 5.68853E+00 7.79319E-01 8.76734E-01 9.64407E-01 9.74051E-01
 5.75440E+00 7.79557E-01 8.77002E-01 9.64702E-01 9.74349E-01
 5.82103E+00 7.79793E-01 8.77267E-01 9.64993E-01 9.74643E-01
 5.88844E+00 7.80025E-01 8.77529E-01 9.65281E-01 9.74934E-01
 5.95662E+00 7.80255E-01 8.77787E-01 9.65566E-01 9.75222E-01
 6.02560E+00 7.80483E-01 8.78043E-01 9.65847E-01 9.75506E-01
 6.09537E+00 7.80707E-01 8.78296E-01 9.66125E-01 9.75786E-01
 6.16595E+00 7.80929E-01 8.78545E-01 9.66400E-01 9.76064E-01
 6.23735E+00 7.81148E-01 8.78792E-01 9.66671E-01 9.76338E-01
 6.30957E+00 7.81365E-01 8.79036E-01 9.66939E-01 9.76609E-01
 6.38263E+00 7.81579E-01 8.79276E-01 9.67204E-01 9.76876E-01
 6.45654E+00 7.81791E-01 8.79515E-01 9.67466E-01 9.77141E-01
 6.53131E+00 7.82000E-01 8.79750E-01 9.67725E-01 9.77402E-01
 6.60693E+00 7.82207E-01 8.79982E-01 9.67981E-01 9.77660E-01
 6.68344E+00 7.82411E-01 8.80212E-01 9.68233E-01 9.77916E-01
 6.76083E+00 7.82613E-01 8.80439E-01 9.68483E-01 9.78168E-01
 6.83912E+00 7.82812E-01 8.80664E-01 9.68730E-01 9.78417E-01
 6.91831E+00 7.83009E-01 8.80886E-01 9.68974E-01 9.78664E-01
 6.99842E+00 7.83204E-01 8.81105E-01 9.69215E-01 9.78907E-01
 7.07946E+00 7.83397E-01 8.81322E-01 9.69454E-01 9.79148E-01
 7.16143E+00 7.83587E-01 8.81536E-01 9.69689E-01 9.79386E-01
 7.24436E+00 7.83776E-01 8.81747E-01 9.69922E-01 9.79621E-01
 7.32825E+00 7.83962E-01 8.81957E-01 9.70152E-01 9.79854E-01
 7.41310E+00 7.84145E-01 8.82164E-01 9.70380E-01 9.80084E-01
 7.49894E+00 7.84327E-01 8.82368E-01 9.70605E-01 9.80311E-01
 7.58578E+00 7.84507E-01 8.82570E-01 9.70827E-01 9.80535E-01
 7.67361E+00 7.84684E-01 8.82770E-01 9.71047E-01 9.80757E-01
 7.76247E+00 7.84860E-01 8.82967E-01 9.71264E-01 9.80977E-01
 7.85236E+00 7.85033E-01 8.83162E-01 9.71479E-01 9.81193E-01
 7.94328E+00 7.85205E-01 8.83355E-01 9.71691E-01 9.81408E-01
 8.03526E+00 7.85374E-01 8.83546E-01 9.71901E-01 9.81620E-01
 8.12831E+00 7.85542E-01 8.83734E-01 9.72108E-01 9.81829E-01
 8.22243E+00 7.85707E-01 8.83921E-01 9.72313E-01 9.82036E-01
 8.31764E+00 7.85871E-01 8.84105E-01 9.72515E-01 9.82241E-01
 8.41395E+00 7.86033E-01 8.84287E-01 9.72716E-01 9.82443E-01
 8.51138E+00 7.86193E-01 8.84467E-01 9.72914E-01 9.82643E-01
 8.60994E+00 7.86351E-01 8.84645E-01 9.73109E-01 9.82840E-01
 8.70964E+00 7.86507E-01 8.84821E-01 9.73303E-01 9.83036E-01
 8.81049E+00 7.86662E-01 8.84994E-01 9.73494E-01 9.83229E-01
 8.91251E+00 7.86814E-01 8.85166E-01 9.73683E-01 9.83420E-01
 9.01571E+00 7.86965E-01 8.85336E-01 9.73870E-01 9.83608E-01
 9.12011E+00 7.87115E-01 8.85504E-01 9.74054E-01 9.83795E-01
 9.22571E+00 7.87262E-01 8.85670E-01 9.74237E-01 9.83979E-01
 9.33254E+00 7.87408E-01 8.85834E-01 9.74417E-01 9.84162E-01
 9.44061E+00 7.87552E-01 8.85996E-01 9.74596E-01 9.84342E-01
 9.54993E+00 7.87695E-01 8.86157E-01 9.74772E-01 9.84520E-01
 9.66051E+00 7.87836E-01 8.86315E-01 9.74947E-01 9.84696E-01
 9.77237E+00 7.87975E-01 8.86472E-01 9.75119E-01 9.84870E-01
 9.88553E+00 7.88113E-01 8.86627E-01 9.75289E-01 9.85042E-01
 1.00000E+01 7.88249E-01 8.86780E-01 9.75458E-01 9.85212E-01
 1.01158E+01 7.88383E-01 8.86931E-01 9.75624E-01 9.85380E-01
 1.02329E+01 7.88516E-01 8.87081E-01 9.75789E-01 9.85547E-01
 1.03514E+01 7.88648E-01 8.87229E-01 9.75951E-01 9.85711E-01
 1.04713E+01 7.88778E-01 8.87375E-01 9.76112E-01 9.85873E-01
 1.05925E+01 7.88906E-01 8.87519E-01 9.76271E-01 9.86034E-01
 1.07152E+01 7.89033E-01 8.87662E-01 9.76428E-01 9.86193E-01
 1.08393E+01 7.89159E-01 8.87803E-01 9.76584E-01 9.86350E-01
 1.09648E+01 7.89283E-01 8.87943E-01 9.76737E-01 9.86505E-01
 1.10917E+01 7.89405E-01 8.88081E-01 9.76889E-01 9.86658E-01
 1.12202E+01 7.89527E-01 8.88218E-01 9.77039E-01 9.86810E-01
 1.13501E+01 7.89647E-01 8.88352E-01 9.77188E-01 9.86959E-01
 1.14815E+01 7.89765E-01 8.88486E-01 9.77334E-01 9.87108E-01
 1.16145E+01 7.89882E-01 8.88618E-01 9.77479E-01 9.87254E-01
 1.17490E+01 7.89998E-01 8.88748E-01 9.77623E-01 9.87399E-01
 1.18850E+01 7.90113E-01 8.88877E-01 9.77764E-01 9.87542E-01
 1.20226E+01 7.90226E-01 8.89004E-01 9.77904E-01 9.87683E-01
 1.21619E+01 7.90338E-01 8.89130E-01 9.78043E-01 9.87823E-01
 1.23027E+01 7.90448E-01 8.89254E-01 9.78180E-01 9.87961E-01
 1.24451E+01 7.90558E-01 8.89377E-01 9.78315E-01 9.88098E-01
 1.25893E+01 7.90666E-01 8.89499E-01 9.78449E-01 9.88233E-01
 1.27350E+01 7.90773E-01 8.89619E-01 9.78581E-01 9.88367E-01
 1.28825E+01 7.90878E-01 8.89738E-01 9.78712E-01 9.88499E-01
 1.30317E+01 7.90983E-01 8.89855E-01 9.78841E-01 9.88629E-01
 1.31826E+01 7.91086E-01 8.89971E-01 9.78969E-01 9.88758E-01
 1.33352E+01 7.91188E-01 8.90086E-01 9.79095E-01 9.88886E-01
 1.34896E+01 7.91289E-01 8.90200E-01 9.79220E-01 9.89012E-01
 1.36458E+01 7.91388E-01 8.90312E-01 9.79343E-01 9.89137E-01
 1.38038E+01 7.91487E-01 8.90423E-01 9.79465E-01 9.89260E-01
 1.39637E+01 7.91584E-01 8.90532E-01 9.79586E-01 9.89382E-01
 1.41254E+01 7.91681E-01 8.90641E-01 9.79705E-01 9.89502E-01
 1.42889E+01 7.91776E-01 8.90748E-01 9.79823E-01 9.89621E-01
 1.44544E+01 7.91870E-01 8.90854E-01 9.79939E-01 9.89739E-01
 1.46218E+01 7.91963E-01 8.90959E-01 9.80054E-01 9.89855E-01
 1.47911E+01 7.92055E-01 8.91062E-01 9.80168E-01 9.89970E-01
 1.49624E+01 7.92146E-01 8.91164E-01 9.80281E-01 9.90084E-01
 1.51356E+01 7.92236E-01 8.91266E-01 9.80392E-01 9.90196E-01
 1.53109E+01 7.92325E-01 8.91366E-01 9.80502E-01 9.90307E-01
 1.54882E+01 7.92413E-01 8.91464E-01 9.80611E-01 9.90417E-01
 1.56675E+01 7.92500E-01 8.91562E-01 9.80718E-01 9.90525E-01
 1.58489E+01 7.92585E-01 8.91659E-01 9.80825E-01 9.90633E-01
 1.60325E+01 7.92670E-01 8.91754E-01 9.80930E-01 9.90739E-01
 1.62181E+01 7.92754E-01 8.91849E-01 9.81033E-01 9.90844E-01
 1.64059E+01 7.92837E-01 8.91942E-01 9.81136E-01 9.90947E-01
 1.65959E+01 7.92919E-01 8.92034E-01 9.81237E-01 9.91050E-01
 1.67880E+01 7.93000E-01 8.92125E-01 9.81338E-01 9.91151E-01
 1.69824E+01 7.93080E-01 8.92215E-01 9.81437E-01 9.91251E-01
 1.71791E+01 7.93160E-01 8.92305E-01 9.81535E-01 9.91350E-01
 1.73780E+01 7.93238E-01 8.92393E-01 9.81632E-01 9.91448E-01
 1.75792E+01 7.93315E-01 8.92480E-01 9.81728E-01 9.91545E-01
 1.77828E+01 7.93392E-01 8.92566E-01 9.81822E-01 9.91641E-01
 1.79887E+01 7.93467E-01 8.92651E-01 9.81916E-01 9.91735E-01
 1.81970E+01 7.93542E-01 8.92735E-01 9.82008E-01 9.91829E-01
 1.84077E+01 7.93616E-01 8.92818E-01 9.82100E-01 9.91921E-01
 1.86209E+01 7.93689E-01 8.92900E-01 9.82190E-01 9.92012E-01
 1.88365E+01 7.93761E-01 8.92982E-01 9.82280E-01 9.92103E-01
 1.90546E+01 7.93833E-01 8.93062E-01 9.82368E-01 9.92192E-01
 1.92752E+01 7.93903E-01 8.93141E-01 9.82456E-01 9.92280E-01
 1.94984E+01 7.93973E-01 8.93220E-01 9.82542E-01 9.92367E-01
 1.97242E+01 7.94042E-01 8.93298E-01 9.82627E-01 9.92454E-01
 1.99526E+01 7.94110E-01 8.93374E-01 9.82712E-01 9.92539E-01
 2.01837E+01 7.94178E-01 8.93450E-01 9.82795E-01 9.92623E-01
 2.04174E+01 7.94244E-01 8.93525E-01 9.82878E-01 9.92706E-01
 2.06538E+01 7.94310E-01 8.93599E-01 9.82959E-01 9.92789E-01
 2.08930E+01 7.94376E-01 8.93672E-01 9.83040E-01 9.92870E-01
 2.11349E+01 7.94440E-01 8.93745E-01 9.83119E-01 9.92951E-01
 2.13796E+01 7.94504E-01 8.93816E-01 9.83198E-01 9.93030E-01
 2.16272E+01 7.94566E-01 8.93887E-01 9.83276E-01 9.93109E-01
 2.18776E+01 7.94629E-01 8.93957E-01 9.83353E-01 9.93186E-01
 2.21309E+01 7.94690E-01 8.94026E-01 9.83429E-01 9.93263E-01
 2.23872E+01 7.94751E-01 8.94095E-01 9.83504E-01 9.93339E-01
 2.26464E+01 7.94811E-01 8.94162E-01 9.83579E-01 9.93414E-01
 2.29087E+01 7.94870E-01 8.94229E-01 9.83652E-01 9.93489E-01
 2.31739E+01 7.94929E-01 8.94295E-01 9.83725E-01 9.93562E-01
 2.34423E+01 7.94987E-01 8.94361E-01 9.83797E-01 9.93635E-01
 2.37137E+01 7.95045E-01 8.94425E-01 9.83868E-01 9.93706E-01
 2.39883E+01 7.95101E-01 8.94489E-01 9.83938E-01 9.93777E-01
 2.42661E+01 7.95157E-01 8.94552E-01 9.84007E-01 9.93847E-01
 2.45471E+01 7.95213E-01 8.94614E-01 9.84076E-01 9.93917E-01
 2.48313E+01 7.95268E-01 8.94676E-01 9.84144E-01 9.93985E-01
 2.51189E+01 7.95322E-01 8.94737E-01 9.84211E-01 9.94053E-01
 2.54097E+01 7.95375E-01 8.94797E-01 9.84277E-01 9.94120E-01
 2.57040E+01 7.95428E-01 8.94857E-01 9.84342E-01 9.94186E-01
 2.60016E+01 7.95481E-01 8.94916E-01 9.84407E-01 9.94251E-01
 2.63027E+01 7.95532E-01 8.94974E-01 9.84471E-01 9.94316E-01
 2.66073E+01 7.95583E-01 8.95031E-01 9.84535E-01 9.94380E-01
 2.69153E+01 7.95634E-01 8.95088E-01 9.84597E-01 9.94443E-01
 2.72270E+01 7.95684E-01 8.95144E-01 9.84659E-01 9.94506E-01
 2.75423E+01 7.95733E-01 8.95200E-01 9.84720E-01 9.94567E-01
 2.78612E+01 7.95782E-01 8.95255E-01 9.84781E-01 9.94628E-01
 2.81838E+01 7.95831E-01 8.95309E-01 9.84840E-01 9.94689E-01
 2.85102E+01 7.95878E-01 8.95363E-01 9.84899E-01 9.94748E-01
 2.88403E+01 7.95925E-01 8.95416E-01 9.84958E-01 9.94807E-01
 2.91743E+01 7.95972E-01 8.95469E-01 9.85015E-01 9.94866E-01
 2.95121E+01 7.96018E-01 8.95520E-01 9.85072E-01 9.94923E-01
 2.98538E+01 7.96064E-01 8.95572E-01 9.85129E-01 9.94980E-01
 3.01995E+01 7.96109E-01 8.95622E-01 9.85185E-01 9.95036E-01
 3.05492E+01 7.96153E-01 8.95673E-01 9.85240E-01 9.95092E-01
 3.09030E+01 7.96197E-01 8.95722E-01 9.85294E-01 9.95147E-01
 3.12608E+01 7.96241E-01 8.95771E-01 9.85348E-01 9.95202E-01
 3.16228E+01 7.96284E-01 8.95819E-01 9.85401E-01 9.95255E-01
 3.19890E+01 7.96326E-01 8.95867E-01 9.85454E-01 9.95309E-01
 3.23594E+01 7.96369E-01 8.95915E-01 9.85506E-01 9.95361E-01
 3.27341E+01 7.96410E-01 8.95961E-01 9.85557E-01 9.95413E-01
 3.31131E+01 7.96451E-01 8.96008E-01 9.85608E-01 9.95464E-01
 3.34965E+01 7.96492E-01 8.96053E-01 9.85659E-01 9.95515E-01
 3.38844E+01 7.96532E-01 8.96098E-01 9.85708E-01 9.95565E-01
 3.42768E+01 7.96572E-01 8.96143E-01 9.85757E-01 9.95615E-01
 3.46737E+01 7.96611E-01 8.96187E-01 9.85806E-01 9.95664E-01
 3.50752E+01 7.96650E-01 8.96231E-01 9.85854E-01 9.95713E-01
 3.54813E+01 7.96688E-01 8.96274E-01 9.85901E-01 9.95760E-01
 3.58922E+01 7.96726E-01 8.96317E-01 9.85948E-01 9.95808E-01
 3.63078E+01 7.96763E-01 8.96359E-01 9.85995E-01 9.95855E-01
 3.67282E+01 7.96800E-01 8.96401E-01 9.86041E-01 9.95901E-01
 3.71535E+01 7.96837E-01 8.96442E-01 9.86086E-01 9.95947E-01
 3.75837E+01 7.96873E-01 8.96482E-01 9.86131E-01 9.95992E-01
 3.80189E+01 7.96909E-01 8.96523E-01 9.86175E-01 9.96037E-01
 3.84592E+01 7.96944E-01 8.96563E-01 9.86219E-01 9.96081E-01
 3.89045E+01 7.96979E-01 8.96602E-01 9.86262E-01 9.96125E-01
 3.93550E+01 7.97014E-01 8.96641E-01 9.86305E-01 9.96168E-01
 3.98107E+01 7.97048E-01 8.96679E-01 9.86347E-01 9.96211E-01
 4.02717E+01 7.97082E-01 8.96717E-01 9.86389E-01 9.96253E-01
 4.07380E+01 7.97115E-01 8.96755E-01 9.86430E-01 9.96295E-01
 4.12098E+01 7.97148E-01 8.96792E-01 9.86471E-01 9.96336E-01
 4.16869E+01 7.97181E-01 8.96829E-01 9.86512E-01 9.96377E-01
 4.21697E+01 7.97213E-01 8.96865E-01 9.86552E-01 9.96417E-01
 4.26580E+01 7.97245E-01 8.96901E-01 9.86591E-01 9.96457E-01
 4.31519E+01 7.97277E-01 8.96936E-01 9.86630E-01 9.96496E-01
 4.36516E+01 7.97308E-01 8.96971E-01 9.86669E-01 9.96535E-01
 4.41570E+01 7.97339E-01 8.97006E-01 9.86707E-01 9.96574E-01
 4.46684E+01 7.97369E-01 8.97040E-01 9.86744E-01 9.96612E-01
 4.51856E+01 7.97399E-01 8.97074E-01 9.86782E-01 9.96649E-01
 4.57088E+01 7.97429E-01 8.97108E-01 9.86819E-01 9.96687E-01
 4.62381E+01 7.97459E-01 8.97141E-01 9.86855E-01 9.96723E-01
 4.67735E+01 7.97488E-01 8.97174E-01 9.86891E-01 9.96760E-01
 4.73151E+01 7.97516E-01 8.97206E-01 9.86927E-01 9.96796E-01
 4.78630E+01 7.97545E-01 8.97238E-01 9.86962E-01 9.96831E-01
 4.84172E+01 7.97573E-01 8.97270E-01 9.86996E-01 9.96866E-01
 4.89779E+01 7.97601E-01 8.97301E-01 9.87031E-01 9.96901E-01
 4.95450E+01 7.97628E-01 8.97332E-01 9.87065E-01 9.96936E-01
 5.01187E+01 7.97655E-01 8.97362E-01 9.87098E-01 9.96969E-01
 5.06991E+01 7.97682E-01 8.97392E-01 9.87132E-01 9.97003E-01
 5.12861E+01 7.97709E-01 8.97422E-01 9.87165E-01 9.97036E-01
 5.18800E+01 7.97735E-01 8.97452E-01 9.87197E-01 9.97069E-01
 5.24807E+01 7.97761E-01 8.97481E-01 9.87229E-01 9.97101E-01
 5.30884E+01 7.97786E-01 8.97510E-01 9.87261E-01 9.97133E-01
 5.37032E+01 7.97812E-01 8.97538E-01 9.87292E-01 9.97165E-01
 5.43250E+01 7.97837E-01 8.97566E-01 9.87323E-01 9.97196E-01
 5.49541E+01 7.97862E-01 8.97594E-01 9.87354E-01 9.97227E-01
 5.55904E+01 7.97886E-01 8.97622E-01 9.87384E-01 9.97258E-01
 5.62341E+01 7.97910E-01 8.97649E-01 9.87414E-01 9.97288E-01
 5.68853E+01 7.97934E-01 8.97676E-01 9.87444E-01 9.97318E-01
 5.75440E+01 7.97958E-01 8.97703E-01 9.87473E-01 9.97348E-01
 5.82103E+01 7.97981E-01 8.97729E-01 9.87502E-01 9.97377E-01
 5.88844E+01 7.98004E-01 8.97755E-01 9.87530E-01 9.97406E-01
 5.95662E+01 7.98027E-01 8.97781E-01 9.87559E-01 9.97434E-01
 6.02560E+01 7.98050E-01 8.97806E-01 9.87587E-01 9.97462E-01
 6.09537E+01 7.98072E-01 8.97831E-01 9.87614E-01 9.97490E-01
 6.16595E+01 7.98094E-01 8.97856E-01 9.87642E-01 9.97518E-01
 6.23735E+01 7.98116E-01 8.97880E-01 9.87669E-01 9.97545E-01
 6.30957E+01 7.98138E-01 8.97905E-01 9.87695E-01 9.97572E-01
 6.38263E+01 7.98159E-01 8.97929E-01 9.87722E-01 9.97599E-01
 6.45654E+01 7.98180E-01 8.97952E-01 9.87748E-01 9.97625E-01
 6.53131E+01 7.98201E-01 8.97976E-01 9.87773E-01 9.97651E-01
 6.60693E+01 7.98221E-01 8.97999E-01 9.87799E-01 9.97677E-01
 6.68344E+01 7.98242E-01 8.98022E-01 9.87824E-01 9.97702E-01
 6.76083E+01 7.98262E-01 8.98045E-01 9.87849E-01 9.97728E-01
 6.83912E+01 7.98282E-01 8.98067E-01 9.87874E-01 9.97752E-01
 6.91831E+01 7.98301E-01 8.98089E-01 9.87898E-01 9.97777E-01
 6.99842E+01 7.98321E-01 8.98111E-01 9.87922E-01 9.97801E-01
 7.07946E+01 7.98340E-01 8.98133E-01 9.87946E-01 9.97825E-01
 7.16143E+01 7.98359E-01 8.98154E-01 9.87969E-01 9.97849E-01
 7.24436E+01 7.98378E-01 8.98175E-01 9.87993E-01 9.97873E-01
 7.32825E+01 7.98396E-01 8.98196E-01 9.88016E-01 9.97896E-01
 7.41310E+01 7.98415E-01 8.98217E-01 9.88038E-01 9.97919E-01
 7.49894E+01 7.98433E-01 8.98237E-01 9.88061E-01 9.97941E-01
 7.58578E+01 7.98451E-01 8.98257E-01 9.88083E-01 9.97964E-01
 7.67361E+01 7.98469E-01 8.98277E-01 9.88105E-01 9.97986E-01
 7.76247E+01 7.98486E-01 8.98297E-01 9.88127E-01 9.98008E-01
 7.85236E+01 7.98503E-01 8.98316E-01 9.88148E-01 9.98030E-01
 7.94328E+01 7.98521E-01 8.98336E-01 9.88169E-01 9.98051E-01
 8.03526E+01 7.98538E-01 8.98355E-01 9.88190E-01 9.98072E-01
 8.12831E+01 7.98554E-01 8.98374E-01 9.88211E-01 9.98093E-01
 8.22243E+01 7.98571E-01 8.98392E-01 9.88231E-01 9.98114E-01
 8.31764E+01 7.98587E-01 8.98411E-01 9.88252E-01 9.98134E-01
 8.41395E+01 7.98603E-01 8.98429E-01 9.88272E-01 9.98154E-01
 8.51138E+01 7.98619E-01 8.98447E-01 9.88291E-01 9.98174E-01
 8.60994E+01 7.98635E-01 8.98465E-01 9.88311E-01 9.98194E-01
 8.70964E+01 7.98651E-01 8.98482E-01 9.88330E-01 9.98214E-01
 8.81049E+01 7.98666E-01 8.98499E-01 9.88349E-01 9.98233E-01
 8.91251E+01 7.98681E-01 8.98517E-01 9.88368E-01 9.98252E-01
 9.01571E+01 7.98697E-01 8.98534E-01 9.88387E-01 9.98271E-01
 9.12011E+01 7.98712E-01 8.98550E-01 9.88405E-01 9.98290E-01
 9.22571E+01 7.98726E-01 8.98567E-01 9.88424E-01 9.98308E-01
 9.33254E+01 7.98741E-01 8.98583E-01 9.88442E-01 9.98326E-01
 9.44061E+01 7.98755E-01 8.98600E-01 9.88460E-01 9.98344E-01
 9.54993E+01 7.98769E-01 8.98616E-01 9.88477E-01 9.98362E-01
 9.66051E+01 7.98784E-01 8.98632E-01 9.88495E-01 9.98380E-01
 9.77237E+01 7.98798E-01 8.98647E-01 9.88512E-01 9.98397E-01
 9.88553E+01 7.98811E-01 8.98663E-01 9.88529E-01 9.98414E-01
 1.00000E+02 7.98825E-01 8.98678E-01 9.88546E-01 9.98431E-01
