 1.00000E-02 2.20287E-02 4.20652E-02 7.83477E-02 8.48171E-02
 2.00000E-02 2.54752E-02 4.91911E-02 9.50987E-02 1.04332E-01
 3.00000E-02 2.91517E-02 5.67424E-02 1.13567E-01 1.27311E-01
 4.00000E-02 3.29951E-02 6.45504E-02 1.32972E-01 1.53702E-01
 5.00000E-02 3.69541E-02 7.24732E-02 1.52489E-01 1.82076E-01
 6.00000E-02 4.09912E-02 8.04250E-02 1.71607E-01 2.09566E-01
 7.00000E-02 4.50772E-02 8.83479E-02 1.90090E-01 2.35440E-01
 8.00000E-02 4.91925E-02 9.62012E-02 2.07850E-01 2.59730E-01
 9.00000E-02 5.33230E-02 1.03965E-01 2.24868E-01 2.82535E-01
 1.00000E-01 5.74579E-02 1.11625E-01 2.41167E-01 3.03978E-01
 1.10000E-01 6.15889E-02 1.19173E-01 2.56775E-01 3.24174E-01
 1.20000E-01 6.57100E-02 1.26606E-01 2.71725E-01 3.43225E-01
 1.30000E-01 6.98169E-02 1.33923E-01 2.86055E-01 3.61225E-01
 1.40000E-01 7.39046E-02 1.41122E-01 2.99809E-01 3.78260E-01
 1.50000E-01 7.79712E-02 1.48205E-01 3.13015E-01 3.94404E-01
 1.60000E-01 8.20130E-02 1.55172E-01 3.25706E-01 4.09725E-01
 1.70000E-01 8.60282E-02 1.62026E-01 3.37915E-01 4.24286E-01
 1.80000E-01 9.00147E-02 1.68769E-01 3.49674E-01 4.38142E-01
 1.90000E-01 9.39710E-02 1.75402E-01 3.61006E-01 4.51342E-01
 2.00000E-01 9.78953E-02 1.81928E-01 3.71937E-01 4.63934E-01
 2.10000E-01 1.01786E-01 1.88349E-01 3.82488E-01 4.75959E-01
 2.20000E-01 1.05643E-01 1.94666E-01 3.92682E-01 4.87454E-01
 2.30000E-01 1.09464E-01 2.00882E-01 4.02538E-01 4.98455E-01
 2.40000E-01 1.13249E-01 2.06998E-01 4.12076E-01 5.08991E-01
 2.50000E-01 1.16996E-01 2.13017E-01 4.21311E-01 5.19093E-01
 2.60000E-01 1.20705E-01 2.18941E-01 4.30259E-01 5.28788E-01
 2.70000E-01 1.24376E-01 2.24770E-01 4.38934E-01 5.38099E-01
 2.80000E-01 1.28007E-01 2.30507E-01 4.47351E-01 5.47049E-01
 2.90000E-01 1.31599E-01 2.36154E-01 4.55521E-01 5.55659E-01
 3.00000E-01 1.35150E-01 2.41711E-01 4.63457E-01 5.63949E-01
 3.10000E-01 1.38660E-01 2.47181E-01 4.71169E-01 5.71936E-01
 3.20000E-01 1.42130E-01 2.52565E-01 4.78668E-01 5.79636E-01
 3.30000E-01 1.45558E-01 2.57865E-01 4.85963E-01 5.87065E-01
 3.40000E-01 1.48946E-01 2.63082E-01 4.93064E-01 5.94238E-01
 3.50000E-01 1.52291E-01 2.68217E-01 4.99979E-01 6.01167E-01
 3.60000E-01 1.55595E-01 2.73272E-01 5.06715E-01 6.07865E-01
 3.70000E-01 1.58858E-01 2.78247E-01 5.13281E-01 6.14343E-01
 3.80000E-01 1.62079E-01 2.83146E-01 5.19683E-01 6.20612E-01
 3.90000E-01 1.65258E-01 2.87968E-01 5.25927E-01 6.26683E-01
 4.00000E-01 1.68396E-01 2.92714E-01 5.32021E-01 6.32565E-01
 4.10000E-01 1.71493E-01 2.97388E-01 5.37969E-01 6.38266E-01
 4.20000E-01 1.74549E-01 3.01988E-01 5.43778E-01 6.43794E-01
 4.30000E-01 1.77563E-01 3.06517E-01 5.49453E-01 6.49159E-01
 4.40000E-01 1.80537E-01 3.10976E-01 5.54998E-01 6.54367E-01
 4.50000E-01 1.83471E-01 3.15367E-01 5.60418E-01 6.59425E-01
 4.60000E-01 1.86364E-01 3.19689E-01 5.65718E-01 6.64339E-01
 4.70000E-01 1.89218E-01 3.23944E-01 5.70902E-01 6.69116E-01
 4.80000E-01 1.92032E-01 3.28134E-01 5.75974E-01 6.73761E-01
 4.90000E-01 1.94807E-01 3.32260E-01 5.80938E-01 6.78280E-01
 5.00000E-01 1.97543E-01 3.36322E-01 5.85798E-01 6.82678E-01
 5.10000E-01 2.00240E-01 3.40322E-01 5.90556E-01 6.86959E-01
 5.20000E-01 2.02899E-01 3.44261E-01 5.95217E-01 6.91130E-01
 5.30000E-01 2.05521E-01 3.48139E-01 5.99783E-01 6.95193E-01
 5.40000E-01 2.08105E-01 3.51959E-01 6.04257E-01 6.99153E-01
 5.50000E-01 2.10652E-01 3.55720E-01 6.08642E-01 7.03015E-01
 5.60000E-01 2.13162E-01 3.59424E-01 6.12942E-01 7.06781E-01
 5.70000E-01 2.15636E-01 3.63071E-01 6.17158E-01 7.10455E-01
 5.80000E-01 2.18075E-01 3.66663E-01 6.21293E-01 7.14041E-01
 5.90000E-01 2.20478E-01 3.70202E-01 6.25349E-01 7.17542E-01
 6.00000E-01 2.22846E-01 3.73686E-01 6.29330E-01 7.20961E-01
 6.10000E-01 2.25180E-01 3.77118E-01 6.33236E-01 7.24301E-01
 6.20000E-01 2.27480E-01 3.80498E-01 6.37070E-01 7.27565E-01
 6.30000E-01 2.29746E-01 3.83828E-01 6.40835E-01 7.30754E-01
 6.40000E-01 2.31979E-01 3.87108E-01 6.44531E-01 7.33873E-01
 6.50000E-01 2.34179E-01 3.90338E-01 6.48161E-01 7.36923E-01
 6.60000E-01 2.36347E-01 3.93520E-01 6.51728E-01 7.39907E-01
 6.70000E-01 2.38483E-01 3.96655E-01 6.55231E-01 7.42826E-01
 6.80000E-01 2.40587E-01 3.99743E-01 6.58673E-01 7.45683E-01
 6.90000E-01 2.42661E-01 4.02786E-01 6.62057E-01 7.48480E-01
 7.00000E-01 2.44703E-01 4.05783E-01 6.65382E-01 7.51220E-01
 7.10000E-01 2.46716E-01 4.08736E-01 6.68651E-01 7.53902E-01
 7.20000E-01 2.48699E-01 4.11645E-01 6.71865E-01 7.56531E-01
 7.30000E-01 2.50652E-01 4.14511E-01 6.75026E-01 7.59106E-01
 7.40000E-01 2.52577E-01 4.17335E-01 6.78135E-01 7.61630E-01
 7.50000E-01 2.54473E-01 4.20117E-01 6.81192E-01 7.64105E-01
 7.60000E-01 2.56341E-01 4.22859E-01 6.84200E-01 7.66531E-01
 7.70000E-01 2.58181E-01 4.25560E-01 6.87160E-01 7.68911E-01
 7.80000E-01 2.59994E-01 4.28222E-01 6.90072E-01 7.71245E-01
 7.90000E-01 2.61780E-01 4.30845E-01 6.92938E-01 7.73535E-01
 8.00000E-01 2.63539E-01 4.33430E-01 6.95759E-01 7.75783E-01
 8.10000E-01 2.65273E-01 4.35978E-01 6.98536E-01 7.77989E-01
 8.20000E-01 2.66981E-01 4.38488E-01 7.01270E-01 7.80155E-01
 8.30000E-01 2.68663E-01 4.40962E-01 7.03962E-01 7.82282E-01
 8.40000E-01 2.70321E-01 4.43400E-01 7.06612E-01 7.84371E-01
 8.50000E-01 2.71954E-01 4.45803E-01 7.09223E-01 7.86423E-01
 8.60000E-01 2.73562E-01 4.48171E-01 7.11794E-01 7.88439E-01
 8.70000E-01 2.75147E-01 4.50505E-01 7.14327E-01 7.90419E-01
 8.80000E-01 2.76709E-01 4.52806E-01 7.16821E-01 7.92366E-01
 8.90000E-01 2.78248E-01 4.55074E-01 7.19280E-01 7.94280E-01
 9.00000E-01 2.79763E-01 4.57309E-01 7.21702E-01 7.96161E-01
 9.10000E-01 2.81257E-01 4.59512E-01 7.24088E-01 7.98011E-01
 9.20000E-01 2.82728E-01 4.61684E-01 7.26441E-01 7.99830E-01
 9.30000E-01 2.84178E-01 4.63825E-01 7.28759E-01 8.01620E-01
 9.40000E-01 2.85607E-01 4.65936E-01 7.31045E-01 8.03381E-01
 9.50000E-01 2.87014E-01 4.68016E-01 7.33297E-01 8.05113E-01
 9.60000E-01 2.88401E-01 4.70067E-01 7.35518E-01 8.06818E-01
 9.70000E-01 2.89768E-01 4.72090E-01 7.37708E-01 8.08496E-01
 9.80000E-01 2.91114E-01 4.74083E-01 7.39868E-01 8.10147E-01
 9.90000E-01 2.92441E-01 4.76049E-01 7.41997E-01 8.11774E-01
 1.00000E+00 2.93748E-01 4.77987E-01 7.44097E-01 8.13375E-01
 1.01158E+00 2.95239E-01 4.80197E-01 7.46493E-01 8.15199E-01
 1.02329E+00 2.96721E-01 4.82396E-01 7.48878E-01 8.17012E-01
 1.03514E+00 2.98194E-01 4.84584E-01 7.51252E-01 8.18813E-01
 1.04713E+00 2.99659E-01 4.86761E-01 7.53616E-01 8.20604E-01
 1.05925E+00 3.01115E-01 4.88926E-01 7.55968E-01 8.22384E-01
 1.07152E+00 3.02810E-01 4.91079E-01 7.58309E-01 8.24153E-01
 1.08393E+00 3.04713E-01 4.93220E-01 7.60639E-01 8.25911E-01
 1.09648E+00 3.06592E-01 4.95349E-01 7.62957E-01 8.27658E-01
 1.10917E+00 3.08446E-01 4.97465E-01 7.65264E-01 8.29395E-01
 1.12202E+00 3.10276E-01 4.99568E-01 7.67559E-01 8.31121E-01
 1.13501E+00 3.12081E-01 5.01658E-01 7.69841E-01 8.32836E-01
 1.14815E+00 3.13862E-01 5.03734E-01 7.72112E-01 8.34541E-01
 1.16145E+00 3.15619E-01 5.05797E-01 7.74371E-01 8.36236E-01
 1.17490E+00 3.17351E-01 5.08335E-01 7.76618E-01 8.37920E-01
 1.18850E+00 3.19059E-01 5.11070E-01 7.78852E-01 8.39594E-01
 1.20226E+00 3.20742E-01 5.13767E-01 7.81073E-01 8.41258E-01
 1.21619E+00 3.22402E-01 5.16425E-01 7.83282E-01 8.42912E-01
 1.23027E+00 3.24037E-01 5.19044E-01 7.85478E-01 8.44556E-01
 1.24451E+00 3.25648E-01 5.21625E-01 7.87660E-01 8.46190E-01
 1.25893E+00 3.27235E-01 5.24167E-01 7.89830E-01 8.47814E-01
 1.27350E+00 3.28798E-01 5.26671E-01 7.91987E-01 8.49428E-01
 1.28825E+00 3.30338E-01 5.29138E-01 7.94130E-01 8.51033E-01
 1.30317E+00 3.31854E-01 5.31566E-01 7.96260E-01 8.52628E-01
 1.31826E+00 3.33347E-01 5.33957E-01 7.98376E-01 8.54214E-01
 1.33352E+00 3.34816E-01 5.36310E-01 8.00478E-01 8.55790E-01
 1.34896E+00 3.36262E-01 5.38627E-01 8.02567E-01 8.57358E-01
 1.36458E+00 3.37685E-01 5.40906E-01 8.04641E-01 8.58915E-01
 1.38038E+00 3.39085E-01 5.43149E-01 8.06702E-01 8.60464E-01
 1.39637E+00 3.40463E-01 5.45356E-01 8.08748E-01 8.62004E-01
 1.41254E+00 3.41818E-01 5.47527E-01 8.10780E-01 8.63535E-01
 1.42889E+00 3.43151E-01 5.49662E-01 8.12798E-01 8.65056E-01
 1.44544E+00 3.44462E-01 5.51762E-01 8.14800E-01 8.66569E-01
 1.46218E+00 3.45751E-01 5.53826E-01 8.16789E-01 8.68073E-01
 1.47911E+00 3.47018E-01 5.55856E-01 8.18762E-01 8.69568E-01
 1.49624E+00 3.48264E-01 5.57852E-01 8.20721E-01 8.71054E-01
 1.51356E+00 3.49489E-01 5.59813E-01 8.22664E-01 8.72532E-01
 1.53109E+00 3.50692E-01 5.61741E-01 8.24593E-01 8.74000E-01
 1.54882E+00 3.51875E-01 5.63636E-01 8.26506E-01 8.75460E-01
 1.56675E+00 3.53037E-01 5.65497E-01 8.28404E-01 8.76911E-01
 1.58489E+00 3.54179E-01 5.67326E-01 8.30622E-01 8.78353E-01
 1.60325E+00 3.55301E-01 5.69123E-01 8.33253E-01 8.79786E-01
 1.62181E+00 3.56402E-01 5.70888E-01 8.35837E-01 8.81210E-01
 1.64059E+00 3.57485E-01 5.72621E-01 8.38374E-01 8.82625E-01
 1.65959E+00 3.58547E-01 5.74323E-01 8.40867E-01 8.84031E-01
 1.67880E+00 3.59591E-01 5.75995E-01 8.43314E-01 8.85428E-01
 1.69824E+00 3.60616E-01 5.77636E-01 8.45717E-01 8.86815E-01
 1.71791E+00 3.61621E-01 5.79248E-01 8.48077E-01 8.88194E-01
 1.73780E+00 3.62609E-01 5.80830E-01 8.50393E-01 8.89563E-01
 1.75792E+00 3.63578E-01 5.82382E-01 8.52666E-01 8.90923E-01
 1.77828E+00 3.64530E-01 5.83906E-01 8.54897E-01 8.92273E-01
 1.79887E+00 3.65464E-01 5.85402E-01 8.57087E-01 8.93614E-01
 1.81970E+00 3.66380E-01 5.86870E-01 8.59236E-01 8.94945E-01
 1.84077E+00 3.67279E-01 5.88310E-01 8.61344E-01 8.96318E-01
 1.86209E+00 3.68161E-01 5.89723E-01 8.63413E-01 8.98471E-01
 1.88365E+00 3.69026E-01 5.91109E-01 8.65443E-01 9.00583E-01
 1.90546E+00 3.69875E-01 5.92469E-01 8.67434E-01 9.02655E-01
 1.92752E+00 3.70708E-01 5.93803E-01 8.69386E-01 9.04687E-01
 1.94984E+00 3.71525E-01 5.95111E-01 8.71302E-01 9.06680E-01
 1.97242E+00 3.72326E-01 5.96394E-01 8.73181E-01 9.08635E-01
 1.99526E+00 3.73111E-01 5.97652E-01 8.75023E-01 9.10552E-01
 2.01837E+00 3.73882E-01 5.98886E-01 8.76829E-01 9.12432E-01
 2.04174E+00 3.74637E-01 6.00096E-01 8.78601E-01 9.14275E-01
 2.06538E+00 3.75378E-01 6.01282E-01 8.80337E-01 9.16083E-01
 2.08930E+00 3.76104E-01 6.02445E-01 8.82040E-01 9.17854E-01
 2.11349E+00 3.76815E-01 6.03585E-01 8.83709E-01 9.19591E-01
 2.13796E+00 3.77513E-01 6.04703E-01 8.85345E-01 9.21294E-01
 2.16272E+00 3.78197E-01 6.05798E-01 8.86949E-01 9.22963E-01
 2.18776E+00 3.78867E-01 6.06872E-01 8.88521E-01 9.24598E-01
 2.21309E+00 3.79524E-01 6.07924E-01 8.90061E-01 9.26201E-01
 2.23872E+00 3.80168E-01 6.08955E-01 8.91571E-01 9.27772E-01
 2.26464E+00 3.80798E-01 6.09966E-01 8.93051E-01 9.29312E-01
 2.29087E+00 3.81417E-01 6.10956E-01 8.94500E-01 9.30820E-01
 2.31739E+00 3.82022E-01 6.11926E-01 8.95921E-01 9.32299E-01
 2.34423E+00 3.82616E-01 6.12876E-01 8.97312E-01 9.33747E-01
 2.37137E+00 3.83197E-01 6.13808E-01 8.98676E-01 9.35165E-01
 2.39883E+00 3.83767E-01 6.14720E-01 9.00011E-01 9.36555E-01
 2.42661E+00 3.84324E-01 6.15614E-01 9.01320E-01 9.37917E-01
 2.45471E+00 3.84871E-01 6.16489E-01 9.02601E-01 9.39251E-01
 2.48313E+00 3.85406E-01 6.17346E-01 9.03857E-01 9.40557E-01
 2.51189E+00 3.85931E-01 6.18186E-01 9.05086E-01 9.41837E-01
 2.54097E+00 3.86444E-01 6.19009E-01 9.06291E-01 9.43090E-01
 2.57040E+00 3.86947E-01 6.19814E-01 9.07470E-01 9.44317E-01
 2.60016E+00 3.87440E-01 6.20603E-01 9.08625E-01 9.45519E-01
 2.63027E+00 3.87922E-01 6.21376E-01 9.09756E-01 9.46696E-01
 2.66073E+00 3.88394E-01 6.22132E-01 9.10864E-01 9.47849E-01
 2.69153E+00 3.88857E-01 6.22873E-01 9.11948E-01 9.48977E-01
 2.72270E+00 3.89309E-01 6.23598E-01 9.13010E-01 9.50082E-01
 2.75423E+00 3.89753E-01 6.24308E-01 9.14050E-01 9.51164E-01
 2.78612E+00 3.90187E-01 6.25004E-01 9.15068E-01 9.52223E-01
 2.81838E+00 3.90612E-01 6.25684E-01 9.16064E-01 9.53260E-01
 2.85102E+00 3.91028E-01 6.26351E-01 9.17040E-01 9.54275E-01
 2.88403E+00 3.91435E-01 6.27003E-01 9.17995E-01 9.55269E-01
 2.91743E+00 3.91833E-01 6.27641E-01 9.18930E-01 9.56242E-01
 2.95121E+00 3.92224E-01 6.28266E-01 9.19845E-01 9.57194E-01
 2.98538E+00 3.92606E-01 6.28878E-01 9.20741E-01 9.58126E-01
 3.01995E+00 3.92979E-01 6.29477E-01 9.21617E-01 9.59039E-01
 3.05492E+00 3.93345E-01 6.30063E-01 9.22475E-01 9.59932E-01
 3.09030E+00 3.93703E-01 6.30637E-01 9.23315E-01 9.60806E-01
 3.12608E+00 3.94054E-01 6.31198E-01 9.24137E-01 9.61661E-01
 3.16228E+00 3.94397E-01 6.31748E-01 9.24942E-01 9.62498E-01
 3.19890E+00 3.94733E-01 6.32285E-01 9.25729E-01 9.63317E-01
 3.23594E+00 3.95061E-01 6.32811E-01 9.26499E-01 9.64119E-01
 3.27341E+00 3.95382E-01 6.33326E-01 9.27253E-01 9.64903E-01
 3.31131E+00 3.95697E-01 6.33830E-01 9.27991E-01 9.65671E-01
 3.34965E+00 3.96005E-01 6.34323E-01 9.28712E-01 9.66422E-01
 3.38844E+00 3.96306E-01 6.34806E-01 9.29419E-01 9.67157E-01
 3.42768E+00 3.96601E-01 6.35277E-01 9.30110E-01 9.67876E-01
 3.46737E+00 3.96889E-01 6.35739E-01 9.30786E-01 9.68580E-01
 3.50752E+00 3.97171E-01 6.36191E-01 9.31447E-01 9.69268E-01
 3.54813E+00 3.97447E-01 6.36633E-01 9.32095E-01 9.69941E-01
 3.58922E+00 3.97717E-01 6.37066E-01 9.32728E-01 9.70600E-01
 3.63078E+00 3.97981E-01 6.37489E-01 9.33347E-01 9.71245E-01
 3.67282E+00 3.98240E-01 6.37903E-01 9.33953E-01 9.71876E-01
 3.71535E+00 3.98492E-01 6.38308E-01 9.34546E-01 9.72493E-01
 3.75837E+00 3.98740E-01 6.38704E-01 9.35126E-01 9.73096E-01
 3.80189E+00 3.98982E-01 6.39091E-01 9.35693E-01 9.73686E-01
 3.84592E+00 3.99218E-01 6.39470E-01 9.36248E-01 9.74264E-01
 3.89045E+00 3.99450E-01 6.39841E-01 9.36791E-01 9.74829E-01
 3.93550E+00 3.99676E-01 6.40204E-01 9.37322E-01 9.75381E-01
 3.98107E+00 3.99898E-01 6.40559E-01 9.37842E-01 9.75922E-01
 4.02717E+00 4.00114E-01 6.40906E-01 9.38350E-01 9.76451E-01
 4.07380E+00 4.00326E-01 6.41245E-01 9.38847E-01 9.76968E-01
 4.12098E+00 4.00533E-01 6.41577E-01 9.39333E-01 9.77473E-01
 4.16869E+00 4.00736E-01 6.41902E-01 9.39808E-01 9.77968E-01
 4.21697E+00 4.00934E-01 6.42219E-01 9.40273E-01 9.78452E-01
 4.26580E+00 4.01128E-01 6.42530E-01 9.40728E-01 9.78925E-01
 4.31519E+00 4.01318E-01 6.42833E-01 9.41172E-01 9.79388E-01
 4.36516E+00 4.01503E-01 6.43130E-01 9.41607E-01 9.79840E-01
 4.41570E+00 4.01685E-01 6.43421E-01 9.42033E-01 9.80283E-01
 4.46684E+00 4.01862E-01 6.43705E-01 9.42449E-01 9.80716E-01
 4.51856E+00 4.02035E-01 6.43983E-01 9.42855E-01 9.81139E-01
 4.57088E+00 4.02205E-01 6.44255E-01 9.43253E-01 9.81553E-01
 4.62381E+00 4.02371E-01 6.44520E-01 9.43642E-01 9.81958E-01
 4.67735E+00 4.02533E-01 6.44780E-01 9.44023E-01 9.82354E-01
 4.73151E+00 4.02692E-01 6.45034E-01 9.44395E-01 9.82741E-01
 4.78630E+00 4.02847E-01 6.45283E-01 9.44758E-01 9.83119E-01
 4.84172E+00 4.02998E-01 6.45526E-01 9.45114E-01 9.83489E-01
 4.89779E+00 4.03147E-01 6.45763E-01 9.45462E-01 9.83851E-01
 4.95450E+00 4.03292E-01 6.45995E-01 9.45802E-01 9.84205E-01
 5.01187E+00 4.03434E-01 6.46223E-01 9.46135E-01 9.84551E-01
 5.06991E+00 4.03572E-01 6.46445E-01 9.46460E-01 9.84890E-01
 5.12861E+00 4.03708E-01 6.46662E-01 9.46778E-01 9.85221E-01
 5.18800E+00 4.03840E-01 6.46874E-01 9.47089E-01 9.85544E-01
 5.24807E+00 4.03970E-01 6.47082E-01 9.47393E-01 9.85860E-01
 5.30884E+00 4.04097E-01 6.47285E-01 9.47690E-01 9.86170E-01
 5.37032E+00 4.04221E-01 6.47483E-01 9.47980E-01 9.86472E-01
 5.43250E+00 4.04342E-01 6.47677E-01 9.48264E-01 9.86768E-01
 5.49541E+00 4.04460E-01 6.47867E-01 9.48542E-01 9.87057E-01
 5.55904E+00 4.04576E-01 6.48053E-01 9.48814E-01 9.87340E-01
 5.62341E+00 4.04689E-01 6.48234E-01 9.49079E-01 9.87616E-01
 5.68853E+00 4.04800E-01 6.48411E-01 9.49339E-01 9.87886E-01
 5.75440E+00 4.04908E-01 6.48585E-01 9.49593E-01 9.88150E-01
 5.82103E+00 4.05014E-01 6.48754E-01 9.49841E-01 9.88408E-01
 5.88844E+00 4.05117E-01 6.48920E-01 9.50084E-01 9.88661E-01
 5.95662E+00 4.05219E-01 6.49082E-01 9.50321E-01 9.88908E-01
 6.02560E+00 4.05317E-01 6.49240E-01 9.50553E-01 9.89149E-01
 6.09537E+00 4.05414E-01 6.49395E-01 9.50779E-01 9.89385E-01
 6.16595E+00 4.05509E-01 6.49546E-01 9.51001E-01 9.89615E-01
 6.23735E+00 4.05601E-01 6.49694E-01 9.51218E-01 9.89841E-01
 6.30957E+00 4.05691E-01 6.49839E-01 9.51429E-01 9.90061E-01
 6.38263E+00 4.05780E-01 6.49980E-01 9.51636E-01 9.90277E-01
 6.45654E+00 4.05866E-01 6.50119E-01 9.51839E-01 9.90487E-01
 6.53131E+00 4.05950E-01 6.50254E-01 9.52037E-01 9.90693E-01
 6.60693E+00 4.06033E-01 6.50386E-01 9.52230E-01 9.90894E-01
 6.68344E+00 4.06113E-01 6.50515E-01 9.52419E-01 9.91091E-01
 6.76083E+00 4.06192E-01 6.50641E-01 9.52604E-01 9.91284E-01
 6.83912E+00 4.06269E-01 6.50765E-01 9.52785E-01 9.91472E-01
 6.91831E+00 4.06345E-01 6.50885E-01 9.52961E-01 9.91655E-01
 6.99842E+00 4.06418E-01 6.51003E-01 9.53134E-01 9.91835E-01
 7.07946E+00 4.06490E-01 6.51119E-01 9.53303E-01 9.92011E-01
 7.16143E+00 4.06561E-01 6.51231E-01 9.53468E-01 9.92182E-01
 7.24436E+00 4.06629E-01 6.51342E-01 9.53629E-01 9.92350E-01
 7.32825E+00 4.06697E-01 6.51449E-01 9.53787E-01 9.92514E-01
 7.41310E+00 4.06762E-01 6.51554E-01 9.53941E-01 9.92675E-01
 7.49894E+00 4.06826E-01 6.51657E-01 9.54092E-01 9.92832E-01
 7.58578E+00 4.06889E-01 6.51758E-01 9.54239E-01 9.92985E-01
 7.67361E+00 4.06951E-01 6.51856E-01 9.54383E-01 9.93135E-01
 7.76247E+00 4.07011E-01 6.51952E-01 9.54523E-01 9.93281E-01
 7.85236E+00 4.07069E-01 6.52046E-01 9.54661E-01 9.93424E-01
 7.94328E+00 4.07127E-01 6.52138E-01 9.54795E-01 9.93564E-01
 8.03526E+00 4.07183E-01 6.52228E-01 9.54927E-01 9.93701E-01
 8.12831E+00 4.07237E-01 6.52316E-01 9.55055E-01 9.93834E-01
 8.22243E+00 4.07291E-01 6.52401E-01 9.55181E-01 9.93965E-01
 8.31764E+00 4.07343E-01 6.52485E-01 9.55303E-01 9.94093E-01
 8.41395E+00 4.07394E-01 6.52567E-01 9.55423E-01 9.94217E-01
 8.51138E+00 4.07444E-01 6.52647E-01 9.55541E-01 9.94339E-01
 8.60994E+00 4.07493E-01 6.52725E-01 9.55655E-01 9.94459E-01
 8.70964E+00 4.07541E-01 6.52802E-01 9.55767E-01 9.94575E-01
 8.81049E+00 4.07588E-01 6.52877E-01 9.55877E-01 9.94689E-01
 8.91251E+00 4.07633E-01 6.52950E-01 9.55984E-01 9.94800E-01
 9.01571E+00 4.07678E-01 6.53021E-01 9.56088E-01 9.94909E-01
 9.12011E+00 4.07721E-01 6.53091E-01 9.56190E-01 9.95016E-01
 9.22571E+00 4.07764E-01 6.53159E-01 9.56290E-01 9.95120E-01
 9.33254E+00 4.07806E-01 6.53226E-01 9.56388E-01 9.95221E-01
 9.44061E+00 4.07846E-01 6.53291E-01 9.56483E-01 9.95321E-01
 9.54993E+00 4.07886E-01 6.53355E-01 9.56577E-01 9.95418E-01
 9.66051E+00 4.07925E-01 6.53417E-01 9.56668E-01 9.95513E-01
 9.77237E+00 4.07963E-01 6.53478E-01 9.56757E-01 9.95605E-01
 9.88553E+00 4.08000E-01 6.53537E-01 9.56844E-01 9.95696E-01
 1.00000E+01 4.08037E-01 6.53596E-01 9.56929E-01 9.95784E-01
 1.01158E+01 4.08072E-01 6.53652E-01 9.57013E-01 9.95871E-01
 1.02329E+01 4.08107E-01 6.53708E-01 9.57094E-01 9.95956E-01
 1.03514E+01 4.08141E-01 6.53762E-01 9.57173E-01 9.96038E-01
 1.04713E+01 4.08174E-01 6.53815E-01 9.57251E-01 9.96119E-01
 1.05925E+01 4.08206E-01 6.53867E-01 9.57327E-01 9.96198E-01
 1.07152E+01 4.08238E-01 6.53918E-01 9.57401E-01 9.96275E-01
 1.08393E+01 4.08269E-01 6.53967E-01 9.57474E-01 9.96351E-01
 1.09648E+01 4.08299E-01 6.54016E-01 9.57545E-01 9.96425E-01
 1.10917E+01 4.08328E-01 6.54063E-01 9.57614E-01 9.96497E-01
 1.12202E+01 4.08357E-01 6.54109E-01 9.57682E-01 9.96567E-01
 1.13501E+01 4.08385E-01 6.54155E-01 9.57748E-01 9.96636E-01
 1.14815E+01 4.08413E-01 6.54199E-01 9.57812E-01 9.96703E-01
 1.16145E+01 4.08440E-01 6.54242E-01 9.57876E-01 9.96769E-01
 1.17490E+01 4.08466E-01 6.54284E-01 9.57937E-01 9.96834E-01
 1.18850E+01 4.08492E-01 6.54325E-01 9.57998E-01 9.96896E-01
 1.20226E+01 4.08517E-01 6.54366E-01 9.58057E-01 9.96958E-01
 1.21619E+01 4.08542E-01 6.54405E-01 9.58114E-01 9.97018E-01
 1.23027E+01 4.08566E-01 6.54444E-01 9.58171E-01 9.97076E-01
 1.24451E+01 4.08589E-01 6.54481E-01 9.58226E-01 9.97134E-01
 1.25893E+01 4.08612E-01 6.54518E-01 9.58280E-01 9.97190E-01
 1.27350E+01 4.08635E-01 6.54554E-01 9.58332E-01 9.97245E-01
 1.28825E+01 4.08657E-01 6.54589E-01 9.58384E-01 9.97298E-01
 1.30317E+01 4.08678E-01 6.54623E-01 9.58434E-01 9.97350E-01
 1.31826E+01 4.08699E-01 6.54657E-01 9.58483E-01 9.97401E-01
 1.33352E+01 4.08720E-01 6.54690E-01 9.58531E-01 9.97451E-01
 1.34896E+01 4.08740E-01 6.54722E-01 9.58578E-01 9.97500E-01
 1.36458E+01 4.08759E-01 6.54753E-01 9.58624E-01 9.97548E-01
 1.38038E+01 4.08778E-01 6.54784E-01 9.58669E-01 9.97595E-01
 1.39637E+01 4.08797E-01 6.54814E-01 9.58713E-01 9.97640E-01
 1.41254E+01 4.08815E-01 6.54843E-01 9.58755E-01 9.97685E-01
 1.42889E+01 4.08833E-01 6.54871E-01 9.58797E-01 9.97728E-01
 1.44544E+01 4.08850E-01 6.54899E-01 9.58838E-01 9.97771E-01
 1.46218E+01 4.08867E-01 6.54927E-01 9.58878E-01 9.97812E-01
 1.47911E+01 4.08884E-01 6.54953E-01 9.58917E-01 9.97853E-01
 1.49624E+01 4.08900E-01 6.54979E-01 9.58955E-01 9.97893E-01
 1.51356E+01 4.08916E-01 6.55005E-01 9.58993E-01 9.97932E-01
 1.53109E+01 4.08932E-01 6.55030E-01 9.59029E-01 9.97969E-01
 1.54882E+01 4.08947E-01 6.55054E-01 9.59065E-01 9.98007E-01
 1.56675E+01 4.08962E-01 6.55078E-01 9.59099E-01 9.98043E-01
 1.58489E+01 4.08976E-01 6.55101E-01 9.59134E-01 9.98078E-01
 1.60325E+01 4.08991E-01 6.55124E-01 9.59167E-01 9.98113E-01
 1.62181E+01 4.09004E-01 6.55146E-01 9.59199E-01 9.98147E-01
 1.64059E+01 4.09018E-01 6.55168E-01 9.59231E-01 9.98180E-01
 1.65959E+01 4.09031E-01 6.55189E-01 9.59262E-01 9.98212E-01
 1.67880E+01 4.09044E-01 6.55210E-01 9.59292E-01 9.98243E-01
 1.69824E+01 4.09057E-01 6.55230E-01 9.59322E-01 9.98274E-01
 1.71791E+01 4.09069E-01 6.55250E-01 9.59351E-01 9.98304E-01
 1.73780E+01 4.09081E-01 6.55269E-01 9.59379E-01 9.98334E-01
 1.75792E+01 4.09093E-01 6.55288E-01 9.59407E-01 9.98363E-01
 1.77828E+01 4.09105E-01 6.55306E-01 9.59434E-01 9.98391E-01
 1.79887E+01 4.09116E-01 6.55324E-01 9.59460E-01 9.98418E-01
 1.81970E+01 4.09127E-01 6.55342E-01 9.59486E-01 9.98445E-01
 1.84077E+01 4.09138E-01 6.55359E-01 9.59511E-01 9.98471E-01
 1.86209E+01 4.09148E-01 6.55376E-01 9.59536E-01 9.98497E-01
 1.88365E+01 4.09158E-01 6.55393E-01 9.59560E-01 9.98522E-01
 1.90546E+01 4.09168E-01 6.55409E-01 9.59584E-01 9.98547E-01
 1.92752E+01 4.09178E-01 6.55424E-01 9.59607E-01 9.98571E-01
 1.94984E+01 4.09188E-01 6.55440E-01 9.59629E-01 9.98594E-01
 1.97242E+01 4.09197E-01 6.55455E-01 9.59651E-01 9.98617E-01
 1.99526E+01 4.09206E-01 6.55469E-01 9.59673E-01 9.98639E-01
 2.01837E+01 4.09215E-01 6.55484E-01 9.59694E-01 9.98661E-01
 2.04174E+01 4.09224E-01 6.55498E-01 9.59714E-01 9.98683E-01
 2.06538E+01 4.09233E-01 6.55511E-01 9.59734E-01 9.98703E-01
 2.08930E+01 4.09241E-01 6.55525E-01 9.59754E-01 9.98724E-01
 2.11349E+01 4.09249E-01 6.55538E-01 9.59773E-01 9.98744E-01
 2.13796E+01 4.09257E-01 6.55551E-01 9.59792E-01 9.98763E-01
 2.16272E+01 4.09265E-01 6.55563E-01 9.59810E-01 9.98782E-01
 2.18776E+01 4.09273E-01 6.55575E-01 9.59828E-01 9.98801E-01
 2.21309E+01 4.09280E-01 6.55587E-01 9.59845E-01 9.98819E-01
 2.23872E+01 4.09287E-01 6.55599E-01 9.59863E-01 9.98837E-01
 2.26464E+01 4.09294E-01 6.55610E-01 9.59879E-01 9.98854E-01
 2.29087E+01 4.09301E-01 6.55622E-01 9.59896E-01 9.98871E-01
 2.31739E+01 4.09308E-01 6.55632E-01 9.59911E-01 9.98888E-01
 2.34423E+01 4.09315E-01 6.55643E-01 9.59927E-01 9.98904E-01
 2.37137E+01 4.09321E-01 6.55653E-01 9.59942E-01 9.98920E-01
 2.39883E+01 4.09328E-01 6.55664E-01 9.59957E-01 9.98935E-01
 2.42661E+01 4.09334E-01 6.55674E-01 9.59972E-01 9.98950E-01
 2.45471E+01 4.09340E-01 6.55683E-01 9.59986E-01 9.98965E-01
 2.48313E+01 4.09346E-01 6.55693E-01 9.60000E-01 9.98980E-01
 2.51189E+01 4.09352E-01 6.55702E-01 9.60013E-01 9.98994E-01
 2.54097E+01 4.09357E-01 6.55711E-01 9.60027E-01 9.99008E-01
 2.57040E+01 4.09363E-01 6.55720E-01 9.60040E-01 9.99021E-01
 2.60016E+01 4.09368E-01 6.55729E-01 9.60052E-01 9.99034E-01
 2.63027E+01 4.09373E-01 6.55737E-01 9.60065E-01 9.99047E-01
 2.66073E+01 4.09379E-01 6.55745E-01 9.60077E-01 9.99060E-01
 2.69153E+01 4.09384E-01 6.55753E-01 9.60088E-01 9.99072E-01
 2.72270E+01 4.09389E-01 6.55761E-01 9.60100E-01 9.99084E-01
 2.75423E+01 4.09393E-01 6.55769E-01 9.60111E-01 9.99096E-01
 2.78612E+01 4.09398E-01 6.55776E-01 9.60122E-01 9.99107E-01
 2.81838E+01 4.09403E-01 6.55784E-01 9.60133E-01 9.99118E-01
 2.85102E+01 4.09407E-01 6.55791E-01 9.60144E-01 9.99129E-01
 2.88403E+01 4.09412E-01 6.55798E-01 9.60154E-01 9.99140E-01
 2.91743E+01 4.09416E-01 6.55805E-01 9.60164E-01 9.99151E-01
 2.95121E+01 4.09420E-01 6.55812E-01 9.60174E-01 9.99161E-01
 2.98538E+01 4.09424E-01 6.55818E-01 9.60183E-01 9.99171E-01
 3.01995E+01 4.09428E-01 6.55825E-01 9.60193E-01 9.99181E-01
 3.05492E+01 4.09432E-01 6.55831E-01 9.60202E-01 9.99190E-01
 3.09030E+01 4.09436E-01 6.55837E-01 9.60211E-01 9.99199E-01
 3.12608E+01 4.09440E-01 6.55843E-01 9.60220E-01 9.99209E-01
 3.16228E+01 4.09443E-01 6.55849E-01 9.60228E-01 9.99217E-01
 3.19890E+01 4.09447E-01 6.55855E-01 9.60237E-01 9.99226E-01
 3.23594E+01 4.09450E-01 6.55860E-01 9.60245E-01 9.99235E-01
 3.27341E+01 4.09454E-01 6.55866E-01 9.60253E-01 9.99243E-01
 3.31131E+01 4.09457E-01 6.55871E-01 9.60261E-01 9.99251E-01
 3.34965E+01 4.09460E-01 6.55876E-01 9.60268E-01 9.99259E-01
 3.38844E+01 4.09463E-01 6.55881E-01 9.60276E-01 9.99267E-01
 3.42768E+01 4.09467E-01 6.55886E-01 9.60283E-01 9.99274E-01
 3.46737E+01 4.09470E-01 6.55891E-01 9.60290E-01 9.99282E-01
 3.50752E+01 4.09473E-01 6.55896E-01 9.60297E-01 9.99289E-01
 3.54813E+01 4.09475E-01 6.55900E-01 9.60304E-01 9.99296E-01
 3.58922E+01 4.09478E-01 6.55905E-01 9.60311E-01 9.99303E-01
 3.63078E+01 4.09481E-01 6.55909E-01 9.60317E-01 9.99310E-01
 3.67282E+01 4.09484E-01 6.55914E-01 9.60323E-01 9.99316E-01
 3.71535E+01 4.09486E-01 6.55918E-01 9.60330E-01 9.99323E-01
 3.75837E+01 4.09489E-01 6.55922E-01 9.60336E-01 9.99329E-01
 3.80189E+01 4.09492E-01 6.55926E-01 9.60342E-01 9.99335E-01
 3.84592E+01 4.09494E-01 6.55930E-01 9.60347E-01 9.99341E-01
 3.89045E+01 4.09496E-01 6.55934E-01 9.60353E-01 9.99347E-01
 3.93550E+01 4.09499E-01 6.55938E-01 9.60359E-01 9.99353E-01
 3.98107E+01 4.09501E-01 6.55942E-01 9.60364E-01 9.99359E-01
 4.02717E+01 4.09503E-01 6.55945E-01 9.60369E-01 9.99364E-01
 4.07380E+01 4.09506E-01 6.55949E-01 9.60374E-01 9.99369E-01
 4.12098E+01 4.09508E-01 6.55952E-01 9.60379E-01 9.99375E-01
 4.16869E+01 4.09510E-01 6.55955E-01 9.60384E-01 9.99380E-01
 4.21697E+01 4.09512E-01 6.55959E-01 9.60389E-01 9.99385E-01
 4.26580E+01 4.09514E-01 6.55962E-01 9.60394E-01 9.99390E-01
 4.31519E+01 4.09516E-01 6.55965E-01 9.60399E-01 9.99395E-01
 4.36516E+01 4.09518E-01 6.55968E-01 9.60403E-01 9.99399E-01
 4.41570E+01 4.09520E-01 6.55971E-01 9.60407E-01 9.99404E-01
 4.46684E+01 4.09521E-01 6.55974E-01 9.60412E-01 9.99408E-01
 4.51856E+01 4.09523E-01 6.55977E-01 9.60416E-01 9.99413E-01
 4.57088E+01 4.09525E-01 6.55980E-01 9.60420E-01 9.99417E-01
 4.62381E+01 4.09527E-01 6.55983E-01 9.60424E-01 9.99421E-01
 4.67735E+01 4.09528E-01 6.55985E-01 9.60428E-01 9.99425E-01
 4.73151E+01 4.09530E-01 6.55988E-01 9.60432E-01 9.99429E-01
 4.78630E+01 4.09532E-01 6.55990E-01 9.60435E-01 9.99433E-01
 4.84172E+01 4.09533E-01 6.55993E-01 9.60439E-01 9.99437E-01
 4.89779E+01 4.09535E-01 6.55995E-01 9.60443E-01 9.99441E-01
 4.95450E+01 4.09536E-01 6.55998E-01 9.60446E-01 9.99444E-01
 5.01187E+01 4.09538E-01 6.56000E-01 9.60450E-01 9.99448E-01
 5.06991E+01 4.09539E-01 6.56002E-01 9.60453E-01 9.99451E-01
 5.12861E+01 4.09540E-01 6.56004E-01 9.60456E-01 9.99455E-01
 5.18800E+01 4.09542E-01 6.56007E-01 9.60459E-01 9.99458E-01
 5.24807E+01 4.09543E-01 6.56009E-01 9.60462E-01 9.99461E-01
 5.30884E+01 4.09544E-01 6.56011E-01 9.60466E-01 9.99464E-01
 5.37032E+01 4.09546E-01 6.56013E-01 9.60468E-01 9.99467E-01
 5.43250E+01 4.09547E-01 6.56015E-01 9.60471E-01 9.99470E-01
 5.49541E+01 4.09548E-01 6.56017E-01 9.60474E-01 9.99473E-01
 5.55904E+01 4.09549E-01 6.56019E-01 9.60477E-01 9.99476E-01
 5.62341E+01 4.09550E-01 6.56021E-01 9.60480E-01 9.99479E-01
 5.68853E+01 4.09552E-01 6.56022E-01 9.60482E-01 9.99482E-01
 5.75440E+01 4.09553E-01 6.56024E-01 9.60485E-01 9.99484E-01
 5.82103E+01 4.09554E-01 6.56026E-01 9.60487E-01 9.99487E-01
 5.88844E+01 4.09555E-01 6.56028E-01 9.60490E-01 9.99490E-01
 5.95662E+01 4.09556E-01 6.56029E-01 9.60492E-01 9.99492E-01
 6.02560E+01 4.09557E-01 6.56031E-01 9.60495E-01 9.99495E-01
 6.09537E+01 4.09558E-01 6.56032E-01 9.60497E-01 9.99497E-01
 6.16595E+01 4.09559E-01 6.56034E-01 9.60499E-01 9.99499E-01
 6.23735E+01 4.09560E-01 6.56035E-01 9.60501E-01 9.99502E-01
 6.30957E+01 4.09561E-01 6.56037E-01 9.60504E-01 9.99504E-01
 6.38263E+01 4.09562E-01 6.56038E-01 9.60506E-01 9.99506E-01
 6.45654E+01 4.09562E-01 6.56040E-01 9.60508E-01 9.99508E-01
 6.53131E+01 4.09563E-01 6.56041E-01 9.60510E-01 9.99510E-01
 6.60693E+01 4.09564E-01 6.56042E-01 9.60512E-01 9.99512E-01
 6.68344E+01 4.09565E-01 6.56044E-01 9.60514E-01 9.99514E-01
 6.76083E+01 4.09566E-01 6.56045E-01 9.60516E-01 9.99516E-01
 6.83912E+01 4.09566E-01 6.56046E-01 9.60517E-01 9.99518E-01
 6.91831E+01 4.09567E-01 6.56048E-01 9.60519E-01 9.99520E-01
 6.99842E+01 4.09568E-01 6.56049E-01 9.60521E-01 9.99522E-01
 7.07946E+01 4.09569E-01 6.56050E-01 9.60523E-01 9.99524E-01
 7.16143E+01 4.09569E-01 6.56051E-01 9.60524E-01 9.99525E-01
 7.24436E+01 4.09570E-01 6.56052E-01 9.60526E-01 9.99527E-01
 7.32825E+01 4.09571E-01 6.56053E-01 9.60528E-01 9.99529E-01
 7.41310E+01 4.09571E-01 6.56054E-01 9.60529E-01 9.99530E-01
 7.49894E+01 4.09572E-01 6.56055E-01 9.60531E-01 9.99532E-01
 7.58578E+01 4.09573E-01 6.56056E-01 9.60532E-01 9.99534E-01
 7.67361E+01 4.09573E-01 6.56057E-01 9.60534E-01 9.99535E-01
 7.76247E+01 4.09574E-01 6.56058E-01 9.60535E-01 9.99537E-01
 7.85236E+01 4.09575E-01 6.56059E-01 9.60536E-01 9.99538E-01
 7.94328E+01 4.09575E-01 6.56060E-01 9.60538E-01 9.99539E-01
 8.03526E+01 4.09576E-01 6.56061E-01 9.60539E-01 9.99541E-01
 8.12831E+01 4.09576E-01 6.56062E-01 9.60540E-01 9.99542E-01
 8.22243E+01 4.09577E-01 6.56063E-01 9.60542E-01 9.99543E-01
 8.31764E+01 4.09577E-01 6.56064E-01 9.60543E-01 9.99545E-01
 8.41395E+01 4.09578E-01 6.56065E-01 9.60544E-01 9.99546E-01
 8.51138E+01 4.09578E-01 6.56065E-01 9.60545E-01 9.99547E-01
 8.60994E+01 4.09579E-01 6.56066E-01 9.60546E-01 9.99548E-01
 8.70964E+01 4.09579E-01 6.56067E-01 9.60548E-01 9.99550E-01
 8.81049E+01 4.09580E-01 6.56068E-01 9.60549E-01 9.99551E-01
 8.91251E+01 4.09580E-01 6.56068E-01 9.60550E-01 9.99552E-01
 9.01571E+01 4.09581E-01 6.56069E-01 9.60551E-01 9.99553E-01
 9.12011E+01 4.09581E-01 6.56070E-01 9.60552E-01 9.99554E-01
 9.22571E+01 4.09582E-01 6.56070E-01 9.60553E-01 9.99555E-01
 9.33254E+01 4.09582E-01 6.56071E-01 9.60554E-01 9.99556E-01
 9.44061E+01 4.09582E-01 6.56072E-01 9.60555E-01 9.99557E-01
 9.54993E+01 4.09583E-01 6.56072E-01 9.60556E-01 9.99558E-01
 9.66051E+01 4.09583E-01 6.56073E-01 9.60557E-01 9.99559E-01
 9.77237E+01 4.09584E-01 6.56074E-01 9.60557E-01 9.99560E-01
 9.88553E+01 4.09584E-01 6.56074E-01 9.60558E-01 9.99561E-01
 1.00000E+02 4.09584E-01 6.56075E-01 9.60559E-01 9.99562E-01
