 1.00000E-02 6.95656E-02 9.58756E-02 1.27976E-01 1.32330E-01
 2.00000E-02 7.15270E-02 9.87626E-02 1.32405E-01 1.37014E-01
 3.00000E-02 7.34167E-02 1.01563E-01 1.36800E-01 1.41605E-01
 4.00000E-02 7.52837E-02 1.04403E-01 1.41185E-01 1.46277E-01
 5.00000E-02 7.71539E-02 1.07223E-01 1.45656E-01 1.51029E-01
 6.00000E-02 7.90109E-02 1.10057E-01 1.50180E-01 1.55881E-01
 7.00000E-02 8.08618E-02 1.12884E-01 1.54770E-01 1.60813E-01
 8.00000E-02 8.27038E-02 1.15712E-01 1.59434E-01 1.65853E-01
 9.00000E-02 8.45414E-02 1.18541E-01 1.64163E-01 1.70998E-01
 1.00000E-01 8.63702E-02 1.21369E-01 1.68961E-01 1.76251E-01
 1.10000E-01 8.81907E-02 1.24197E-01 1.73833E-01 1.81620E-01
 1.20000E-01 9.00047E-02 1.27019E-01 1.78773E-01 1.87115E-01
 1.30000E-01 9.18097E-02 1.29838E-01 1.83782E-01 1.92739E-01
 1.40000E-01 9.36078E-02 1.32653E-01 1.88854E-01 1.98498E-01
 1.50000E-01 9.53989E-02 1.35462E-01 1.93990E-01 2.04403E-01
 1.60000E-01 9.71818E-02 1.38261E-01 1.99178E-01 2.10456E-01
 1.70000E-01 9.89563E-02 1.41055E-01 2.04414E-01 2.16668E-01
 1.80000E-01 1.00723E-01 1.43838E-01 2.09690E-01 2.23041E-01
 1.90000E-01 1.02483E-01 1.46611E-01 2.14995E-01 2.29584E-01
 2.00000E-01 1.04236E-01 1.49372E-01 2.20322E-01 2.36299E-01
 2.10000E-01 1.05981E-01 1.52124E-01 2.25656E-01 2.43189E-01
 2.20000E-01 1.07720E-01 1.54862E-01 2.30993E-01 2.50248E-01
 2.30000E-01 1.09452E-01 1.57588E-01 2.36317E-01 2.57459E-01
 2.40000E-01 1.11178E-01 1.60299E-01 2.41624E-01 2.64775E-01
 2.50000E-01 1.12898E-01 1.62999E-01 2.46903E-01 2.72129E-01
 2.60000E-01 1.14613E-01 1.65684E-01 2.52147E-01 2.79450E-01
 2.70000E-01 1.16324E-01 1.68355E-01 2.57353E-01 2.86692E-01
 2.80000E-01 1.18030E-01 1.71012E-01 2.62512E-01 2.93832E-01
 2.90000E-01 1.19732E-01 1.73655E-01 2.67624E-01 3.00857E-01
 3.00000E-01 1.21430E-01 1.76286E-01 2.72683E-01 3.07762E-01
 3.10000E-01 1.23126E-01 1.78902E-01 2.77686E-01 3.14544E-01
 3.20000E-01 1.24820E-01 1.81506E-01 2.82635E-01 3.21203E-01
 3.30000E-01 1.26511E-01 1.84097E-01 2.87526E-01 3.27740E-01
 3.40000E-01 1.28202E-01 1.86675E-01 2.92358E-01 3.34157E-01
 3.50000E-01 1.29891E-01 1.89242E-01 2.97131E-01 3.40457E-01
 3.60000E-01 1.31580E-01 1.91797E-01 3.01846E-01 3.46642E-01
 3.70000E-01 1.33269E-01 1.94340E-01 3.06504E-01 3.52712E-01
 3.80000E-01 1.34958E-01 1.96872E-01 3.11103E-01 3.58674E-01
 3.90000E-01 1.36647E-01 1.99394E-01 3.15645E-01 3.64526E-01
 4.00000E-01 1.38338E-01 2.01907E-01 3.20130E-01 3.70276E-01
 4.10000E-01 1.40029E-01 2.04410E-01 3.24560E-01 3.75921E-01
 4.20000E-01 1.41722E-01 2.06903E-01 3.28935E-01 3.81469E-01
 4.30000E-01 1.43416E-01 2.09388E-01 3.33257E-01 3.86918E-01
 4.40000E-01 1.45111E-01 2.11864E-01 3.37526E-01 3.92273E-01
 4.50000E-01 1.46808E-01 2.14332E-01 3.41744E-01 3.97536E-01
 4.60000E-01 1.48506E-01 2.16791E-01 3.45911E-01 4.02707E-01
 4.70000E-01 1.50206E-01 2.19243E-01 3.50030E-01 4.07793E-01
 4.80000E-01 1.51907E-01 2.21688E-01 3.54101E-01 4.12792E-01
 4.90000E-01 1.53609E-01 2.24124E-01 3.58126E-01 4.17709E-01
 5.00000E-01 1.55312E-01 2.26553E-01 3.62105E-01 4.22545E-01
 5.10000E-01 1.57016E-01 2.28975E-01 3.66040E-01 4.27300E-01
 5.20000E-01 1.58721E-01 2.31389E-01 3.69932E-01 4.31981E-01
 5.30000E-01 1.60426E-01 2.33796E-01 3.73781E-01 4.36586E-01
 5.40000E-01 1.62131E-01 2.36195E-01 3.77590E-01 4.41116E-01
 5.50000E-01 1.63836E-01 2.38586E-01 3.81359E-01 4.45577E-01
 5.60000E-01 1.65541E-01 2.40970E-01 3.85088E-01 4.49968E-01
 5.70000E-01 1.67245E-01 2.43346E-01 3.88780E-01 4.54290E-01
 5.80000E-01 1.68948E-01 2.45713E-01 3.92435E-01 4.58548E-01
 5.90000E-01 1.70650E-01 2.48073E-01 3.96055E-01 4.62741E-01
 6.00000E-01 1.72351E-01 2.50424E-01 3.99639E-01 4.66870E-01
 6.10000E-01 1.74051E-01 2.52767E-01 4.03189E-01 4.70939E-01
 6.20000E-01 1.75748E-01 2.55101E-01 4.06705E-01 4.74949E-01
 6.30000E-01 1.77444E-01 2.57426E-01 4.10189E-01 4.78899E-01
 6.40000E-01 1.79138E-01 2.59742E-01 4.13640E-01 4.82792E-01
 6.50000E-01 1.80828E-01 2.62049E-01 4.17059E-01 4.86631E-01
 6.60000E-01 1.82517E-01 2.64346E-01 4.20448E-01 4.90416E-01
 6.70000E-01 1.84202E-01 2.66634E-01 4.23806E-01 4.94147E-01
 6.80000E-01 1.85885E-01 2.68913E-01 4.27135E-01 4.97827E-01
 6.90000E-01 1.87565E-01 2.71181E-01 4.30435E-01 5.01457E-01
 7.00000E-01 1.89242E-01 2.73440E-01 4.33707E-01 5.05038E-01
 7.10000E-01 1.90916E-01 2.75689E-01 4.36950E-01 5.08571E-01
 7.20000E-01 1.92586E-01 2.77927E-01 4.40165E-01 5.12057E-01
 7.30000E-01 1.94253E-01 2.80156E-01 4.43353E-01 5.15498E-01
 7.40000E-01 1.95917E-01 2.82374E-01 4.46513E-01 5.18894E-01
 7.50000E-01 1.97577E-01 2.84582E-01 4.49647E-01 5.22247E-01
 7.60000E-01 1.99234E-01 2.86779E-01 4.52755E-01 5.25558E-01
 7.70000E-01 2.00887E-01 2.88967E-01 4.55836E-01 5.28828E-01
 7.80000E-01 2.02537E-01 2.91144E-01 4.58892E-01 5.32057E-01
 7.90000E-01 2.04184E-01 2.93311E-01 4.61922E-01 5.35247E-01
 8.00000E-01 2.05827E-01 2.95467E-01 4.64927E-01 5.38399E-01
 8.10000E-01 2.07467E-01 2.97613E-01 4.67907E-01 5.41513E-01
 8.20000E-01 2.09103E-01 2.99749E-01 4.70862E-01 5.44591E-01
 8.30000E-01 2.10736E-01 3.01875E-01 4.73793E-01 5.47633E-01
 8.40000E-01 2.12366E-01 3.03990E-01 4.76699E-01 5.50640E-01
 8.50000E-01 2.13993E-01 3.06096E-01 4.79582E-01 5.53614E-01
 8.60000E-01 2.15617E-01 3.08192E-01 4.82440E-01 5.56554E-01
 8.70000E-01 2.17237E-01 3.10277E-01 4.85274E-01 5.59463E-01
 8.80000E-01 2.18855E-01 3.12353E-01 4.88086E-01 5.62340E-01
 8.90000E-01 2.20469E-01 3.14420E-01 4.90873E-01 5.65186E-01
 9.00000E-01 2.22082E-01 3.16476E-01 4.93638E-01 5.68002E-01
 9.10000E-01 2.23691E-01 3.18524E-01 4.96379E-01 5.70789E-01
 9.20000E-01 2.25297E-01 3.20561E-01 4.99098E-01 5.73548E-01
 9.30000E-01 2.26901E-01 3.22590E-01 5.01794E-01 5.76279E-01
 9.40000E-01 2.28502E-01 3.24609E-01 5.04468E-01 5.78983E-01
 9.50000E-01 2.30101E-01 3.26620E-01 5.07120E-01 5.81661E-01
 9.60000E-01 2.31697E-01 3.28621E-01 5.09750E-01 5.84312E-01
 9.70000E-01 2.33291E-01 3.30614E-01 5.12358E-01 5.86939E-01
 9.80000E-01 2.34884E-01 3.32598E-01 5.14944E-01 5.89541E-01
 9.90000E-01 2.36473E-01 3.34573E-01 5.17508E-01 5.92120E-01
 1.00000E+00 2.38061E-01 3.36540E-01 5.20052E-01 5.94674E-01
 1.01158E+00 2.39897E-01 3.38807E-01 5.22971E-01 5.97604E-01
 1.02329E+00 2.41752E-01 3.41090E-01 5.25895E-01 6.00538E-01
 1.03514E+00 2.43626E-01 3.43387E-01 5.28825E-01 6.03475E-01
 1.04713E+00 2.45519E-01 3.45700E-01 5.31760E-01 6.06416E-01
 1.05925E+00 2.47432E-01 3.48028E-01 5.34700E-01 6.09361E-01
 1.07152E+00 2.49364E-01 3.50372E-01 5.37643E-01 6.12309E-01
 1.08393E+00 2.51317E-01 3.52731E-01 5.40591E-01 6.15262E-01
 1.09648E+00 2.53290E-01 3.55106E-01 5.43542E-01 6.18219E-01
 1.10917E+00 2.55283E-01 3.57497E-01 5.46498E-01 6.21179E-01
 1.12202E+00 2.57299E-01 3.59904E-01 5.49457E-01 6.24144E-01
 1.13501E+00 2.59335E-01 3.62327E-01 5.52419E-01 6.27112E-01
 1.14815E+00 2.61393E-01 3.64766E-01 5.55384E-01 6.30084E-01
 1.16145E+00 2.63474E-01 3.67222E-01 5.58352E-01 6.33060E-01
 1.17490E+00 2.65576E-01 3.69694E-01 5.61322E-01 6.36038E-01
 1.18850E+00 2.67702E-01 3.72182E-01 5.64295E-01 6.39020E-01
 1.20226E+00 2.69851E-01 3.74688E-01 5.67269E-01 6.42004E-01
 1.21619E+00 2.72024E-01 3.77210E-01 5.70246E-01 6.44991E-01
 1.23027E+00 2.74221E-01 3.79749E-01 5.73225E-01 6.47980E-01
 1.24451E+00 2.76442E-01 3.82305E-01 5.76204E-01 6.50970E-01
 1.25893E+00 2.78688E-01 3.84879E-01 5.79186E-01 6.53962E-01
 1.27350E+00 2.80959E-01 3.87469E-01 5.82169E-01 6.56954E-01
 1.28825E+00 2.83256E-01 3.90078E-01 5.85152E-01 6.59947E-01
 1.30317E+00 2.85580E-01 3.92704E-01 5.88137E-01 6.62940E-01
 1.31826E+00 2.87929E-01 3.95347E-01 5.91122E-01 6.65932E-01
 1.33352E+00 2.90307E-01 3.98009E-01 5.94107E-01 6.68924E-01
 1.34896E+00 2.92712E-01 4.00688E-01 5.97093E-01 6.71913E-01
 1.36458E+00 2.95145E-01 4.03385E-01 6.00079E-01 6.74901E-01
 1.38038E+00 2.97607E-01 4.06101E-01 6.03065E-01 6.77886E-01
 1.39637E+00 3.00098E-01 4.08835E-01 6.06051E-01 6.80869E-01
 1.41254E+00 3.02619E-01 4.11588E-01 6.09037E-01 6.83848E-01
 1.42889E+00 3.05171E-01 4.14360E-01 6.12022E-01 6.86823E-01
 1.44544E+00 3.07754E-01 4.17150E-01 6.15006E-01 6.89794E-01
 1.46218E+00 3.10369E-01 4.19959E-01 6.17990E-01 6.92761E-01
 1.47911E+00 3.13016E-01 4.22787E-01 6.20972E-01 6.95722E-01
 1.49624E+00 3.15697E-01 4.25635E-01 6.23953E-01 6.98677E-01
 1.51356E+00 3.18412E-01 4.28502E-01 6.26933E-01 7.01627E-01
 1.53109E+00 3.21162E-01 4.31389E-01 6.29911E-01 7.04570E-01
 1.54882E+00 3.23947E-01 4.34296E-01 6.32887E-01 7.07506E-01
 1.56675E+00 3.26769E-01 4.37223E-01 6.35861E-01 7.10436E-01
 1.58489E+00 3.29628E-01 4.40170E-01 6.38833E-01 7.13358E-01
 1.60325E+00 3.32526E-01 4.43138E-01 6.41802E-01 7.16271E-01
 1.62181E+00 3.35463E-01 4.46127E-01 6.44769E-01 7.19177E-01
 1.64059E+00 3.38440E-01 4.49137E-01 6.47732E-01 7.22074E-01
 1.65959E+00 3.41459E-01 4.52168E-01 6.50693E-01 7.24963E-01
 1.67880E+00 3.44521E-01 4.55220E-01 6.53650E-01 7.27842E-01
 1.69824E+00 3.47626E-01 4.58295E-01 6.56604E-01 7.30711E-01
 1.71791E+00 3.50776E-01 4.61391E-01 6.59553E-01 7.33571E-01
 1.73780E+00 3.53973E-01 4.64511E-01 6.62499E-01 7.36421E-01
 1.75792E+00 3.57217E-01 4.67653E-01 6.65440E-01 7.39260E-01
 1.77828E+00 3.60510E-01 4.70818E-01 6.68376E-01 7.42089E-01
 1.79887E+00 3.63854E-01 4.74008E-01 6.71307E-01 7.44907E-01
 1.81970E+00 3.67246E-01 4.77221E-01 6.74233E-01 7.47714E-01
 1.84077E+00 3.70642E-01 4.80459E-01 6.77154E-01 7.50510E-01
 1.86209E+00 3.74028E-01 4.83722E-01 6.80068E-01 7.53294E-01
 1.88365E+00 3.77404E-01 4.87010E-01 6.82977E-01 7.56067E-01
 1.90546E+00 3.80769E-01 4.90324E-01 6.85879E-01 7.58827E-01
 1.92752E+00 3.84122E-01 4.93665E-01 6.88774E-01 7.61576E-01
 1.94984E+00 3.87463E-01 4.97033E-01 6.91663E-01 7.64311E-01
 1.97242E+00 3.90790E-01 5.00429E-01 6.94544E-01 7.67035E-01
 1.99526E+00 3.94103E-01 5.03854E-01 6.97418E-01 7.69746E-01
 2.01837E+00 3.97402E-01 5.07307E-01 7.00284E-01 7.72444E-01
 2.04174E+00 4.00686E-01 5.10791E-01 7.03141E-01 7.75128E-01
 2.06538E+00 4.03953E-01 5.14305E-01 7.05991E-01 7.77800E-01
 2.08930E+00 4.07204E-01 5.17850E-01 7.08831E-01 7.80458E-01
 2.11349E+00 4.10438E-01 5.21427E-01 7.11663E-01 7.83102E-01
 2.13796E+00 4.13653E-01 5.25038E-01 7.14485E-01 7.85732E-01
 2.16272E+00 4.16850E-01 5.28682E-01 7.17297E-01 7.88349E-01
 2.18776E+00 4.20028E-01 5.32362E-01 7.20100E-01 7.90951E-01
 2.21309E+00 4.23186E-01 5.36077E-01 7.22893E-01 7.93539E-01
 2.23872E+00 4.26324E-01 5.39830E-01 7.25675E-01 7.96112E-01
 2.26464E+00 4.29441E-01 5.43621E-01 7.28446E-01 7.98671E-01
 2.29087E+00 4.32537E-01 5.47450E-01 7.31207E-01 8.01214E-01
 2.31739E+00 4.35610E-01 5.51319E-01 7.33957E-01 8.03743E-01
 2.34423E+00 4.38661E-01 5.55181E-01 7.36695E-01 8.06256E-01
 2.37137E+00 4.41689E-01 5.59013E-01 7.39421E-01 8.08754E-01
 2.39883E+00 4.44694E-01 5.62816E-01 7.42135E-01 8.11235E-01
 2.42661E+00 4.47675E-01 5.66589E-01 7.44838E-01 8.13701E-01
 2.45471E+00 4.50631E-01 5.70330E-01 7.47528E-01 8.16151E-01
 2.48313E+00 4.53563E-01 5.74041E-01 7.50205E-01 8.18585E-01
 2.51189E+00 4.56470E-01 5.77720E-01 7.52870E-01 8.21002E-01
 2.54097E+00 4.59351E-01 5.81366E-01 7.55521E-01 8.23403E-01
 2.57040E+00 4.62206E-01 5.84979E-01 7.58160E-01 8.25786E-01
 2.60016E+00 4.65035E-01 5.88559E-01 7.60785E-01 8.28153E-01
 2.63027E+00 4.67837E-01 5.92106E-01 7.63397E-01 8.30502E-01
 2.66073E+00 4.70612E-01 5.95618E-01 7.65994E-01 8.32834E-01
 2.69153E+00 4.73360E-01 5.99096E-01 7.68579E-01 8.35148E-01
 2.72270E+00 4.76081E-01 6.02539E-01 7.71149E-01 8.37445E-01
 2.75423E+00 4.78773E-01 6.05948E-01 7.73705E-01 8.39723E-01
 2.78612E+00 4.81438E-01 6.09320E-01 7.76247E-01 8.41983E-01
 2.81838E+00 4.84075E-01 6.12657E-01 7.78774E-01 8.44225E-01
 2.85102E+00 4.86683E-01 6.15958E-01 7.81287E-01 8.46448E-01
 2.88403E+00 4.89262E-01 6.19222E-01 7.83786E-01 8.48652E-01
 2.91743E+00 4.91813E-01 6.22451E-01 7.86270E-01 8.50837E-01
 2.95121E+00 4.94334E-01 6.25642E-01 7.88739E-01 8.53004E-01
 2.98538E+00 4.96827E-01 6.28797E-01 7.91194E-01 8.55151E-01
 3.01995E+00 4.99290E-01 6.31915E-01 7.93633E-01 8.57279E-01
 3.05492E+00 5.01725E-01 6.34995E-01 7.96058E-01 8.59387E-01
 3.09030E+00 5.04129E-01 6.38039E-01 7.98468E-01 8.61475E-01
 3.12608E+00 5.06504E-01 6.41045E-01 8.00863E-01 8.63544E-01
 3.16228E+00 5.08850E-01 6.44013E-01 8.03243E-01 8.65593E-01
 3.19890E+00 5.11166E-01 6.46945E-01 8.05609E-01 8.67622E-01
 3.23594E+00 5.13453E-01 6.49839E-01 8.07959E-01 8.69630E-01
 3.27341E+00 5.15710E-01 6.52695E-01 8.10295E-01 8.71619E-01
 3.31131E+00 5.17937E-01 6.55514E-01 8.12616E-01 8.73587E-01
 3.34965E+00 5.20135E-01 6.58295E-01 8.14922E-01 8.75534E-01
 3.38844E+00 5.22303E-01 6.61039E-01 8.17213E-01 8.77461E-01
 3.42768E+00 5.24441E-01 6.63746E-01 8.19490E-01 8.79368E-01
 3.46737E+00 5.26550E-01 6.66415E-01 8.21752E-01 8.81254E-01
 3.50752E+00 5.28630E-01 6.69048E-01 8.24000E-01 8.83119E-01
 3.54813E+00 5.30681E-01 6.71643E-01 8.26233E-01 8.84964E-01
 3.58922E+00 5.32702E-01 6.74201E-01 8.28452E-01 8.86787E-01
 3.63078E+00 5.34694E-01 6.76723E-01 8.30657E-01 8.88590E-01
 3.67282E+00 5.36658E-01 6.79207E-01 8.32847E-01 8.90373E-01
 3.71535E+00 5.38592E-01 6.81656E-01 8.35024E-01 8.92134E-01
 3.75837E+00 5.40498E-01 6.84068E-01 8.37187E-01 8.93875E-01
 3.80189E+00 5.42375E-01 6.86444E-01 8.39337E-01 8.95594E-01
 3.84592E+00 5.44224E-01 6.88783E-01 8.41472E-01 8.97293E-01
 3.89045E+00 5.46045E-01 6.91088E-01 8.43595E-01 8.98971E-01
 3.93550E+00 5.47837E-01 6.93356E-01 8.45704E-01 9.00629E-01
 3.98107E+00 5.49602E-01 6.95590E-01 8.47801E-01 9.02266E-01
 4.02717E+00 5.51339E-01 6.97788E-01 8.49884E-01 9.03882E-01
 4.07380E+00 5.53049E-01 6.99952E-01 8.51955E-01 9.05477E-01
 4.12098E+00 5.54731E-01 7.02081E-01 8.54014E-01 9.07052E-01
 4.16869E+00 5.56386E-01 7.04177E-01 8.56060E-01 9.08606E-01
 4.21697E+00 5.58015E-01 7.06238E-01 8.58094E-01 9.10140E-01
 4.26580E+00 5.59617E-01 7.08265E-01 8.60117E-01 9.11653E-01
 4.31519E+00 5.61193E-01 7.10260E-01 8.62128E-01 9.13146E-01
 4.36516E+00 5.62742E-01 7.12221E-01 8.64127E-01 9.14619E-01
 4.41570E+00 5.64266E-01 7.14149E-01 8.66115E-01 9.16072E-01
 4.46684E+00 5.65764E-01 7.16045E-01 8.68093E-01 9.17505E-01
 4.51856E+00 5.67237E-01 7.17910E-01 8.70059E-01 9.18918E-01
 4.57088E+00 5.68685E-01 7.19742E-01 8.72016E-01 9.20311E-01
 4.62381E+00 5.70108E-01 7.21543E-01 8.73961E-01 9.21685E-01
 4.67735E+00 5.71506E-01 7.23313E-01 8.75897E-01 9.23039E-01
 4.73151E+00 5.72881E-01 7.25052E-01 8.77823E-01 9.24373E-01
 4.78630E+00 5.74231E-01 7.26761E-01 8.79739E-01 9.25688E-01
 4.84172E+00 5.75557E-01 7.28440E-01 8.81646E-01 9.26984E-01
 4.89779E+00 5.76860E-01 7.30089E-01 8.83544E-01 9.28261E-01
 4.95450E+00 5.78140E-01 7.31709E-01 8.85433E-01 9.29519E-01
 5.01187E+00 5.79398E-01 7.33300E-01 8.87313E-01 9.30759E-01
 5.06991E+00 5.80632E-01 7.34862E-01 8.89184E-01 9.31980E-01
 5.12861E+00 5.81844E-01 7.36397E-01 8.91040E-01 9.33182E-01
 5.18800E+00 5.83034E-01 7.37903E-01 8.92863E-01 9.34366E-01
 5.24807E+00 5.84203E-01 7.39382E-01 8.94652E-01 9.35532E-01
 5.30884E+00 5.85350E-01 7.40834E-01 8.96409E-01 9.36680E-01
 5.37032E+00 5.86476E-01 7.42259E-01 8.98133E-01 9.37810E-01
 5.43250E+00 5.87581E-01 7.43657E-01 8.99825E-01 9.38923E-01
 5.49541E+00 5.88666E-01 7.45030E-01 9.01486E-01 9.40018E-01
 5.55904E+00 5.89730E-01 7.46377E-01 9.03116E-01 9.41095E-01
 5.62341E+00 5.90774E-01 7.47699E-01 9.04715E-01 9.42156E-01
 5.68853E+00 5.91799E-01 7.48995E-01 9.06284E-01 9.43200E-01
 5.75440E+00 5.92804E-01 7.50268E-01 9.07824E-01 9.44227E-01
 5.82103E+00 5.93790E-01 7.51516E-01 9.09334E-01 9.45237E-01
 5.88844E+00 5.94758E-01 7.52740E-01 9.10815E-01 9.46231E-01
 5.95662E+00 5.95706E-01 7.53941E-01 9.12268E-01 9.47209E-01
 6.02560E+00 5.96637E-01 7.55119E-01 9.13693E-01 9.48171E-01
 6.09537E+00 5.97549E-01 7.56273E-01 9.15091E-01 9.49117E-01
 6.16595E+00 5.98444E-01 7.57406E-01 9.16461E-01 9.50048E-01
 6.23735E+00 5.99322E-01 7.58517E-01 9.17805E-01 9.50963E-01
 6.30957E+00 6.00182E-01 7.59606E-01 9.19123E-01 9.51862E-01
 6.38263E+00 6.01026E-01 7.60673E-01 9.20414E-01 9.52747E-01
 6.45654E+00 6.01853E-01 7.61720E-01 9.21681E-01 9.53617E-01
 6.53131E+00 6.02663E-01 7.62746E-01 9.22922E-01 9.54472E-01
 6.60693E+00 6.03458E-01 7.63751E-01 9.24139E-01 9.55312E-01
 6.68344E+00 6.04237E-01 7.64737E-01 9.25332E-01 9.56138E-01
 6.76083E+00 6.05000E-01 7.65703E-01 9.26501E-01 9.56951E-01
 6.83912E+00 6.05748E-01 7.66650E-01 9.27646E-01 9.57749E-01
 6.91831E+00 6.06481E-01 7.67578E-01 9.28769E-01 9.58533E-01
 6.99842E+00 6.07200E-01 7.68487E-01 9.29869E-01 9.59304E-01
 7.07946E+00 6.07903E-01 7.69378E-01 9.30947E-01 9.60061E-01
 7.16143E+00 6.08593E-01 7.70251E-01 9.32003E-01 9.60806E-01
 7.24436E+00 6.09269E-01 7.71106E-01 9.33038E-01 9.61537E-01
 7.32825E+00 6.09931E-01 7.71944E-01 9.34052E-01 9.62256E-01
 7.41310E+00 6.10579E-01 7.72765E-01 9.35045E-01 9.62962E-01
 7.49894E+00 6.11215E-01 7.73569E-01 9.36018E-01 9.63655E-01
 7.58578E+00 6.11837E-01 7.74356E-01 9.36971E-01 9.64336E-01
 7.67361E+00 6.12447E-01 7.75128E-01 9.37905E-01 9.65006E-01
 7.76247E+00 6.13044E-01 7.75883E-01 9.38819E-01 9.65663E-01
 7.85236E+00 6.13628E-01 7.76623E-01 9.39714E-01 9.66309E-01
 7.94328E+00 6.14201E-01 7.77348E-01 9.40591E-01 9.66943E-01
 8.03526E+00 6.14762E-01 7.78058E-01 9.41450E-01 9.67565E-01
 8.12831E+00 6.15311E-01 7.78753E-01 9.42291E-01 9.68177E-01
 8.22243E+00 6.15849E-01 7.79434E-01 9.43115E-01 9.68778E-01
 8.31764E+00 6.16375E-01 7.80100E-01 9.43921E-01 9.69368E-01
 8.41395E+00 6.16891E-01 7.80752E-01 9.44710E-01 9.69947E-01
 8.51138E+00 6.17396E-01 7.81391E-01 9.45483E-01 9.70516E-01
 8.60994E+00 6.17890E-01 7.82017E-01 9.46240E-01 9.71074E-01
 8.70964E+00 6.18374E-01 7.82629E-01 9.46981E-01 9.71622E-01
 8.81049E+00 6.18847E-01 7.83229E-01 9.47707E-01 9.72161E-01
 8.91251E+00 6.19311E-01 7.83815E-01 9.48417E-01 9.72690E-01
 9.01571E+00 6.19765E-01 7.84390E-01 9.49112E-01 9.73209E-01
 9.12011E+00 6.20209E-01 7.84952E-01 9.49792E-01 9.73718E-01
 9.22571E+00 6.20644E-01 7.85503E-01 9.50458E-01 9.74218E-01
 9.33254E+00 6.21070E-01 7.86041E-01 9.51110E-01 9.74710E-01
 9.44061E+00 6.21486E-01 7.86569E-01 9.51748E-01 9.75192E-01
 9.54993E+00 6.21894E-01 7.87085E-01 9.52373E-01 9.75665E-01
 9.66051E+00 6.22293E-01 7.87590E-01 9.52984E-01 9.76130E-01
 9.77237E+00 6.22684E-01 7.88084E-01 9.53582E-01 9.76586E-01
 9.88553E+00 6.23066E-01 7.88568E-01 9.54167E-01 9.77034E-01
 1.00000E+01 6.23440E-01 7.89041E-01 9.54740E-01 9.77473E-01
 1.01158E+01 6.23806E-01 7.89505E-01 9.55301E-01 9.77905E-01
 1.02329E+01 6.24164E-01 7.89958E-01 9.55849E-01 9.78328E-01
 1.03514E+01 6.24515E-01 7.90402E-01 9.56386E-01 9.83263E-01
 1.04713E+01 6.24858E-01 7.90836E-01 9.56911E-01 9.94691E-01
 1.05925E+01 6.25193E-01 7.91260E-01 9.57425E-01 1.00617E+00
 1.07152E+01 6.25522E-01 7.91676E-01 9.57928E-01 1.01774E+00
 1.08393E+01 6.25843E-01 7.92082E-01 9.58420E-01 1.02932E+00
 1.09648E+01 6.26157E-01 7.92480E-01 9.58901E-01 1.04101E+00
 1.10917E+01 6.26465E-01 7.92869E-01 9.59372E-01 1.05271E+00
 1.12202E+01 6.26765E-01 7.93250E-01 9.59832E-01 1.06448E+00
 1.13501E+01 6.27060E-01 7.93622E-01 9.60283E-01 1.07630E+00
 1.14815E+01 6.27347E-01 7.93987E-01 9.60724E-01 1.08815E+00
 1.16145E+01 6.27629E-01 7.94343E-01 9.61155E-01 1.10006E+00
 1.17490E+01 6.27905E-01 7.94692E-01 9.61577E-01 1.11199E+00
 1.18850E+01 6.28174E-01 7.95033E-01 9.61990E-01 1.12398E+00
 1.20226E+01 6.28438E-01 7.95366E-01 9.62393E-01 1.13597E+00
 1.21619E+01 6.28696E-01 7.95693E-01 9.62788E-01 1.14803E+00
 1.23027E+01 6.28948E-01 7.96012E-01 9.63175E-01 1.16008E+00
 1.24451E+01 6.29194E-01 7.96324E-01 9.63552E-01 1.17220E+00
 1.25893E+01 6.29436E-01 7.96630E-01 9.63922E-01 1.18429E+00
 1.27350E+01 6.29672E-01 7.96928E-01 9.64283E-01 1.19644E+00
 1.28825E+01 6.29903E-01 7.97221E-01 9.64637E-01 1.20857E+00
 1.30317E+01 6.30128E-01 7.97506E-01 9.64983E-01 1.22074E+00
 1.31826E+01 6.30349E-01 7.97786E-01 9.65321E-01 1.23289E+00
 1.33352E+01 6.30565E-01 7.98059E-01 9.65652E-01 1.24507E+00
 1.34896E+01 6.30776E-01 7.98326E-01 9.65975E-01 1.25723E+00
 1.36458E+01 6.30983E-01 7.98588E-01 9.66291E-01 1.26938E+00
 1.38038E+01 6.31185E-01 7.98844E-01 9.66601E-01 1.28154E+00
 1.39637E+01 6.31383E-01 7.99094E-01 9.66903E-01 1.29365E+00
 1.41254E+01 6.31576E-01 7.99338E-01 9.67199E-01 1.30580E+00
 1.42889E+01 6.31765E-01 7.99577E-01 9.67488E-01 1.31786E+00
 1.44544E+01 6.31949E-01 7.99811E-01 9.67771E-01 1.32997E+00
 1.46218E+01 6.32130E-01 8.00040E-01 9.68048E-01 1.34200E+00
 1.47911E+01 6.32307E-01 8.00263E-01 9.68319E-01 1.35400E+00
 1.49624E+01 6.32480E-01 8.00482E-01 9.68583E-01 1.36598E+00
 1.51356E+01 6.32648E-01 8.00696E-01 9.68842E-01 1.37785E+00
 1.53109E+01 6.32814E-01 8.00905E-01 9.69095E-01 1.38977E+00
 1.54882E+01 6.32975E-01 8.01109E-01 9.69342E-01 1.40157E+00
 1.56675E+01 6.33133E-01 8.01309E-01 9.69584E-01 1.41332E+00
 1.58489E+01 6.33288E-01 8.01505E-01 9.69820E-01 1.42504E+00
 1.60325E+01 6.33439E-01 8.01696E-01 9.70052E-01 1.43662E+00
 1.62181E+01 6.33586E-01 8.01882E-01 9.70278E-01 1.44820E+00
 1.64059E+01 6.33731E-01 8.02065E-01 9.70499E-01 1.45967E+00
 1.65959E+01 6.33872E-01 8.02244E-01 9.70715E-01 1.47101E+00
 1.67880E+01 6.34010E-01 8.02418E-01 9.70926E-01 1.48236E+00
 1.69824E+01 6.34145E-01 8.02589E-01 9.71133E-01 1.49355E+00
 1.71791E+01 6.34276E-01 8.02756E-01 9.71335E-01 1.50462E+00
 1.73780E+01 6.34405E-01 8.02919E-01 9.71532E-01 1.51566E+00
 1.75792E+01 6.34532E-01 8.03079E-01 9.71726E-01 1.52652E+00
 1.77828E+01 6.34655E-01 8.03235E-01 9.71914E-01 1.53728E+00
 1.79887E+01 6.34775E-01 8.03388E-01 9.72099E-01 1.54797E+00
 1.81970E+01 6.34893E-01 8.03537E-01 9.72279E-01 1.55846E+00
 1.84077E+01 6.35008E-01 8.03683E-01 9.72456E-01 1.56884E+00
 1.86209E+01 6.35121E-01 8.03825E-01 9.72628E-01 1.57913E+00
 1.88365E+01 6.35231E-01 8.03964E-01 9.72797E-01 1.58921E+00
 1.90546E+01 6.35339E-01 8.04101E-01 9.72962E-01 1.59914E+00
 1.92752E+01 6.35444E-01 8.04234E-01 9.73123E-01 1.60900E+00
 1.94984E+01 6.35547E-01 8.04364E-01 9.73281E-01 1.61863E+00
 1.97242E+01 6.35647E-01 8.04491E-01 9.73435E-01 1.62805E+00
 1.99526E+01 6.35746E-01 8.04616E-01 9.73585E-01 1.63744E+00
 2.01837E+01 6.35842E-01 8.04737E-01 9.73732E-01 1.64657E+00
 2.04174E+01 6.35936E-01 8.04856E-01 9.73876E-01 1.65546E+00
 2.06538E+01 6.36028E-01 8.04973E-01 9.74017E-01 1.66428E+00
 2.08930E+01 6.36118E-01 8.05086E-01 9.74154E-01 1.67289E+00
 2.11349E+01 6.36205E-01 8.05197E-01 9.74289E-01 1.68123E+00
 2.13796E+01 6.36291E-01 8.05306E-01 9.74420E-01 1.68939E+00
 2.16272E+01 6.36375E-01 8.05412E-01 9.74549E-01 1.69743E+00
 2.18776E+01 6.36457E-01 8.05516E-01 9.74674E-01 1.70518E+00
 2.21309E+01 6.36537E-01 8.05617E-01 9.74797E-01 1.71265E+00
 2.23872E+01 6.36615E-01 8.05716E-01 9.74917E-01 1.72005E+00
 2.26464E+01 6.36692E-01 8.05813E-01 9.75034E-01 1.72718E+00
 2.29087E+01 6.36767E-01 8.05908E-01 9.75149E-01 1.73401E+00
 2.31739E+01 6.36840E-01 8.06001E-01 9.75261E-01 1.74060E+00
 2.34423E+01 6.36912E-01 8.06091E-01 9.75370E-01 1.74708E+00
 2.37137E+01 6.36982E-01 8.06180E-01 9.75477E-01 1.75324E+00
 2.39883E+01 6.37050E-01 8.06266E-01 9.75582E-01 1.75909E+00
 2.42661E+01 6.37117E-01 8.06351E-01 9.75684E-01 1.76474E+00
 2.45471E+01 6.37182E-01 8.06433E-01 9.75784E-01 1.77021E+00
 2.48313E+01 6.37246E-01 8.06514E-01 9.75882E-01 1.77534E+00
 2.51189E+01 6.37308E-01 8.06593E-01 9.75978E-01 1.78015E+00
 2.54097E+01 6.37369E-01 8.06670E-01 9.76071E-01 1.78478E+00
 2.57040E+01 6.37429E-01 8.06746E-01 9.76162E-01 1.78918E+00
 2.60016E+01 6.37487E-01 8.06820E-01 9.76252E-01 1.79324E+00
 2.63027E+01 6.37544E-01 8.06892E-01 9.76339E-01 1.79694E+00
 2.66073E+01 6.37600E-01 8.06962E-01 9.76424E-01 1.80048E+00
 2.69153E+01 6.37654E-01 8.07031E-01 9.76507E-01 1.80377E+00
 2.72270E+01 6.37707E-01 8.07098E-01 9.76589E-01 1.80671E+00
 2.75423E+01 6.37759E-01 8.07164E-01 9.76668E-01 1.80928E+00
 2.78612E+01 6.37810E-01 8.07228E-01 9.76746E-01 1.81166E+00
 2.81838E+01 6.37860E-01 8.07291E-01 9.76822E-01 1.81380E+00
 2.85102E+01 6.37908E-01 8.07353E-01 9.76897E-01 1.81557E+00
 2.88403E+01 6.37956E-01 8.07413E-01 9.76969E-01 1.81698E+00
 2.91743E+01 6.38002E-01 8.07471E-01 9.77040E-01 1.81813E+00
 2.95121E+01 6.38047E-01 8.07529E-01 9.77110E-01 1.81910E+00
 2.98538E+01 6.38092E-01 8.07585E-01 9.77178E-01 1.81970E+00
 3.01995E+01 6.38135E-01 8.07640E-01 9.77244E-01 1.81992E+00
 3.05492E+01 6.38177E-01 8.07693E-01 9.77309E-01 1.81980E+00
 3.09030E+01 6.38219E-01 8.07745E-01 9.77372E-01 1.81959E+00
 3.12608E+01 6.38259E-01 8.07797E-01 9.77434E-01 1.81899E+00
 3.16228E+01 6.38299E-01 8.07847E-01 9.77494E-01 1.81802E+00
 3.19890E+01 6.38337E-01 8.07895E-01 9.77554E-01 1.81667E+00
 3.23594E+01 6.38375E-01 8.07943E-01 9.77611E-01 1.81519E+00
 3.27341E+01 6.38412E-01 8.07990E-01 9.77668E-01 1.81340E+00
 3.31131E+01 6.38448E-01 8.08036E-01 9.77723E-01 1.81124E+00
 3.34965E+01 6.38483E-01 8.08080E-01 9.77777E-01 1.80871E+00
 3.38844E+01 6.38518E-01 8.08124E-01 9.77830E-01 1.80589E+00
 3.42768E+01 6.38551E-01 8.08166E-01 9.77881E-01 1.80293E+00
 3.46737E+01 6.38584E-01 8.08208E-01 9.77932E-01 1.79960E+00
 3.50752E+01 6.38616E-01 8.08249E-01 9.77981E-01 1.79590E+00
 3.54813E+01 6.38648E-01 8.08288E-01 9.78029E-01 1.79182E+00
 3.58922E+01 6.38678E-01 8.08327E-01 9.78076E-01 1.78764E+00
 3.63078E+01 6.38708E-01 8.08365E-01 9.78122E-01 1.78316E+00
 3.67282E+01 6.38738E-01 8.08402E-01 9.78167E-01 1.77831E+00
 3.71535E+01 6.38766E-01 8.08439E-01 9.78211E-01 1.77311E+00
 3.75837E+01 6.38794E-01 8.08474E-01 9.78254E-01 1.76761E+00
 3.80189E+01 6.38822E-01 8.08509E-01 9.78296E-01 1.76203E+00
 3.84592E+01 6.38849E-01 8.08543E-01 9.78337E-01 1.75609E+00
 3.89045E+01 6.38875E-01 8.08576E-01 9.78377E-01 1.74979E+00
 3.93550E+01 6.38900E-01 8.08608E-01 9.78416E-01 1.74316E+00
 3.98107E+01 6.38925E-01 8.08640E-01 9.78454E-01 1.73637E+00
 4.02717E+01 6.38950E-01 8.08671E-01 9.78492E-01 1.72939E+00
 4.07380E+01 6.38974E-01 8.08701E-01 9.78528E-01 1.72206E+00
 4.12098E+01 6.38997E-01 8.08730E-01 9.78564E-01 1.71441E+00
 4.16869E+01 6.39020E-01 8.08759E-01 9.78599E-01 1.70643E+00
 4.21697E+01 6.39042E-01 8.08787E-01 9.78633E-01 1.69843E+00
 4.26580E+01 6.39064E-01 8.08815E-01 9.78666E-01 1.69014E+00
 4.31519E+01 6.39085E-01 8.08842E-01 9.78699E-01 1.68154E+00
 4.36516E+01 6.39106E-01 8.08868E-01 9.78731E-01 1.67263E+00
 4.41570E+01 6.39126E-01 8.08894E-01 9.78762E-01 1.66348E+00
 4.46684E+01 6.39146E-01 8.08919E-01 9.78792E-01 1.65430E+00
 4.51856E+01 6.39165E-01 8.08944E-01 9.78822E-01 1.64483E+00
 4.57088E+01 6.39184E-01 8.08968E-01 9.78851E-01 1.63506E+00
 4.62381E+01 6.39203E-01 8.08991E-01 9.78879E-01 1.62500E+00
 4.67735E+01 6.39221E-01 8.09014E-01 9.78907E-01 1.61484E+00
 4.73151E+01 6.39239E-01 8.09036E-01 9.78934E-01 1.60457E+00
 4.78630E+01 6.39256E-01 8.09058E-01 9.78961E-01 1.59403E+00
 4.84172E+01 6.39273E-01 8.09080E-01 9.78987E-01 1.58323E+00
 4.89779E+01 6.39289E-01 8.09101E-01 9.79012E-01 1.57217E+00
 4.95450E+01 6.39306E-01 8.09121E-01 9.79037E-01 1.56112E+00
 5.01187E+01 6.39321E-01 8.09141E-01 9.79061E-01 1.54990E+00
 5.06991E+01 6.39337E-01 8.09161E-01 9.79084E-01 1.53844E+00
 5.12861E+01 6.39352E-01 8.09180E-01 9.79107E-01 1.52675E+00
 5.18800E+01 6.39367E-01 8.09198E-01 9.79130E-01 1.51483E+00
 5.24807E+01 6.39381E-01 8.09217E-01 9.79152E-01 1.50302E+00
 5.30884E+01 6.39395E-01 8.09234E-01 9.79174E-01 1.49100E+00
 5.37032E+01 6.39409E-01 8.09252E-01 9.79195E-01 1.47876E+00
 5.43250E+01 6.39422E-01 8.09269E-01 9.79215E-01 1.46633E+00
 5.49541E+01 6.39435E-01 8.09285E-01 9.79235E-01 1.45377E+00
 5.55904E+01 6.39448E-01 8.09302E-01 9.79255E-01 1.44128E+00
 5.62341E+01 6.39461E-01 8.09318E-01 9.79274E-01 1.42861E+00
 5.68853E+01 6.39473E-01 8.09333E-01 9.79293E-01 1.41575E+00
 5.75440E+01 6.39485E-01 8.09348E-01 9.79311E-01 1.40272E+00
 5.82103E+01 6.39497E-01 8.09363E-01 9.79329E-01 1.38969E+00
 5.88844E+01 6.39508E-01 8.09378E-01 9.79347E-01 1.37666E+00
 5.95662E+01 6.39519E-01 8.09392E-01 9.79364E-01 1.36348E+00
 6.02560E+01 6.39530E-01 8.09406E-01 9.79381E-01 1.35014E+00
 6.09537E+01 6.39541E-01 8.09419E-01 9.79397E-01 1.33667E+00
 6.16595E+01 6.39551E-01 8.09432E-01 9.79413E-01 1.32331E+00
 6.23735E+01 6.39562E-01 8.09445E-01 9.79429E-01 1.30990E+00
 6.30957E+01 6.39572E-01 8.09458E-01 9.79444E-01 1.29636E+00
 6.38263E+01 6.39581E-01 8.09470E-01 9.79459E-01 1.28270E+00
 6.45654E+01 6.39591E-01 8.09482E-01 9.79474E-01 1.26895E+00
 6.53131E+01 6.39600E-01 8.09494E-01 9.79488E-01 1.25539E+00
 6.60693E+01 6.39609E-01 8.09506E-01 9.79502E-01 1.24173E+00
 6.68344E+01 6.39618E-01 8.09517E-01 9.79515E-01 1.22798E+00
 6.76083E+01 6.39627E-01 8.09528E-01 9.79529E-01 1.21414E+00
 6.83912E+01 6.39635E-01 8.09539E-01 9.79542E-01 1.20032E+00
 6.91831E+01 6.39644E-01 8.09549E-01 9.79554E-01 1.18663E+00
 6.99842E+01 6.39652E-01 8.09559E-01 9.79567E-01 1.17287E+00
 7.07946E+01 6.39660E-01 8.09569E-01 9.79579E-01 1.15904E+00
 7.16143E+01 6.39667E-01 8.09579E-01 9.79591E-01 1.14515E+00
 7.24436E+01 6.39675E-01 8.09589E-01 9.79602E-01 1.13140E+00
 7.32825E+01 6.39682E-01 8.09598E-01 9.79614E-01 1.11770E+00
 7.41310E+01 6.39690E-01 8.09607E-01 9.79625E-01 1.10396E+00
 7.49894E+01 6.39697E-01 8.09616E-01 9.79635E-01 1.09017E+00
 7.58578E+01 6.39704E-01 8.09625E-01 9.79646E-01 1.07635E+00
 7.67361E+01 6.39710E-01 8.09633E-01 9.79656E-01 1.06279E+00
 7.76247E+01 6.39717E-01 8.09642E-01 9.79666E-01 1.04920E+00
 7.85236E+01 6.39723E-01 8.09650E-01 9.79676E-01 1.03560E+00
 7.94328E+01 6.39730E-01 8.09658E-01 9.79686E-01 1.02197E+00
 8.03526E+01 6.39736E-01 8.09666E-01 9.79695E-01 1.00843E+00
 8.12831E+01 6.39742E-01 8.09673E-01 9.79705E-01 9.99397E-01
 8.22243E+01 6.39748E-01 8.09681E-01 9.79714E-01 9.99406E-01
 8.31764E+01 6.39753E-01 8.09688E-01 9.79722E-01 9.99415E-01
 8.41395E+01 6.39759E-01 8.09695E-01 9.79731E-01 9.99424E-01
 8.51138E+01 6.39765E-01 8.09702E-01 9.79739E-01 9.99432E-01
 8.60994E+01 6.39770E-01 8.09709E-01 9.79748E-01 9.99441E-01
 8.70964E+01 6.39775E-01 8.09715E-01 9.79756E-01 9.99449E-01
 8.81049E+01 6.39780E-01 8.09722E-01 9.79763E-01 9.99457E-01
 8.91251E+01 6.39785E-01 8.09728E-01 9.79771E-01 9.99464E-01
 9.01571E+01 6.39790E-01 8.09734E-01 9.79779E-01 9.99472E-01
 9.12011E+01 6.39795E-01 8.09740E-01 9.79786E-01 9.99480E-01
 9.22571E+01 6.39800E-01 8.09746E-01 9.79793E-01 9.99487E-01
 9.33254E+01 6.39804E-01 8.09752E-01 9.79800E-01 9.99494E-01
 9.44061E+01 6.39809E-01 8.09758E-01 9.79807E-01 9.99501E-01
 9.54993E+01 6.39813E-01 8.09763E-01 9.79814E-01 9.99508E-01
 9.66051E+01 6.39817E-01 8.09769E-01 9.79820E-01 9.99514E-01
 9.77237E+01 6.39821E-01 8.09774E-01 9.79826E-01 9.99521E-01
 9.88553E+01 6.39825E-01 8.09779E-01 9.79833E-01 9.99527E-01
 1.00000E+02 6.39829E-01 8.09784E-01 9.79839E-01 9.99533E-01
