 1.00000E-02 1.72879E-01 2.01845E-01 2.31163E-01 2.34639E-01
 2.00000E-02 1.80254E-01 2.10886E-01 2.42246E-01 2.46011E-01
 3.00000E-02 1.88378E-01 2.20843E-01 2.54542E-01 2.58645E-01
 4.00000E-02 1.97179E-01 2.31632E-01 2.67982E-01 2.72481E-01
 5.00000E-02 2.06582E-01 2.43159E-01 2.82479E-01 2.87455E-01
 6.00000E-02 2.16503E-01 2.55313E-01 2.97932E-01 3.03488E-01
 7.00000E-02 2.26846E-01 2.67964E-01 3.14218E-01 3.20485E-01
 8.00000E-02 2.37509E-01 2.80975E-01 3.31177E-01 3.38337E-01
 9.00000E-02 2.48386E-01 2.94205E-01 3.48627E-01 3.56929E-01
 1.00000E-01 2.59379E-01 3.07520E-01 3.66360E-01 3.76143E-01
 1.10000E-01 2.70396E-01 3.20803E-01 3.84156E-01 3.95868E-01
 1.20000E-01 2.81365E-01 3.33958E-01 4.01802E-01 4.15988E-01
 1.30000E-01 2.92226E-01 3.46911E-01 4.19117E-01 4.36311E-01
 1.40000E-01 3.02935E-01 3.59609E-01 4.35968E-01 4.56353E-01
 1.50000E-01 3.13461E-01 3.72016E-01 4.52272E-01 4.75614E-01
 1.60000E-01 3.23784E-01 3.84109E-01 4.67985E-01 4.93948E-01
 1.70000E-01 3.33891E-01 3.95876E-01 4.83092E-01 5.11363E-01
 1.80000E-01 3.43777E-01 4.07314E-01 4.97596E-01 5.27899E-01
 1.90000E-01 3.53439E-01 4.18422E-01 5.11509E-01 5.43609E-01
 2.00000E-01 3.62879E-01 4.29207E-01 5.24852E-01 5.58542E-01
 2.10000E-01 3.72102E-01 4.39677E-01 5.37647E-01 5.72747E-01
 2.20000E-01 3.81111E-01 4.49840E-01 5.49920E-01 5.86272E-01
 2.30000E-01 3.89914E-01 4.59706E-01 5.61695E-01 5.99159E-01
 2.40000E-01 3.98517E-01 4.69288E-01 5.72996E-01 6.11448E-01
 2.50000E-01 4.06927E-01 4.78595E-01 5.83849E-01 6.23176E-01
 2.60000E-01 4.15152E-01 4.87638E-01 5.94276E-01 6.34377E-01
 2.70000E-01 4.23198E-01 4.96429E-01 6.04298E-01 6.45084E-01
 2.80000E-01 4.31072E-01 5.04978E-01 6.13936E-01 6.55323E-01
 2.90000E-01 4.38781E-01 5.13295E-01 6.23210E-01 6.65125E-01
 3.00000E-01 4.46333E-01 5.21390E-01 6.32139E-01 6.74512E-01
 3.10000E-01 4.53732E-01 5.29272E-01 6.40739E-01 6.83509E-01
 3.20000E-01 4.60986E-01 5.36950E-01 6.49027E-01 6.92137E-01
 3.30000E-01 4.68099E-01 5.44433E-01 6.57018E-01 7.00417E-01
 3.40000E-01 4.75078E-01 5.51729E-01 6.64727E-01 7.08367E-01
 3.50000E-01 4.81927E-01 5.58845E-01 6.72167E-01 7.16004E-01
 3.60000E-01 4.88652E-01 5.65790E-01 6.79352E-01 7.23345E-01
 3.70000E-01 4.95257E-01 5.72569E-01 6.86292E-01 7.30406E-01
 3.80000E-01 5.01747E-01 5.79190E-01 6.93000E-01 7.37200E-01
 3.90000E-01 5.08126E-01 5.85659E-01 6.99486E-01 7.43741E-01
 4.00000E-01 5.14398E-01 5.91982E-01 7.05761E-01 7.50041E-01
 4.10000E-01 5.20566E-01 5.98164E-01 7.11833E-01 7.56112E-01
 4.20000E-01 5.26635E-01 6.04212E-01 7.17711E-01 7.61966E-01
 4.30000E-01 5.32607E-01 6.10129E-01 7.23405E-01 7.67612E-01
 4.40000E-01 5.38485E-01 6.15922E-01 7.28922E-01 7.73060E-01
 4.50000E-01 5.44273E-01 6.21595E-01 7.34270E-01 7.78320E-01
 4.60000E-01 5.49973E-01 6.27151E-01 7.39456E-01 7.83400E-01
 4.70000E-01 5.55588E-01 6.32596E-01 7.44486E-01 7.88308E-01
 4.80000E-01 5.61120E-01 6.37932E-01 7.49368E-01 7.93052E-01
 4.90000E-01 5.66566E-01 6.43165E-01 7.54106E-01 7.97639E-01
 5.00000E-01 5.71870E-01 6.48297E-01 7.58708E-01 8.02076E-01
 5.10000E-01 5.77022E-01 6.53332E-01 7.63178E-01 8.06370E-01
 5.20000E-01 5.82028E-01 6.58272E-01 7.67522E-01 8.10526E-01
 5.30000E-01 5.86892E-01 6.63122E-01 7.71744E-01 8.14551E-01
 5.40000E-01 5.91617E-01 6.67884E-01 7.75850E-01 8.18450E-01
 5.50000E-01 5.96209E-01 6.72560E-01 7.79843E-01 8.22228E-01
 5.60000E-01 6.00671E-01 6.77154E-01 7.83728E-01 8.25890E-01
 5.70000E-01 6.05008E-01 6.81667E-01 7.87510E-01 8.29441E-01
 5.80000E-01 6.09223E-01 6.86103E-01 7.91191E-01 8.32885E-01
 5.90000E-01 6.13321E-01 6.90462E-01 7.94776E-01 8.36227E-01
 6.00000E-01 6.17304E-01 6.94749E-01 7.98268E-01 8.39470E-01
 6.10000E-01 6.21177E-01 6.98963E-01 8.01670E-01 8.42619E-01
 6.20000E-01 6.24943E-01 7.03108E-01 8.04987E-01 8.45676E-01
 6.30000E-01 6.28605E-01 7.07185E-01 8.08219E-01 8.48646E-01
 6.40000E-01 6.32167E-01 7.11188E-01 8.11371E-01 8.51532E-01
 6.50000E-01 6.35632E-01 7.15086E-01 8.14446E-01 8.54337E-01
 6.60000E-01 6.39002E-01 7.18877E-01 8.17446E-01 8.57064E-01
 6.70000E-01 6.42280E-01 7.22566E-01 8.20373E-01 8.59716E-01
 6.80000E-01 6.45471E-01 7.26155E-01 8.23230E-01 8.62295E-01
 6.90000E-01 6.48575E-01 7.29647E-01 8.26019E-01 8.64804E-01
 7.00000E-01 6.51597E-01 7.33047E-01 8.28743E-01 8.67246E-01
 7.10000E-01 6.54538E-01 7.36355E-01 8.31404E-01 8.69623E-01
 7.20000E-01 6.57401E-01 7.39577E-01 8.34003E-01 8.71937E-01
 7.30000E-01 6.60189E-01 7.42713E-01 8.36543E-01 8.74191E-01
 7.40000E-01 6.62904E-01 7.45767E-01 8.39026E-01 8.76386E-01
 7.50000E-01 6.65547E-01 7.48741E-01 8.41453E-01 8.78525E-01
 7.60000E-01 6.68122E-01 7.51637E-01 8.43826E-01 8.80609E-01
 7.70000E-01 6.70630E-01 7.54459E-01 8.46147E-01 8.82641E-01
 7.80000E-01 6.73074E-01 7.57208E-01 8.48417E-01 8.84622E-01
 7.90000E-01 6.75455E-01 7.59887E-01 8.50638E-01 8.86553E-01
 8.00000E-01 6.77775E-01 7.62497E-01 8.52812E-01 8.88437E-01
 8.10000E-01 6.80037E-01 7.65042E-01 8.54939E-01 8.90275E-01
 8.20000E-01 6.82242E-01 7.67522E-01 8.57021E-01 8.92068E-01
 8.30000E-01 6.84391E-01 7.69940E-01 8.59060E-01 8.93818E-01
 8.40000E-01 6.86486E-01 7.72297E-01 8.61057E-01 8.95526E-01
 8.50000E-01 6.88530E-01 7.74596E-01 8.63013E-01 8.97193E-01
 8.60000E-01 6.90523E-01 7.76838E-01 8.64928E-01 8.98822E-01
 8.70000E-01 6.92467E-01 7.79025E-01 8.66806E-01 9.00412E-01
 8.80000E-01 6.94364E-01 7.81159E-01 8.68645E-01 9.01966E-01
 8.90000E-01 6.96214E-01 7.83241E-01 8.70448E-01 9.03483E-01
 9.00000E-01 6.98020E-01 7.85272E-01 8.72215E-01 9.04967E-01
 9.10000E-01 6.99782E-01 7.87255E-01 8.73947E-01 9.06416E-01
 9.20000E-01 7.01502E-01 7.89190E-01 8.75646E-01 9.07833E-01
 9.30000E-01 7.03181E-01 7.91079E-01 8.77312E-01 9.09218E-01
 9.40000E-01 7.04821E-01 7.92924E-01 8.78947E-01 9.10573E-01
 9.50000E-01 7.06422E-01 7.94725E-01 8.80550E-01 9.11898E-01
 9.60000E-01 7.07985E-01 7.96484E-01 8.82123E-01 9.13194E-01
 9.70000E-01 7.09513E-01 7.98202E-01 8.83666E-01 9.14461E-01
 9.80000E-01 7.11004E-01 7.99880E-01 8.85181E-01 9.15702E-01
 9.90000E-01 7.12462E-01 8.01520E-01 8.86668E-01 9.16916E-01
 1.00000E+00 7.13886E-01 8.03122E-01 8.88128E-01 9.18104E-01
 1.01158E+00 7.15495E-01 8.04931E-01 8.89785E-01 9.19448E-01
 1.02329E+00 7.17079E-01 8.06714E-01 8.91426E-01 9.20775E-01
 1.03514E+00 7.18639E-01 8.08469E-01 8.93051E-01 9.22085E-01
 1.04713E+00 7.20176E-01 8.10198E-01 8.94661E-01 9.23377E-01
 1.05925E+00 7.21689E-01 8.11900E-01 8.96254E-01 9.24652E-01
 1.07152E+00 7.23179E-01 8.13576E-01 8.97832E-01 9.25910E-01
 1.08393E+00 7.24645E-01 8.15225E-01 8.99394E-01 9.27151E-01
 1.09648E+00 7.26088E-01 8.16849E-01 9.00941E-01 9.28375E-01
 1.10917E+00 7.27508E-01 8.18447E-01 9.02472E-01 9.29583E-01
 1.12202E+00 7.28906E-01 8.20019E-01 9.03987E-01 9.30774E-01
 1.13501E+00 7.30280E-01 8.21565E-01 9.05486E-01 9.31948E-01
 1.14815E+00 7.31633E-01 8.23087E-01 9.06971E-01 9.33107E-01
 1.16145E+00 7.32963E-01 8.24584E-01 9.08440E-01 9.34249E-01
 1.17490E+00 7.34272E-01 8.26056E-01 9.09893E-01 9.35375E-01
 1.18850E+00 7.35559E-01 8.27504E-01 9.11331E-01 9.36485E-01
 1.20226E+00 7.36824E-01 8.28927E-01 9.12754E-01 9.37580E-01
 1.21619E+00 7.38068E-01 8.30327E-01 9.14162E-01 9.38658E-01
 1.23027E+00 7.39291E-01 8.31703E-01 9.15555E-01 9.39722E-01
 1.24451E+00 7.40494E-01 8.33055E-01 9.16932E-01 9.40770E-01
 1.25893E+00 7.41675E-01 8.34385E-01 9.18295E-01 9.41803E-01
 1.27350E+00 7.42837E-01 8.35691E-01 9.19642E-01 9.42820E-01
 1.28825E+00 7.43978E-01 8.36975E-01 9.20975E-01 9.43823E-01
 1.30317E+00 7.45099E-01 8.38236E-01 9.22293E-01 9.44811E-01
 1.31826E+00 7.46201E-01 8.39476E-01 9.23597E-01 9.45785E-01
 1.33352E+00 7.47283E-01 8.40693E-01 9.24885E-01 9.46743E-01
 1.34896E+00 7.48346E-01 8.41889E-01 9.26159E-01 9.47688E-01
 1.36458E+00 7.49390E-01 8.43064E-01 9.27419E-01 9.48618E-01
 1.38038E+00 7.50416E-01 8.44218E-01 9.28663E-01 9.49535E-01
 1.39637E+00 7.51423E-01 8.45351E-01 9.29894E-01 9.50437E-01
 1.41254E+00 7.52412E-01 8.46463E-01 9.31110E-01 9.51325E-01
 1.42889E+00 7.53382E-01 8.47555E-01 9.32311E-01 9.52200E-01
 1.44544E+00 7.54336E-01 8.48628E-01 9.33490E-01 9.53062E-01
 1.46218E+00 7.55271E-01 8.49680E-01 9.34648E-01 9.53910E-01
 1.47911E+00 7.56190E-01 8.50713E-01 9.35785E-01 9.54745E-01
 1.49624E+00 7.57091E-01 8.51727E-01 9.36900E-01 9.55567E-01
 1.51356E+00 7.57976E-01 8.52723E-01 9.37995E-01 9.56376E-01
 1.53109E+00 7.58844E-01 8.53699E-01 9.39069E-01 9.57172E-01
 1.54882E+00 7.59696E-01 8.54658E-01 9.40123E-01 9.57955E-01
 1.56675E+00 7.60532E-01 8.55598E-01 9.41158E-01 9.58726E-01
 1.58489E+00 7.61352E-01 8.56521E-01 9.42173E-01 9.59485E-01
 1.60325E+00 7.62156E-01 8.57426E-01 9.43168E-01 9.60232E-01
 1.62181E+00 7.62945E-01 8.58313E-01 9.44145E-01 9.60966E-01
 1.64059E+00 7.63719E-01 8.59184E-01 9.45103E-01 9.61689E-01
 1.65959E+00 7.64478E-01 8.60038E-01 9.46042E-01 9.62400E-01
 1.67880E+00 7.65223E-01 8.60876E-01 9.46963E-01 9.63099E-01
 1.69824E+00 7.65953E-01 8.61697E-01 9.47867E-01 9.63787E-01
 1.71791E+00 7.66669E-01 8.62503E-01 9.48753E-01 9.64464E-01
 1.73780E+00 7.67371E-01 8.63293E-01 9.49622E-01 9.65129E-01
 1.75792E+00 7.68060E-01 8.64067E-01 9.50474E-01 9.65783E-01
 1.77828E+00 7.68734E-01 8.64826E-01 9.51309E-01 9.66427E-01
 1.79887E+00 7.69396E-01 8.65571E-01 9.52128E-01 9.67060E-01
 1.81970E+00 7.70045E-01 8.66300E-01 9.52930E-01 9.67682E-01
 1.84077E+00 7.70680E-01 8.67015E-01 9.53717E-01 9.68293E-01
 1.86209E+00 7.71303E-01 8.67716E-01 9.54488E-01 9.68895E-01
 1.88365E+00 7.71914E-01 8.68403E-01 9.55244E-01 9.69486E-01
 1.90546E+00 7.72513E-01 8.69077E-01 9.55984E-01 9.70067E-01
 1.92752E+00 7.73099E-01 8.69737E-01 9.56710E-01 9.70638E-01
 1.94984E+00 7.73674E-01 8.70383E-01 9.57422E-01 9.71199E-01
 1.97242E+00 7.74237E-01 8.71017E-01 9.58119E-01 9.71751E-01
 1.99526E+00 7.74789E-01 8.71638E-01 9.58802E-01 9.72293E-01
 2.01837E+00 7.75330E-01 8.72246E-01 9.59471E-01 9.72826E-01
 2.04174E+00 7.75860E-01 8.72842E-01 9.60126E-01 9.73349E-01
 2.06538E+00 7.76379E-01 8.73426E-01 9.60768E-01 9.73864E-01
 2.08930E+00 7.76887E-01 8.73998E-01 9.61398E-01 9.74369E-01
 2.11349E+00 7.77385E-01 8.74558E-01 9.62014E-01 9.74866E-01
 2.13796E+00 7.77873E-01 8.75107E-01 9.62618E-01 9.75354E-01
 2.16272E+00 7.78351E-01 8.75644E-01 9.63209E-01 9.75833E-01
 2.18776E+00 7.78819E-01 8.76171E-01 9.63788E-01 9.76303E-01
 2.21309E+00 7.79277E-01 8.76686E-01 9.64355E-01 9.76766E-01
 2.23872E+00 7.79726E-01 8.77191E-01 9.64911E-01 9.77220E-01
 2.26464E+00 7.80165E-01 8.77686E-01 9.65455E-01 9.77666E-01
 2.29087E+00 7.80596E-01 8.78170E-01 9.65987E-01 9.78104E-01
 2.31739E+00 7.81017E-01 8.78644E-01 9.66509E-01 9.78534E-01
 2.34423E+00 7.81430E-01 8.79109E-01 9.67020E-01 9.78956E-01
 2.37137E+00 7.81834E-01 8.79564E-01 9.67520E-01 9.79371E-01
 2.39883E+00 7.82230E-01 8.80009E-01 9.68010E-01 9.79778E-01
 2.42661E+00 7.82617E-01 8.80445E-01 9.68489E-01 9.80178E-01
 2.45471E+00 7.82997E-01 8.80871E-01 9.68958E-01 9.80571E-01
 2.48313E+00 7.83368E-01 8.81289E-01 9.69418E-01 9.80956E-01
 2.51189E+00 7.83732E-01 8.81698E-01 9.69868E-01 9.81335E-01
 2.54097E+00 7.84087E-01 8.82098E-01 9.70308E-01 9.81706E-01
 2.57040E+00 7.84436E-01 8.82490E-01 9.70739E-01 9.82071E-01
 2.60016E+00 7.84777E-01 8.82874E-01 9.71161E-01 9.82428E-01
 2.63027E+00 7.85110E-01 8.83249E-01 9.71574E-01 9.82780E-01
 2.66073E+00 7.85437E-01 8.83617E-01 9.71978E-01 9.83124E-01
 2.69153E+00 7.85757E-01 8.83976E-01 9.72374E-01 9.83463E-01
 2.72270E+00 7.86070E-01 8.84329E-01 9.72761E-01 9.83795E-01
 2.75423E+00 7.86376E-01 8.84673E-01 9.73140E-01 9.84120E-01
 2.78612E+00 7.86676E-01 8.85010E-01 9.73511E-01 9.84440E-01
 2.81838E+00 7.86969E-01 8.85340E-01 9.73874E-01 9.84754E-01
 2.85102E+00 7.87256E-01 8.85663E-01 9.74230E-01 9.85061E-01
 2.88403E+00 7.87537E-01 8.85979E-01 9.74577E-01 9.85363E-01
 2.91743E+00 7.87812E-01 8.86289E-01 9.74917E-01 9.85660E-01
 2.95121E+00 7.88081E-01 8.86591E-01 9.75250E-01 9.85950E-01
 2.98538E+00 7.88344E-01 8.86887E-01 9.75576E-01 9.86235E-01
 3.01995E+00 7.88602E-01 8.87177E-01 9.75895E-01 9.86515E-01
 3.05492E+00 7.88854E-01 8.87461E-01 9.76207E-01 9.86790E-01
 3.09030E+00 7.89100E-01 8.87738E-01 9.76512E-01 9.87059E-01
 3.12608E+00 7.89342E-01 8.88009E-01 9.76810E-01 9.87323E-01
 3.16228E+00 7.89578E-01 8.88275E-01 9.77102E-01 9.87582E-01
 3.19890E+00 7.89809E-01 8.88535E-01 9.77388E-01 9.87836E-01
 3.23594E+00 7.90035E-01 8.88789E-01 9.77668E-01 9.88085E-01
 3.27341E+00 7.90256E-01 8.89037E-01 9.77941E-01 9.88329E-01
 3.31131E+00 7.90472E-01 8.89281E-01 9.78209E-01 9.88569E-01
 3.34965E+00 7.90683E-01 8.89519E-01 9.78471E-01 9.88804E-01
 3.38844E+00 7.90890E-01 8.89752E-01 9.78727E-01 9.89034E-01
 3.42768E+00 7.91093E-01 8.89979E-01 9.78977E-01 9.89260E-01
 3.46737E+00 7.91291E-01 8.90202E-01 9.79222E-01 9.89481E-01
 3.50752E+00 7.91484E-01 8.90420E-01 9.79462E-01 9.89699E-01
 3.54813E+00 7.91674E-01 8.90633E-01 9.79696E-01 9.89912E-01
 3.58922E+00 7.91859E-01 8.90842E-01 9.79926E-01 9.90120E-01
 3.63078E+00 7.92040E-01 8.91045E-01 9.80150E-01 9.90325E-01
 3.67282E+00 7.92218E-01 8.91245E-01 9.80369E-01 9.90526E-01
 3.71535E+00 7.92391E-01 8.91440E-01 9.80584E-01 9.90723E-01
 3.75837E+00 7.92561E-01 8.91631E-01 9.80794E-01 9.90915E-01
 3.80189E+00 7.92727E-01 8.91818E-01 9.80999E-01 9.91104E-01
 3.84592E+00 7.92889E-01 8.92000E-01 9.81200E-01 9.91290E-01
 3.89045E+00 7.93048E-01 8.92179E-01 9.81396E-01 9.91471E-01
 3.93550E+00 7.93203E-01 8.92353E-01 9.81589E-01 9.91650E-01
 3.98107E+00 7.93355E-01 8.92524E-01 9.81776E-01 9.91824E-01
 4.02717E+00 7.93503E-01 8.92691E-01 9.81960E-01 9.91995E-01
 4.07380E+00 7.93648E-01 8.92854E-01 9.82140E-01 9.92163E-01
 4.12098E+00 7.93790E-01 8.93014E-01 9.82316E-01 9.92327E-01
 4.16869E+00 7.93929E-01 8.93170E-01 9.82487E-01 9.92488E-01
 4.21697E+00 7.94065E-01 8.93323E-01 9.82655E-01 9.92646E-01
 4.26580E+00 7.94198E-01 8.93473E-01 9.82820E-01 9.92801E-01
 4.31519E+00 7.94328E-01 8.93619E-01 9.82980E-01 9.92952E-01
 4.36516E+00 7.94455E-01 8.93761E-01 9.83138E-01 9.93101E-01
 4.41570E+00 7.94579E-01 8.93901E-01 9.83291E-01 9.93247E-01
 4.46684E+00 7.94700E-01 8.94038E-01 9.83442E-01 9.93389E-01
 4.51856E+00 7.94819E-01 8.94171E-01 9.83589E-01 9.93529E-01
 4.57088E+00 7.94935E-01 8.94302E-01 9.83732E-01 9.93666E-01
 4.62381E+00 7.95049E-01 8.94430E-01 9.83873E-01 9.93800E-01
 4.67735E+00 7.95160E-01 8.94555E-01 9.84010E-01 9.93932E-01
 4.73151E+00 7.95268E-01 8.94677E-01 9.84145E-01 9.94061E-01
 4.78630E+00 7.95374E-01 8.94796E-01 9.84276E-01 9.94187E-01
 4.84172E+00 7.95478E-01 8.94913E-01 9.84404E-01 9.94310E-01
 4.89779E+00 7.95580E-01 8.95027E-01 9.84530E-01 9.94432E-01
 4.95450E+00 7.95679E-01 8.95139E-01 9.84653E-01 9.94550E-01
 5.01187E+00 7.95776E-01 8.95248E-01 9.84773E-01 9.94667E-01
 5.06991E+00 7.95871E-01 8.95355E-01 9.84890E-01 9.94780E-01
 5.12861E+00 7.95964E-01 8.95459E-01 9.85005E-01 9.94892E-01
 5.18800E+00 7.96054E-01 8.95561E-01 9.85117E-01 9.95001E-01
 5.24807E+00 7.96143E-01 8.95661E-01 9.85227E-01 9.95108E-01
 5.30884E+00 7.96230E-01 8.95758E-01 9.85334E-01 9.95213E-01
 5.37032E+00 7.96315E-01 8.95854E-01 9.85439E-01 9.95316E-01
 5.43250E+00 7.96397E-01 8.95947E-01 9.85542E-01 9.95417E-01
 5.49541E+00 7.96478E-01 8.96038E-01 9.85642E-01 9.95515E-01
 5.55904E+00 7.96558E-01 8.96127E-01 9.85740E-01 9.95612E-01
 5.62341E+00 7.96635E-01 8.96215E-01 9.85836E-01 9.95707E-01
 5.68853E+00 7.96711E-01 8.96300E-01 9.85930E-01 9.95799E-01
 5.75440E+00 7.96785E-01 8.96383E-01 9.86021E-01 9.95890E-01
 5.82103E+00 7.96857E-01 8.96464E-01 9.86111E-01 9.95979E-01
 5.88844E+00 7.96928E-01 8.96544E-01 9.86198E-01 9.96066E-01
 5.95662E+00 7.96997E-01 8.96622E-01 9.86284E-01 9.96151E-01
 6.02560E+00 7.97065E-01 8.96698E-01 9.86368E-01 9.96235E-01
 6.09537E+00 7.97131E-01 8.96772E-01 9.86450E-01 9.96316E-01
 6.16595E+00 7.97196E-01 8.96845E-01 9.86530E-01 9.96396E-01
 6.23735E+00 7.97259E-01 8.96916E-01 9.86608E-01 9.96475E-01
 6.30957E+00 7.97321E-01 8.96986E-01 9.86684E-01 9.96552E-01
 6.38263E+00 7.97381E-01 8.97054E-01 9.86759E-01 9.96627E-01
 6.45654E+00 7.97440E-01 8.97120E-01 9.86832E-01 9.96700E-01
 6.53131E+00 7.97498E-01 8.97185E-01 9.86903E-01 9.96772E-01
 6.60693E+00 7.97554E-01 8.97248E-01 9.86973E-01 9.96843E-01
 6.68344E+00 7.97609E-01 8.97310E-01 9.87042E-01 9.96912E-01
 6.76083E+00 7.97663E-01 8.97371E-01 9.87108E-01 9.96979E-01
 6.83912E+00 7.97716E-01 8.97430E-01 9.87174E-01 9.97045E-01
 6.91831E+00 7.97768E-01 8.97488E-01 9.87237E-01 9.97110E-01
 6.99842E+00 7.97818E-01 8.97545E-01 9.87300E-01 9.97173E-01
 7.07946E+00 7.97867E-01 8.97601E-01 9.87361E-01 9.97234E-01
 7.16143E+00 7.97915E-01 8.97655E-01 9.87420E-01 9.97294E-01
 7.24436E+00 7.97962E-01 8.97708E-01 9.87478E-01 9.97353E-01
 7.32825E+00 7.98008E-01 8.97759E-01 9.87535E-01 9.97411E-01
 7.41310E+00 7.98053E-01 8.97810E-01 9.87591E-01 9.97467E-01
 7.49894E+00 7.98097E-01 8.97859E-01 9.87645E-01 9.97522E-01
 7.58578E+00 7.98140E-01 8.97908E-01 9.87699E-01 9.97575E-01
 7.67361E+00 7.98182E-01 8.97955E-01 9.87750E-01 9.97628E-01
 7.76247E+00 7.98223E-01 8.98001E-01 9.87801E-01 9.97679E-01
 7.85236E+00 7.98263E-01 8.98046E-01 9.87851E-01 9.97729E-01
 7.94328E+00 7.98303E-01 8.98090E-01 9.87900E-01 9.97779E-01
 8.03526E+00 7.98341E-01 8.98134E-01 9.87947E-01 9.97826E-01
 8.12831E+00 7.98378E-01 8.98176E-01 9.87993E-01 9.97873E-01
 8.22243E+00 7.98415E-01 8.98217E-01 9.88039E-01 9.97919E-01
 8.31764E+00 7.98451E-01 8.98257E-01 9.88083E-01 9.97964E-01
 8.41395E+00 7.98486E-01 8.98297E-01 9.88126E-01 9.98008E-01
 8.51138E+00 7.98520E-01 8.98335E-01 9.88169E-01 9.98050E-01
 8.60994E+00 7.98554E-01 8.98373E-01 9.88210E-01 9.98092E-01
 8.70964E+00 7.98586E-01 8.98410E-01 9.88251E-01 9.98133E-01
 8.81049E+00 7.98618E-01 8.98446E-01 9.88290E-01 9.98173E-01
 8.91251E+00 7.98650E-01 8.98481E-01 9.88329E-01 9.98212E-01
 9.01571E+00 7.98680E-01 8.98515E-01 9.88367E-01 9.98250E-01
 9.12011E+00 7.98710E-01 8.98549E-01 9.88404E-01 9.98288E-01
 9.22571E+00 7.98739E-01 8.98581E-01 9.88440E-01 9.98324E-01
 9.33254E+00 7.98768E-01 8.98614E-01 9.88475E-01 9.98360E-01
 9.44061E+00 7.98796E-01 8.98645E-01 9.88509E-01 9.98395E-01
 9.54993E+00 7.98823E-01 8.98676E-01 9.88543E-01 9.98429E-01
 9.66051E+00 7.98849E-01 8.98706E-01 9.88576E-01 9.98462E-01
 9.77237E+00 7.98875E-01 8.98735E-01 9.88608E-01 9.98494E-01
 9.88553E+00 7.98901E-01 8.98763E-01 9.88640E-01 9.98526E-01
 1.00000E+01 7.98926E-01 8.98791E-01 9.88671E-01 9.98557E-01
 1.01158E+01 7.98950E-01 8.98819E-01 9.88701E-01 9.98588E-01
 1.02329E+01 7.98974E-01 8.98846E-01 9.88730E-01 9.98617E-01
 1.03514E+01 7.98997E-01 8.98872E-01 9.88759E-01 9.98646E-01
 1.04713E+01 7.99020E-01 8.98897E-01 9.88787E-01 9.98675E-01
 1.05925E+01 7.99042E-01 8.98922E-01 9.88814E-01 9.98703E-01
 1.07152E+01 7.99064E-01 8.98947E-01 9.88841E-01 9.98730E-01
 1.08393E+01 7.99085E-01 8.98970E-01 9.88867E-01 9.98756E-01
 1.09648E+01 7.99106E-01 8.98994E-01 9.88893E-01 9.98782E-01
 1.10917E+01 7.99126E-01 8.99017E-01 9.88918E-01 9.98807E-01
 1.12202E+01 7.99146E-01 8.99039E-01 9.88943E-01 9.98832E-01
 1.13501E+01 7.99165E-01 8.99061E-01 9.88967E-01 9.98856E-01
 1.14815E+01 7.99184E-01 8.99082E-01 9.88990E-01 9.98880E-01
 1.16145E+01 7.99202E-01 8.99103E-01 9.89013E-01 9.98903E-01
 1.17490E+01 7.99220E-01 8.99123E-01 9.89035E-01 9.98926E-01
 1.18850E+01 7.99238E-01 8.99143E-01 9.89057E-01 9.98948E-01
 1.20226E+01 7.99255E-01 8.99162E-01 9.89078E-01 9.98969E-01
 1.21619E+01 7.99272E-01 8.99181E-01 9.89099E-01 9.98990E-01
 1.23027E+01 7.99289E-01 8.99200E-01 9.89120E-01 9.99011E-01
 1.24451E+01 7.99305E-01 8.99218E-01 9.89140E-01 9.99031E-01
 1.25893E+01 7.99321E-01 8.99236E-01 9.89159E-01 9.99051E-01
 1.27350E+01 7.99336E-01 8.99253E-01 9.89178E-01 9.99070E-01
 1.28825E+01 7.99351E-01 8.99270E-01 9.89197E-01 9.99089E-01
 1.30317E+01 7.99366E-01 8.99286E-01 9.89215E-01 9.99107E-01
 1.31826E+01 7.99380E-01 8.99303E-01 9.89233E-01 9.99125E-01
 1.33352E+01 7.99394E-01 8.99318E-01 9.89250E-01 9.99143E-01
 1.34896E+01 7.99408E-01 8.99334E-01 9.89267E-01 9.99160E-01
 1.36458E+01 7.99421E-01 8.99349E-01 9.89284E-01 9.99177E-01
 1.38038E+01 7.99434E-01 8.99364E-01 9.89300E-01 9.99193E-01
 1.39637E+01 7.99447E-01 8.99378E-01 9.89316E-01 9.99209E-01
 1.41254E+01 7.99460E-01 8.99392E-01 9.89331E-01 9.99225E-01
 1.42889E+01 7.99472E-01 8.99406E-01 9.89347E-01 9.99240E-01
 1.44544E+01 7.99484E-01 8.99419E-01 9.89361E-01 9.99255E-01
 1.46218E+01 7.99496E-01 8.99433E-01 9.89376E-01 9.99270E-01
 1.47911E+01 7.99507E-01 8.99445E-01 9.89390E-01 9.99284E-01
 1.49624E+01 7.99518E-01 8.99458E-01 9.89404E-01 9.99298E-01
 1.51356E+01 7.99529E-01 8.99470E-01 9.89417E-01 9.99312E-01
 1.53109E+01 7.99540E-01 8.99482E-01 9.89431E-01 9.99325E-01
 1.54882E+01 7.99550E-01 8.99494E-01 9.89444E-01 9.99338E-01
 1.56675E+01 7.99561E-01 8.99506E-01 9.89456E-01 9.99351E-01
 1.58489E+01 7.99570E-01 8.99517E-01 9.89468E-01 9.99363E-01
 1.60325E+01 7.99580E-01 8.99528E-01 9.89481E-01 9.99375E-01
 1.62181E+01 7.99590E-01 8.99538E-01 9.89492E-01 9.99387E-01
 1.64059E+01 7.99599E-01 8.99549E-01 9.89504E-01 9.99399E-01
 1.65959E+01 7.99608E-01 8.99559E-01 9.89515E-01 9.99410E-01
 1.67880E+01 7.99617E-01 8.99569E-01 9.89526E-01 9.99421E-01
 1.69824E+01 7.99626E-01 8.99579E-01 9.89537E-01 9.99432E-01
 1.71791E+01 7.99634E-01 8.99588E-01 9.89547E-01 9.99443E-01
 1.73780E+01 7.99642E-01 8.99598E-01 9.89558E-01 9.99453E-01
 1.75792E+01 7.99651E-01 8.99607E-01 9.89568E-01 9.99463E-01
 1.77828E+01 7.99659E-01 8.99616E-01 9.89577E-01 9.99473E-01
 1.79887E+01 7.99666E-01 8.99625E-01 9.89587E-01 9.99483E-01
 1.81970E+01 7.99674E-01 8.99633E-01 9.89596E-01 9.99492E-01
 1.84077E+01 7.99681E-01 8.99641E-01 9.89606E-01 9.99502E-01
 1.86209E+01 7.99688E-01 8.99650E-01 9.89614E-01 9.99511E-01
 1.88365E+01 7.99696E-01 8.99657E-01 9.89623E-01 9.99519E-01
 1.90546E+01 7.99702E-01 8.99665E-01 9.89632E-01 9.99528E-01
 1.92752E+01 7.99709E-01 8.99673E-01 9.89640E-01 9.99537E-01
 1.94984E+01 7.99716E-01 8.99680E-01 9.89648E-01 9.99545E-01
 1.97242E+01 7.99722E-01 8.99688E-01 9.89656E-01 9.99553E-01
 1.99526E+01 7.99729E-01 8.99695E-01 9.89664E-01 9.99561E-01
 2.01837E+01 7.99735E-01 8.99702E-01 9.89672E-01 9.99568E-01
 2.04174E+01 7.99741E-01 8.99708E-01 9.89679E-01 9.99576E-01
 2.06538E+01 7.99747E-01 8.99715E-01 9.89686E-01 9.99583E-01
 2.08930E+01 7.99752E-01 8.99721E-01 9.89694E-01 9.99591E-01
 2.11349E+01 7.99758E-01 8.99728E-01 9.89701E-01 9.99598E-01
 2.13796E+01 7.99763E-01 8.99734E-01 9.89707E-01 9.99604E-01
 2.16272E+01 7.99769E-01 8.99740E-01 9.89714E-01 9.99611E-01
 2.18776E+01 7.99774E-01 8.99746E-01 9.89720E-01 9.99618E-01
 2.21309E+01 7.99779E-01 8.99752E-01 9.89727E-01 9.99624E-01
 2.23872E+01 7.99784E-01 8.99757E-01 9.89733E-01 9.99630E-01
 2.26464E+01 7.99789E-01 8.99763E-01 9.89739E-01 9.99636E-01
 2.29087E+01 7.99794E-01 8.99768E-01 9.89745E-01 9.99642E-01
 2.31739E+01 7.99799E-01 8.99773E-01 9.89751E-01 9.99648E-01
 2.34423E+01 7.99803E-01 8.99779E-01 9.89756E-01 9.99654E-01
 2.37137E+01 7.99808E-01 8.99784E-01 9.89762E-01 9.99660E-01
 2.39883E+01 7.99812E-01 8.99789E-01 9.89767E-01 9.99665E-01
 2.42661E+01 7.99816E-01 8.99793E-01 9.89773E-01 9.99670E-01
 2.45471E+01 7.99820E-01 8.99798E-01 9.89778E-01 9.99676E-01
 2.48313E+01 7.99825E-01 8.99803E-01 9.89783E-01 9.99681E-01
 2.51189E+01 7.99829E-01 8.99807E-01 9.89788E-01 9.99686E-01
 2.54097E+01 7.99832E-01 8.99811E-01 9.89793E-01 9.99691E-01
 2.57040E+01 7.99836E-01 8.99816E-01 9.89797E-01 9.99695E-01
 2.60016E+01 7.99840E-01 8.99820E-01 9.89802E-01 9.99700E-01
 2.63027E+01 7.99844E-01 8.99824E-01 9.89806E-01 9.99704E-01
 2.66073E+01 7.99847E-01 8.99828E-01 9.89811E-01 9.99709E-01
 2.69153E+01 7.99851E-01 8.99832E-01 9.89815E-01 9.99713E-01
 2.72270E+01 7.99854E-01 8.99836E-01 9.89819E-01 9.99718E-01
 2.75423E+01 7.99857E-01 8.99839E-01 9.89823E-01 9.99722E-01
 2.78612E+01 7.99861E-01 8.99843E-01 9.89827E-01 9.99726E-01
 2.81838E+01 7.99864E-01 8.99847E-01 9.89831E-01 9.99730E-01
 2.85102E+01 7.99867E-01 8.99850E-01 9.89835E-01 9.99734E-01
 2.88403E+01 7.99870E-01 8.99854E-01 9.89839E-01 9.99737E-01
 2.91743E+01 7.99873E-01 8.99857E-01 9.89843E-01 9.99741E-01
 2.95121E+01 7.99876E-01 8.99860E-01 9.89846E-01 9.99745E-01
 2.98538E+01 7.99879E-01 8.99863E-01 9.89850E-01 9.99748E-01
 3.01995E+01 7.99881E-01 8.99866E-01 9.89853E-01 9.99752E-01
 3.05492E+01 7.99884E-01 8.99869E-01 9.89856E-01 9.99755E-01
 3.09030E+01 7.99887E-01 8.99872E-01 9.89860E-01 9.99758E-01
 3.12608E+01 7.99889E-01 8.99875E-01 9.89863E-01 9.99761E-01
 3.16228E+01 7.99892E-01 8.99878E-01 9.89866E-01 9.99765E-01
 3.19890E+01 7.99894E-01 8.99881E-01 9.89869E-01 9.99768E-01
 3.23594E+01 7.99897E-01 8.99884E-01 9.89872E-01 9.99771E-01
 3.27341E+01 7.99899E-01 8.99886E-01 9.89875E-01 9.99774E-01
 3.31131E+01 7.99901E-01 8.99889E-01 9.89878E-01 9.99777E-01
 3.34965E+01 7.99903E-01 8.99891E-01 9.89881E-01 9.99779E-01
 3.38844E+01 7.99906E-01 8.99894E-01 9.89883E-01 9.99782E-01
 3.42768E+01 7.99908E-01 8.99896E-01 9.89886E-01 9.99785E-01
 3.46737E+01 7.99910E-01 8.99899E-01 9.89888E-01 9.99787E-01
 3.50752E+01 7.99912E-01 8.99901E-01 9.89891E-01 9.99790E-01
 3.54813E+01 7.99914E-01 8.99903E-01 9.89893E-01 9.99792E-01
 3.58922E+01 7.99916E-01 8.99905E-01 9.89896E-01 9.99795E-01
 3.63078E+01 7.99918E-01 8.99908E-01 9.89898E-01 9.99797E-01
 3.67282E+01 7.99920E-01 8.99910E-01 9.89901E-01 9.99800E-01
 3.71535E+01 7.99921E-01 8.99912E-01 9.89903E-01 9.99802E-01
 3.75837E+01 7.99923E-01 8.99914E-01 9.89905E-01 9.99804E-01
 3.80189E+01 7.99925E-01 8.99916E-01 9.89907E-01 9.99806E-01
 3.84592E+01 7.99927E-01 8.99918E-01 9.89909E-01 9.99808E-01
 3.89045E+01 7.99928E-01 8.99919E-01 9.89911E-01 9.99810E-01
 3.93550E+01 7.99930E-01 8.99921E-01 9.89913E-01 9.99813E-01
 3.98107E+01 7.99932E-01 8.99923E-01 9.89915E-01 9.99815E-01
 4.02717E+01 7.99933E-01 8.99925E-01 9.89917E-01 9.99816E-01
 4.07380E+01 7.99935E-01 8.99927E-01 9.89919E-01 9.99818E-01
 4.12098E+01 7.99936E-01 8.99928E-01 9.89921E-01 9.99820E-01
 4.16869E+01 7.99938E-01 8.99930E-01 9.89923E-01 9.99822E-01
 4.21697E+01 7.99939E-01 8.99931E-01 9.89925E-01 9.99824E-01
 4.26580E+01 7.99940E-01 8.99933E-01 9.89926E-01 9.99826E-01
 4.31519E+01 7.99942E-01 8.99934E-01 9.89928E-01 9.99827E-01
 4.36516E+01 7.99943E-01 8.99936E-01 9.89930E-01 9.99829E-01
 4.41570E+01 7.99944E-01 8.99937E-01 9.89931E-01 9.99830E-01
 4.46684E+01 7.99946E-01 8.99939E-01 9.89933E-01 9.99832E-01
 4.51856E+01 7.99947E-01 8.99940E-01 9.89934E-01 9.99834E-01
 4.57088E+01 7.99948E-01 8.99942E-01 9.89936E-01 9.99835E-01
 4.62381E+01 7.99949E-01 8.99943E-01 9.89937E-01 9.99837E-01
 4.67735E+01 7.99950E-01 8.99944E-01 9.89939E-01 9.99838E-01
 4.73151E+01 7.99952E-01 8.99945E-01 9.89940E-01 9.99839E-01
 4.78630E+01 7.99953E-01 8.99947E-01 9.89941E-01 9.99841E-01
 4.84172E+01 7.99954E-01 8.99948E-01 9.89943E-01 9.99842E-01
 4.89779E+01 7.99955E-01 8.99949E-01 9.89944E-01 9.99843E-01
 4.95450E+01 7.99956E-01 8.99950E-01 9.89945E-01 9.99845E-01
 5.01187E+01 7.99957E-01 8.99951E-01 9.89947E-01 9.99846E-01
 5.06991E+01 7.99958E-01 8.99953E-01 9.89948E-01 9.99847E-01
 5.12861E+01 7.99959E-01 8.99954E-01 9.89949E-01 9.99848E-01
 5.18800E+01 7.99960E-01 8.99955E-01 9.89950E-01 9.99850E-01
 5.24807E+01 7.99961E-01 8.99956E-01 9.89951E-01 9.99851E-01
 5.30884E+01 7.99962E-01 8.99957E-01 9.89952E-01 9.99852E-01
 5.37032E+01 7.99962E-01 8.99958E-01 9.89953E-01 9.99853E-01
 5.43250E+01 7.99963E-01 8.99959E-01 9.89955E-01 9.99854E-01
 5.49541E+01 7.99964E-01 8.99960E-01 9.89956E-01 9.99855E-01
 5.55904E+01 7.99965E-01 8.99960E-01 9.89957E-01 9.99856E-01
 5.62341E+01 7.99966E-01 8.99961E-01 9.89958E-01 9.99857E-01
 5.68853E+01 7.99966E-01 8.99962E-01 9.89959E-01 9.99858E-01
 5.75440E+01 7.99967E-01 8.99963E-01 9.89959E-01 9.99859E-01
 5.82103E+01 7.99968E-01 8.99964E-01 9.89960E-01 9.99860E-01
 5.88844E+01 7.99969E-01 8.99965E-01 9.89961E-01 9.99861E-01
 5.95662E+01 7.99969E-01 8.99966E-01 9.89962E-01 9.99862E-01
 6.02560E+01 7.99970E-01 8.99966E-01 9.89963E-01 9.99863E-01
 6.09537E+01 7.99971E-01 8.99967E-01 9.89964E-01 9.99863E-01
 6.16595E+01 7.99971E-01 8.99968E-01 9.89965E-01 9.99864E-01
 6.23735E+01 7.99972E-01 8.99969E-01 9.89965E-01 9.99865E-01
 6.30957E+01 7.99973E-01 8.99969E-01 9.89966E-01 9.99866E-01
 6.38263E+01 7.99973E-01 8.99970E-01 9.89967E-01 9.99867E-01
 6.45654E+01 7.99974E-01 8.99971E-01 9.89968E-01 9.99867E-01
 6.53131E+01 7.99975E-01 8.99971E-01 9.89969E-01 9.99868E-01
 6.60693E+01 7.99975E-01 8.99972E-01 9.89969E-01 9.99869E-01
 6.68344E+01 7.99976E-01 8.99973E-01 9.89970E-01 9.99870E-01
 6.76083E+01 7.99976E-01 8.99973E-01 9.89971E-01 9.99870E-01
 6.83912E+01 7.99977E-01 8.99974E-01 9.89971E-01 9.99871E-01
 6.91831E+01 7.99977E-01 8.99974E-01 9.89972E-01 9.99872E-01
 6.99842E+01 7.99978E-01 8.99975E-01 9.89973E-01 9.99872E-01
 7.07946E+01 7.99978E-01 8.99976E-01 9.89973E-01 9.99873E-01
 7.16143E+01 7.99979E-01 8.99976E-01 9.89974E-01 9.99874E-01
 7.24436E+01 7.99979E-01 8.99977E-01 9.89974E-01 9.99874E-01
 7.32825E+01 7.99980E-01 8.99977E-01 9.89975E-01 9.99875E-01
 7.41310E+01 7.99980E-01 8.99978E-01 9.89976E-01 9.99875E-01
 7.49894E+01 7.99981E-01 8.99978E-01 9.89976E-01 9.99876E-01
 7.58578E+01 7.99981E-01 8.99979E-01 9.89977E-01 9.99876E-01
 7.67361E+01 7.99982E-01 8.99979E-01 9.89977E-01 9.99877E-01
 7.76247E+01 7.99982E-01 8.99980E-01 9.89978E-01 9.99877E-01
 7.85236E+01 7.99982E-01 8.99980E-01 9.89978E-01 9.99878E-01
 7.94328E+01 7.99983E-01 8.99981E-01 9.89979E-01 9.99878E-01
 8.03526E+01 7.99983E-01 8.99981E-01 9.89979E-01 9.99879E-01
 8.12831E+01 7.99984E-01 8.99982E-01 9.89980E-01 9.99879E-01
 8.22243E+01 7.99984E-01 8.99982E-01 9.89980E-01 9.99880E-01
 8.31764E+01 7.99984E-01 8.99982E-01 9.89981E-01 9.99880E-01
 8.41395E+01 7.99985E-01 8.99983E-01 9.89981E-01 9.99881E-01
 8.51138E+01 7.99985E-01 8.99983E-01 9.89981E-01 9.99881E-01
 8.60994E+01 7.99985E-01 8.99984E-01 9.89982E-01 9.99882E-01
 8.70964E+01 7.99986E-01 8.99984E-01 9.89982E-01 9.99882E-01
 8.81049E+01 7.99986E-01 8.99984E-01 9.89983E-01 9.99883E-01
 8.91251E+01 7.99986E-01 8.99985E-01 9.89983E-01 9.99883E-01
 9.01571E+01 7.99987E-01 8.99985E-01 9.89983E-01 9.99883E-01
 9.12011E+01 7.99987E-01 8.99985E-01 9.89984E-01 9.99884E-01
 9.22571E+01 7.99987E-01 8.99986E-01 9.89984E-01 9.99884E-01
 9.33254E+01 7.99988E-01 8.99986E-01 9.89985E-01 9.99884E-01
 9.44061E+01 7.99988E-01 8.99986E-01 9.89985E-01 9.99885E-01
 9.54993E+01 7.99988E-01 8.99987E-01 9.89985E-01 9.99885E-01
 9.66051E+01 7.99988E-01 8.99987E-01 9.89986E-01 9.99885E-01
 9.77237E+01 7.99989E-01 8.99987E-01 9.89986E-01 9.99886E-01
 9.88553E+01 7.99989E-01 8.99987E-01 9.89986E-01 9.99886E-01
 1.00000E+02 7.99989E-01 8.99988E-01 9.89987E-01 9.99886E-01
