 1.00000E-02 2.03619E-02 3.86001E-02 7.08241E-02 7.61082E-02
 2.00000E-02 2.19375E-02 4.19242E-02 7.81647E-02 8.46276E-02
 3.00000E-02 2.35147E-02 4.52466E-02 8.60908E-02 9.37767E-02
 4.00000E-02 2.51223E-02 4.86552E-02 9.44578E-02 1.03734E-01
 5.00000E-02 2.67460E-02 5.21169E-02 1.03238E-01 1.14577E-01
 6.00000E-02 2.83870E-02 5.56113E-02 1.12364E-01 1.26379E-01
 7.00000E-02 3.00353E-02 5.91272E-02 1.21717E-01 1.39183E-01
 8.00000E-02 3.16871E-02 6.26477E-02 1.31185E-01 1.52957E-01
 9.00000E-02 3.33411E-02 6.61622E-02 1.40668E-01 1.67300E-01
 1.00000E-01 3.49913E-02 6.96627E-02 1.50090E-01 1.81586E-01
 1.10000E-01 3.66351E-02 7.31403E-02 1.59403E-01 1.95535E-01
 1.20000E-01 3.82700E-02 7.65867E-02 1.68563E-01 2.09079E-01
 1.30000E-01 3.98957E-02 7.99964E-02 1.77548E-01 2.22196E-01
 1.40000E-01 4.15090E-02 8.33710E-02 1.86345E-01 2.34901E-01
 1.50000E-01 4.31095E-02 8.67020E-02 1.94949E-01 2.47206E-01
 1.60000E-01 4.46954E-02 8.99910E-02 2.03357E-01 2.59121E-01
 1.70000E-01 4.62676E-02 9.32364E-02 2.11573E-01 2.70662E-01
 1.80000E-01 4.78246E-02 9.64361E-02 2.19597E-01 2.81847E-01
 1.90000E-01 4.93661E-02 9.95903E-02 2.27431E-01 2.92690E-01
 2.00000E-01 5.08921E-02 1.02699E-01 2.35079E-01 3.03210E-01
 2.10000E-01 5.24025E-02 1.05765E-01 2.42547E-01 3.13421E-01
 2.20000E-01 5.38973E-02 1.08785E-01 2.49840E-01 3.23334E-01
 2.30000E-01 5.53765E-02 1.11762E-01 2.56963E-01 3.32960E-01
 2.40000E-01 5.68407E-02 1.14695E-01 2.63923E-01 3.42314E-01
 2.50000E-01 5.82901E-02 1.17587E-01 2.70727E-01 3.51405E-01
 2.60000E-01 5.97243E-02 1.20437E-01 2.77376E-01 3.60247E-01
 2.70000E-01 6.11437E-02 1.23247E-01 2.83876E-01 3.68848E-01
 2.80000E-01 6.25495E-02 1.26018E-01 2.90232E-01 3.77219E-01
 2.90000E-01 6.39408E-02 1.28749E-01 2.96449E-01 3.85371E-01
 3.00000E-01 6.53189E-02 1.31442E-01 3.02536E-01 3.93313E-01
 3.10000E-01 6.66833E-02 1.34100E-01 3.08492E-01 4.01052E-01
 3.20000E-01 6.80352E-02 1.36722E-01 3.14321E-01 4.08595E-01
 3.30000E-01 6.93739E-02 1.39308E-01 3.20031E-01 4.15950E-01
 3.40000E-01 7.07011E-02 1.41861E-01 3.25625E-01 4.23124E-01
 3.50000E-01 7.20160E-02 1.44382E-01 3.31105E-01 4.30124E-01
 3.60000E-01 7.33192E-02 1.46870E-01 3.36475E-01 4.36956E-01
 3.70000E-01 7.46118E-02 1.49328E-01 3.41743E-01 4.43631E-01
 3.80000E-01 7.58933E-02 1.51754E-01 3.46906E-01 4.50151E-01
 3.90000E-01 7.71643E-02 1.54153E-01 3.51970E-01 4.56520E-01
 4.00000E-01 7.84252E-02 1.56522E-01 3.56941E-01 4.62746E-01
 4.10000E-01 7.96765E-02 1.58864E-01 3.61817E-01 4.68831E-01
 4.20000E-01 8.09186E-02 1.61179E-01 3.66605E-01 4.74782E-01
 4.30000E-01 8.21517E-02 1.63469E-01 3.71306E-01 4.80605E-01
 4.40000E-01 8.33761E-02 1.65733E-01 3.75922E-01 4.86305E-01
 4.50000E-01 8.45921E-02 1.67973E-01 3.80458E-01 4.91883E-01
 4.60000E-01 8.58003E-02 1.70190E-01 3.84913E-01 4.97343E-01
 4.70000E-01 8.70009E-02 1.72383E-01 3.89295E-01 5.02690E-01
 4.80000E-01 8.81942E-02 1.74555E-01 3.93599E-01 5.07928E-01
 4.90000E-01 8.93806E-02 1.76706E-01 3.97834E-01 5.13062E-01
 5.00000E-01 9.05605E-02 1.78835E-01 4.01997E-01 5.18095E-01
 5.10000E-01 9.17341E-02 1.80945E-01 4.06094E-01 5.23027E-01
 5.20000E-01 9.29018E-02 1.83035E-01 4.10123E-01 5.27863E-01
 5.30000E-01 9.40639E-02 1.85107E-01 4.14091E-01 5.32605E-01
 5.40000E-01 9.52209E-02 1.87161E-01 4.17994E-01 5.37260E-01
 5.50000E-01 9.63730E-02 1.89197E-01 4.21840E-01 5.41828E-01
 5.60000E-01 9.75204E-02 1.91217E-01 4.25624E-01 5.46310E-01
 5.70000E-01 9.86633E-02 1.93220E-01 4.29355E-01 5.50710E-01
 5.80000E-01 9.98022E-02 1.95208E-01 4.33028E-01 5.55029E-01
 5.90000E-01 1.00937E-01 1.97181E-01 4.36649E-01 5.59274E-01
 6.00000E-01 1.02069E-01 1.99139E-01 4.40218E-01 5.63443E-01
 6.10000E-01 1.03198E-01 2.01083E-01 4.43735E-01 5.67538E-01
 6.20000E-01 1.04324E-01 2.03013E-01 4.47204E-01 5.71562E-01
 6.30000E-01 1.05447E-01 2.04931E-01 4.50623E-01 5.75519E-01
 6.40000E-01 1.06568E-01 2.06835E-01 4.53997E-01 5.79410E-01
 6.50000E-01 1.07686E-01 2.08728E-01 4.57325E-01 5.83234E-01
 6.60000E-01 1.08803E-01 2.10609E-01 4.60608E-01 5.86995E-01
 6.70000E-01 1.09918E-01 2.12479E-01 4.63850E-01 5.90695E-01
 6.80000E-01 1.11032E-01 2.14339E-01 4.67049E-01 5.94336E-01
 6.90000E-01 1.12145E-01 2.16188E-01 4.70205E-01 5.97918E-01
 7.00000E-01 1.13257E-01 2.18027E-01 4.73324E-01 6.01443E-01
 7.10000E-01 1.14369E-01 2.19856E-01 4.76404E-01 6.04914E-01
 7.20000E-01 1.15480E-01 2.21677E-01 4.79444E-01 6.08331E-01
 7.30000E-01 1.16591E-01 2.23488E-01 4.82449E-01 6.11696E-01
 7.40000E-01 1.17702E-01 2.25291E-01 4.85417E-01 6.15009E-01
 7.50000E-01 1.18813E-01 2.27087E-01 4.88350E-01 6.18273E-01
 7.60000E-01 1.19925E-01 2.28874E-01 4.91249E-01 6.21489E-01
 7.70000E-01 1.21038E-01 2.30654E-01 4.94115E-01 6.24657E-01
 7.80000E-01 1.22151E-01 2.32427E-01 4.96947E-01 6.27778E-01
 7.90000E-01 1.23266E-01 2.34193E-01 4.99747E-01 6.30856E-01
 8.00000E-01 1.24382E-01 2.35952E-01 5.02517E-01 6.33890E-01
 8.10000E-01 1.25500E-01 2.37706E-01 5.05256E-01 6.36880E-01
 8.20000E-01 1.26620E-01 2.39454E-01 5.07965E-01 6.39828E-01
 8.30000E-01 1.27741E-01 2.41196E-01 5.10645E-01 6.42737E-01
 8.40000E-01 1.28865E-01 2.42932E-01 5.13297E-01 6.45605E-01
 8.50000E-01 1.29991E-01 2.44664E-01 5.15921E-01 6.48433E-01
 8.60000E-01 1.31119E-01 2.46390E-01 5.18517E-01 6.51224E-01
 8.70000E-01 1.32250E-01 2.48112E-01 5.21087E-01 6.53978E-01
 8.80000E-01 1.33384E-01 2.49830E-01 5.23630E-01 6.56695E-01
 8.90000E-01 1.34522E-01 2.51544E-01 5.26148E-01 6.59377E-01
 9.00000E-01 1.35662E-01 2.53253E-01 5.28641E-01 6.62024E-01
 9.10000E-01 1.36806E-01 2.54959E-01 5.31110E-01 6.64637E-01
 9.20000E-01 1.37954E-01 2.56662E-01 5.33554E-01 6.67216E-01
 9.30000E-01 1.39105E-01 2.58361E-01 5.35975E-01 6.69764E-01
 9.40000E-01 1.40261E-01 2.60057E-01 5.38372E-01 6.72279E-01
 9.50000E-01 1.41421E-01 2.61751E-01 5.40748E-01 6.74762E-01
 9.60000E-01 1.42585E-01 2.63442E-01 5.43101E-01 6.77216E-01
 9.70000E-01 1.43753E-01 2.65130E-01 5.45432E-01 6.79639E-01
 9.80000E-01 1.44926E-01 2.66816E-01 5.47742E-01 6.82033E-01
 9.90000E-01 1.46104E-01 2.68500E-01 5.50030E-01 6.84397E-01
 1.00000E+00 1.47287E-01 2.70181E-01 5.52298E-01 6.86735E-01
 1.01158E+00 1.48664E-01 2.72127E-01 5.54900E-01 6.89406E-01
 1.02329E+00 1.50064E-01 2.74093E-01 5.57504E-01 6.92071E-01
 1.03514E+00 1.51487E-01 2.76080E-01 5.60111E-01 6.94730E-01
 1.04713E+00 1.52936E-01 2.78088E-01 5.62721E-01 6.97383E-01
 1.05925E+00 1.54410E-01 2.80118E-01 5.65334E-01 7.00031E-01
 1.07152E+00 1.55910E-01 2.82170E-01 5.67950E-01 7.02671E-01
 1.08393E+00 1.57438E-01 2.84245E-01 5.70569E-01 7.05305E-01
 1.09648E+00 1.58994E-01 2.86344E-01 5.73191E-01 7.07933E-01
 1.10917E+00 1.60578E-01 2.88466E-01 5.75816E-01 7.10554E-01
 1.12202E+00 1.62193E-01 2.90613E-01 5.78443E-01 7.13169E-01
 1.13501E+00 1.63838E-01 2.92785E-01 5.81073E-01 7.15777E-01
 1.14815E+00 1.65515E-01 2.94983E-01 5.83706E-01 7.18378E-01
 1.16145E+00 1.67225E-01 2.97207E-01 5.86342E-01 7.20971E-01
 1.17490E+00 1.68968E-01 2.99458E-01 5.88979E-01 7.23558E-01
 1.18850E+00 1.70747E-01 3.01736E-01 5.91619E-01 7.26138E-01
 1.20226E+00 1.72562E-01 3.04043E-01 5.94262E-01 7.28710E-01
 1.21619E+00 1.74414E-01 3.06379E-01 5.96907E-01 7.31276E-01
 1.23027E+00 1.76305E-01 3.08745E-01 5.99555E-01 7.33834E-01
 1.24451E+00 1.78236E-01 3.11141E-01 6.02204E-01 7.36384E-01
 1.25893E+00 1.80208E-01 3.13568E-01 6.04855E-01 7.38927E-01
 1.27350E+00 1.82222E-01 3.16028E-01 6.07508E-01 7.41461E-01
 1.28825E+00 1.84281E-01 3.18520E-01 6.10163E-01 7.43988E-01
 1.30317E+00 1.86385E-01 3.21046E-01 6.12820E-01 7.46507E-01
 1.31826E+00 1.88535E-01 3.23607E-01 6.15479E-01 7.49018E-01
 1.33352E+00 1.90734E-01 3.26204E-01 6.18139E-01 7.51520E-01
 1.34896E+00 1.92983E-01 3.28836E-01 6.20801E-01 7.54014E-01
 1.36458E+00 1.95284E-01 3.31507E-01 6.23463E-01 7.56499E-01
 1.38038E+00 1.97637E-01 3.34216E-01 6.26127E-01 7.58976E-01
 1.39637E+00 2.00045E-01 3.36965E-01 6.28793E-01 7.61444E-01
 1.41254E+00 2.02509E-01 3.39754E-01 6.31459E-01 7.63903E-01
 1.42889E+00 2.05031E-01 3.42585E-01 6.34126E-01 7.66353E-01
 1.44544E+00 2.07612E-01 3.45459E-01 6.36793E-01 7.68793E-01
 1.46218E+00 2.10244E-01 3.48377E-01 6.39461E-01 7.71225E-01
 1.47911E+00 2.12878E-01 3.51340E-01 6.42129E-01 7.73646E-01
 1.49624E+00 2.15503E-01 3.54349E-01 6.44798E-01 7.76059E-01
 1.51356E+00 2.18120E-01 3.57407E-01 6.47467E-01 7.78461E-01
 1.53109E+00 2.20727E-01 3.60513E-01 6.50136E-01 7.80853E-01
 1.54882E+00 2.23324E-01 3.63670E-01 6.52805E-01 7.83235E-01
 1.56675E+00 2.25910E-01 3.66879E-01 6.55473E-01 7.85607E-01
 1.58489E+00 2.28485E-01 3.70141E-01 6.58141E-01 7.87968E-01
 1.60325E+00 2.31047E-01 3.73457E-01 6.60808E-01 7.90319E-01
 1.62181E+00 2.33597E-01 3.76830E-01 6.63474E-01 7.92659E-01
 1.64059E+00 2.36133E-01 3.80259E-01 6.66140E-01 7.94988E-01
 1.65959E+00 2.38654E-01 3.83748E-01 6.68805E-01 7.97305E-01
 1.67880E+00 2.41161E-01 3.87297E-01 6.71468E-01 7.99612E-01
 1.69824E+00 2.43652E-01 3.90907E-01 6.74130E-01 8.01907E-01
 1.71791E+00 2.46128E-01 3.94581E-01 6.76791E-01 8.04190E-01
 1.73780E+00 2.48586E-01 3.98318E-01 6.79450E-01 8.06462E-01
 1.75792E+00 2.51028E-01 4.02119E-01 6.82107E-01 8.08722E-01
 1.77828E+00 2.53452E-01 4.05981E-01 6.84762E-01 8.10969E-01
 1.79887E+00 2.55858E-01 4.09834E-01 6.87416E-01 8.13204E-01
 1.81970E+00 2.58245E-01 4.13658E-01 6.90067E-01 8.15427E-01
 1.84077E+00 2.60613E-01 4.17451E-01 6.92716E-01 8.17637E-01
 1.86209E+00 2.62961E-01 4.21213E-01 6.95362E-01 8.19834E-01
 1.88365E+00 2.65290E-01 4.24943E-01 6.98006E-01 8.22018E-01
 1.90546E+00 2.67598E-01 4.28640E-01 7.00647E-01 8.24189E-01
 1.92752E+00 2.69885E-01 4.32304E-01 7.03286E-01 8.26347E-01
 1.94984E+00 2.72152E-01 4.35934E-01 7.05921E-01 8.28491E-01
 1.97242E+00 2.74396E-01 4.39530E-01 7.08554E-01 8.30621E-01
 1.99526E+00 2.76620E-01 4.43091E-01 7.11184E-01 8.32738E-01
 2.01837E+00 2.78821E-01 4.46617E-01 7.13810E-01 8.34841E-01
 2.04174E+00 2.80999E-01 4.50106E-01 7.16434E-01 8.36929E-01
 2.06538E+00 2.83155E-01 4.53560E-01 7.19054E-01 8.39003E-01
 2.08930E+00 2.85288E-01 4.56977E-01 7.21670E-01 8.41063E-01
 2.11349E+00 2.87398E-01 4.60357E-01 7.24283E-01 8.43108E-01
 2.13796E+00 2.89485E-01 4.63699E-01 7.26893E-01 8.45138E-01
 2.16272E+00 2.91548E-01 4.67004E-01 7.29499E-01 8.47154E-01
 2.18776E+00 2.93588E-01 4.70271E-01 7.32102E-01 8.49154E-01
 2.21309E+00 2.95604E-01 4.73500E-01 7.34701E-01 8.51139E-01
 2.23872E+00 2.97596E-01 4.76691E-01 7.37296E-01 8.53109E-01
 2.26464E+00 2.99564E-01 4.79843E-01 7.39888E-01 8.55064E-01
 2.29087E+00 3.01507E-01 4.82956E-01 7.42476E-01 8.57002E-01
 2.31739E+00 3.03427E-01 4.86031E-01 7.45060E-01 8.58926E-01
 2.34423E+00 3.05322E-01 4.89066E-01 7.47641E-01 8.60833E-01
 2.37137E+00 3.07192E-01 4.92063E-01 7.50218E-01 8.62724E-01
 2.39883E+00 3.09039E-01 4.95020E-01 7.52792E-01 8.64600E-01
 2.42661E+00 3.10861E-01 4.97939E-01 7.55362E-01 8.66459E-01
 2.45471E+00 3.12658E-01 5.00818E-01 7.57928E-01 8.68302E-01
 2.48313E+00 3.14431E-01 5.03658E-01 7.60491E-01 8.70129E-01
 2.51189E+00 3.16180E-01 5.06459E-01 7.63051E-01 8.71939E-01
 2.54097E+00 3.17904E-01 5.09221E-01 7.65607E-01 8.73733E-01
 2.57040E+00 3.19604E-01 5.11944E-01 7.68160E-01 8.75510E-01
 2.60016E+00 3.21280E-01 5.14629E-01 7.70710E-01 8.77271E-01
 2.63027E+00 3.22932E-01 5.17274E-01 7.73257E-01 8.79015E-01
 2.66073E+00 3.24559E-01 5.19881E-01 7.75801E-01 8.80742E-01
 2.69153E+00 3.26163E-01 5.22449E-01 7.78342E-01 8.82452E-01
 2.72270E+00 3.27742E-01 5.24979E-01 7.80881E-01 8.84146E-01
 2.75423E+00 3.29298E-01 5.27471E-01 7.83417E-01 8.85823E-01
 2.78612E+00 3.30830E-01 5.29925E-01 7.85951E-01 8.87482E-01
 2.81838E+00 3.32338E-01 5.32341E-01 7.88483E-01 8.89125E-01
 2.85102E+00 3.33823E-01 5.34720E-01 7.91013E-01 8.90751E-01
 2.88403E+00 3.35285E-01 5.37062E-01 7.93541E-01 8.92359E-01
 2.91743E+00 3.36724E-01 5.39366E-01 7.96068E-01 8.93951E-01
 2.95121E+00 3.38139E-01 5.41634E-01 7.98594E-01 8.95526E-01
 2.98538E+00 3.39532E-01 5.43865E-01 8.01119E-01 8.97083E-01
 3.01995E+00 3.40903E-01 5.46060E-01 8.03644E-01 8.98624E-01
 3.05492E+00 3.42251E-01 5.48219E-01 8.06168E-01 9.00147E-01
 3.09030E+00 3.43576E-01 5.50343E-01 8.08693E-01 9.01654E-01
 3.12608E+00 3.44880E-01 5.52431E-01 8.11218E-01 9.03143E-01
 3.16228E+00 3.46162E-01 5.54485E-01 8.13745E-01 9.04616E-01
 3.19890E+00 3.47422E-01 5.56504E-01 8.16273E-01 9.06071E-01
 3.23594E+00 3.48661E-01 5.58488E-01 8.18804E-01 9.07510E-01
 3.27341E+00 3.49879E-01 5.60439E-01 8.21339E-01 9.08932E-01
 3.31131E+00 3.51076E-01 5.62356E-01 8.23878E-01 9.10337E-01
 3.34965E+00 3.52252E-01 5.64240E-01 8.26422E-01 9.11725E-01
 3.38844E+00 3.53408E-01 5.66091E-01 8.28972E-01 9.13096E-01
 3.42768E+00 3.54543E-01 5.67909E-01 8.31531E-01 9.14451E-01
 3.46737E+00 3.55658E-01 5.69696E-01 8.34097E-01 9.15789E-01
 3.50752E+00 3.56754E-01 5.71450E-01 8.36660E-01 9.17111E-01
 3.54813E+00 3.57829E-01 5.73174E-01 8.39184E-01 9.18416E-01
 3.58922E+00 3.58886E-01 5.74866E-01 8.41661E-01 9.19704E-01
 3.63078E+00 3.59923E-01 5.76528E-01 8.44094E-01 9.20977E-01
 3.67282E+00 3.60942E-01 5.78159E-01 8.46483E-01 9.22233E-01
 3.71535E+00 3.61942E-01 5.79761E-01 8.48828E-01 9.23473E-01
 3.75837E+00 3.62924E-01 5.81334E-01 8.51131E-01 9.24697E-01
 3.80189E+00 3.63887E-01 5.82877E-01 8.53390E-01 9.25905E-01
 3.84592E+00 3.64833E-01 5.84392E-01 8.55608E-01 9.27097E-01
 3.89045E+00 3.65761E-01 5.85878E-01 8.57785E-01 9.28273E-01
 3.93550E+00 3.66672E-01 5.87337E-01 8.59920E-01 9.29434E-01
 3.98107E+00 3.67565E-01 5.88769E-01 8.62016E-01 9.30579E-01
 4.02717E+00 3.68442E-01 5.90173E-01 8.64072E-01 9.31709E-01
 4.07380E+00 3.69302E-01 5.91551E-01 8.66089E-01 9.32823E-01
 4.12098E+00 3.70146E-01 5.92902E-01 8.68068E-01 9.33922E-01
 4.16869E+00 3.70973E-01 5.94228E-01 8.70009E-01 9.35006E-01
 4.21697E+00 3.71785E-01 5.95528E-01 8.71912E-01 9.36076E-01
 4.26580E+00 3.72581E-01 5.96803E-01 8.73779E-01 9.37130E-01
 4.31519E+00 3.73362E-01 5.98053E-01 8.75609E-01 9.38169E-01
 4.36516E+00 3.74127E-01 5.99279E-01 8.77405E-01 9.39194E-01
 4.41570E+00 3.74878E-01 6.00481E-01 8.79165E-01 9.40205E-01
 4.46684E+00 3.75613E-01 6.01660E-01 8.80890E-01 9.41201E-01
 4.51856E+00 3.76335E-01 6.02815E-01 8.82582E-01 9.42182E-01
 4.57088E+00 3.77042E-01 6.03948E-01 8.84241E-01 9.43150E-01
 4.62381E+00 3.77735E-01 6.05059E-01 8.85866E-01 9.44104E-01
 4.67735E+00 3.78414E-01 6.06147E-01 8.87460E-01 9.45044E-01
 4.73151E+00 3.79080E-01 6.07213E-01 8.89021E-01 9.45970E-01
 4.78630E+00 3.79733E-01 6.08259E-01 8.90552E-01 9.46883E-01
 4.84172E+00 3.80373E-01 6.09283E-01 8.92052E-01 9.47782E-01
 4.89779E+00 3.80999E-01 6.10287E-01 8.93521E-01 9.48668E-01
 4.95450E+00 3.81613E-01 6.11271E-01 8.94962E-01 9.49541E-01
 5.01187E+00 3.82215E-01 6.12235E-01 8.96373E-01 9.50401E-01
 5.06991E+00 3.82805E-01 6.13179E-01 8.97755E-01 9.51249E-01
 5.12861E+00 3.83382E-01 6.14104E-01 8.99110E-01 9.52083E-01
 5.18800E+00 3.83948E-01 6.15010E-01 9.00436E-01 9.52905E-01
 5.24807E+00 3.84502E-01 6.15898E-01 9.01736E-01 9.53714E-01
 5.30884E+00 3.85045E-01 6.16767E-01 9.03009E-01 9.54511E-01
 5.37032E+00 3.85577E-01 6.17619E-01 9.04256E-01 9.55296E-01
 5.43250E+00 3.86097E-01 6.18453E-01 9.05478E-01 9.56069E-01
 5.49541E+00 3.86608E-01 6.19270E-01 9.06674E-01 9.56830E-01
 5.55904E+00 3.87107E-01 6.20071E-01 9.07845E-01 9.57580E-01
 5.62341E+00 3.87596E-01 6.20854E-01 9.08993E-01 9.58318E-01
 5.68853E+00 3.88075E-01 6.21622E-01 9.10116E-01 9.59044E-01
 5.75440E+00 3.88544E-01 6.22373E-01 9.11216E-01 9.59759E-01
 5.82103E+00 3.89004E-01 6.23109E-01 9.12293E-01 9.60463E-01
 5.88844E+00 3.89453E-01 6.23829E-01 9.13348E-01 9.61156E-01
 5.95662E+00 3.89894E-01 6.24534E-01 9.14381E-01 9.61838E-01
 6.02560E+00 3.90325E-01 6.25225E-01 9.15392E-01 9.62509E-01
 6.09537E+00 3.90747E-01 6.25901E-01 9.16381E-01 9.63170E-01
 6.16595E+00 3.91160E-01 6.26563E-01 9.17350E-01 9.63820E-01
 6.23735E+00 3.91564E-01 6.27210E-01 9.18299E-01 9.64460E-01
 6.30957E+00 3.91960E-01 6.27845E-01 9.19227E-01 9.65090E-01
 6.38263E+00 3.92348E-01 6.28465E-01 9.20136E-01 9.65710E-01
 6.45654E+00 3.92727E-01 6.29073E-01 9.21026E-01 9.66320E-01
 6.53131E+00 3.93098E-01 6.29668E-01 9.21896E-01 9.66920E-01
 6.60693E+00 3.93462E-01 6.30250E-01 9.22748E-01 9.67510E-01
 6.68344E+00 3.93817E-01 6.30819E-01 9.23582E-01 9.68091E-01
 6.76083E+00 3.94165E-01 6.31377E-01 9.24399E-01 9.68662E-01
 6.83912E+00 3.94506E-01 6.31922E-01 9.25197E-01 9.69224E-01
 6.91831E+00 3.94839E-01 6.32456E-01 9.25979E-01 9.69777E-01
 6.99842E+00 3.95166E-01 6.32979E-01 9.26744E-01 9.70322E-01
 7.07946E+00 3.95485E-01 6.33490E-01 9.27493E-01 9.70857E-01
 7.16143E+00 3.95797E-01 6.33990E-01 9.28225E-01 9.71383E-01
 7.24436E+00 3.96103E-01 6.34480E-01 9.28942E-01 9.71901E-01
 7.32825E+00 3.96402E-01 6.34959E-01 9.29643E-01 9.72410E-01
 7.41310E+00 3.96694E-01 6.35428E-01 9.30330E-01 9.72911E-01
 7.49894E+00 3.96981E-01 6.35886E-01 9.31001E-01 9.73404E-01
 7.58578E+00 3.97261E-01 6.36335E-01 9.31658E-01 9.73888E-01
 7.67361E+00 3.97535E-01 6.36774E-01 9.32300E-01 9.74365E-01
 7.76247E+00 3.97803E-01 6.37203E-01 9.32929E-01 9.74833E-01
 7.85236E+00 3.98065E-01 6.37623E-01 9.33544E-01 9.75294E-01
 7.94328E+00 3.98322E-01 6.38034E-01 9.34146E-01 9.75747E-01
 8.03526E+00 3.98573E-01 6.38436E-01 9.34735E-01 9.76192E-01
 8.12831E+00 3.98818E-01 6.38830E-01 9.35311E-01 9.76631E-01
 8.22243E+00 3.99058E-01 6.39214E-01 9.35874E-01 9.77061E-01
 8.31764E+00 3.99293E-01 6.39591E-01 9.36425E-01 9.77485E-01
 8.41395E+00 3.99523E-01 6.39959E-01 9.36964E-01 9.77901E-01
 8.51138E+00 3.99748E-01 6.40319E-01 9.37491E-01 9.78311E-01
 8.60994E+00 3.99968E-01 6.40671E-01 9.38007E-01 9.78713E-01
 8.70964E+00 4.00183E-01 6.41016E-01 9.38511E-01 9.79109E-01
 8.81049E+00 4.00393E-01 6.41353E-01 9.39005E-01 9.79498E-01
 8.91251E+00 4.00599E-01 6.41682E-01 9.39487E-01 9.79880E-01
 9.01571E+00 4.00800E-01 6.42005E-01 9.39959E-01 9.80256E-01
 9.12011E+00 4.00997E-01 6.42320E-01 9.40421E-01 9.80625E-01
 9.22571E+00 4.01190E-01 6.42628E-01 9.40872E-01 9.80989E-01
 9.33254E+00 4.01378E-01 6.42930E-01 9.41314E-01 9.81346E-01
 9.44061E+00 4.01562E-01 6.43225E-01 9.41746E-01 9.81696E-01
 9.54993E+00 4.01742E-01 6.43513E-01 9.42168E-01 9.82041E-01
 9.66051E+00 4.01918E-01 6.43795E-01 9.42581E-01 9.82380E-01
 9.77237E+00 4.02090E-01 6.44071E-01 9.42985E-01 9.82714E-01
 9.88553E+00 4.02259E-01 6.44341E-01 9.43380E-01 9.83041E-01
 1.00000E+01 4.02424E-01 6.44605E-01 9.43766E-01 9.83363E-01
 1.01158E+01 4.02585E-01 6.44863E-01 9.44143E-01 9.83679E-01
 1.02329E+01 4.02742E-01 6.45115E-01 9.44513E-01 9.83990E-01
 1.03514E+01 4.02896E-01 6.45362E-01 9.44874E-01 9.84295E-01
 1.04713E+01 4.03047E-01 6.45603E-01 9.45227E-01 9.84596E-01
 1.05925E+01 4.03194E-01 6.45839E-01 9.45572E-01 9.84891E-01
 1.07152E+01 4.03338E-01 6.46069E-01 9.45910E-01 9.85180E-01
 1.08393E+01 4.03479E-01 6.46295E-01 9.46240E-01 9.85465E-01
 1.09648E+01 4.03616E-01 6.46515E-01 9.46563E-01 9.85745E-01
 1.10917E+01 4.03751E-01 6.46731E-01 9.46879E-01 9.86020E-01
 1.12202E+01 4.03883E-01 6.46942E-01 9.47187E-01 9.86290E-01
 1.13501E+01 4.04011E-01 6.47148E-01 9.47489E-01 9.86556E-01
 1.14815E+01 4.04137E-01 6.47349E-01 9.47784E-01 9.86817E-01
 1.16145E+01 4.04260E-01 6.47546E-01 9.48073E-01 9.87073E-01
 1.17490E+01 4.04380E-01 6.47739E-01 9.48355E-01 9.87325E-01
 1.18850E+01 4.04498E-01 6.47927E-01 9.48631E-01 9.87572E-01
 1.20226E+01 4.04613E-01 6.48112E-01 9.48900E-01 9.87815E-01
 1.21619E+01 4.04725E-01 6.48292E-01 9.49164E-01 9.88054E-01
 1.23027E+01 4.04835E-01 6.48468E-01 9.49422E-01 9.88289E-01
 1.24451E+01 4.04943E-01 6.48640E-01 9.49673E-01 9.88519E-01
 1.25893E+01 4.05048E-01 6.48808E-01 9.49920E-01 9.88746E-01
 1.27350E+01 4.05150E-01 6.48973E-01 9.50161E-01 9.88968E-01
 1.28825E+01 4.05251E-01 6.49133E-01 9.50396E-01 9.89186E-01
 1.30317E+01 4.05349E-01 6.49291E-01 9.50626E-01 9.89401E-01
 1.31826E+01 4.05445E-01 6.49444E-01 9.50851E-01 9.89612E-01
 1.33352E+01 4.05539E-01 6.49595E-01 9.51071E-01 9.89819E-01
 1.34896E+01 4.05630E-01 6.49741E-01 9.51286E-01 9.90023E-01
 1.36458E+01 4.05720E-01 6.49885E-01 9.51497E-01 9.90223E-01
 1.38038E+01 4.05808E-01 6.50025E-01 9.51702E-01 9.90419E-01
 1.39637E+01 4.05893E-01 6.50163E-01 9.51903E-01 9.90612E-01
 1.41254E+01 4.05977E-01 6.50297E-01 9.52100E-01 9.90801E-01
 1.42889E+01 4.06059E-01 6.50428E-01 9.52292E-01 9.90987E-01
 1.44544E+01 4.06139E-01 6.50556E-01 9.52479E-01 9.91170E-01
 1.46218E+01 4.06217E-01 6.50682E-01 9.52663E-01 9.91350E-01
 1.47911E+01 4.06294E-01 6.50804E-01 9.52842E-01 9.91531E-01
 1.49624E+01 4.06369E-01 6.50924E-01 9.53018E-01 9.91714E-01
 1.51356E+01 4.06442E-01 6.51041E-01 9.53189E-01 9.91892E-01
 1.53109E+01 4.06513E-01 6.51155E-01 9.53357E-01 9.92067E-01
 1.54882E+01 4.06583E-01 6.51267E-01 9.53520E-01 9.92237E-01
 1.56675E+01 4.06651E-01 6.51377E-01 9.53680E-01 9.92404E-01
 1.58489E+01 4.06718E-01 6.51483E-01 9.53837E-01 9.92567E-01
 1.60325E+01 4.06783E-01 6.51588E-01 9.53990E-01 9.92726E-01
 1.62181E+01 4.06847E-01 6.51690E-01 9.54139E-01 9.92881E-01
 1.64059E+01 4.06909E-01 6.51790E-01 9.54286E-01 9.93033E-01
 1.65959E+01 4.06970E-01 6.51887E-01 9.54428E-01 9.93182E-01
 1.67880E+01 4.07030E-01 6.51983E-01 9.54568E-01 9.93327E-01
 1.69824E+01 4.07088E-01 6.52076E-01 9.54705E-01 9.93470E-01
 1.71791E+01 4.07145E-01 6.52167E-01 9.54838E-01 9.93608E-01
 1.73780E+01 4.07200E-01 6.52256E-01 9.54969E-01 9.93744E-01
 1.75792E+01 4.07255E-01 6.52343E-01 9.55096E-01 9.93877E-01
 1.77828E+01 4.07308E-01 6.52429E-01 9.55221E-01 9.94006E-01
 1.79887E+01 4.07360E-01 6.52512E-01 9.55342E-01 9.94133E-01
 1.81970E+01 4.07411E-01 6.52593E-01 9.55462E-01 9.94257E-01
 1.84077E+01 4.07460E-01 6.52673E-01 9.55578E-01 9.94378E-01
 1.86209E+01 4.07509E-01 6.52750E-01 9.55692E-01 9.94497E-01
 1.88365E+01 4.07556E-01 6.52826E-01 9.55803E-01 9.94612E-01
 1.90546E+01 4.07603E-01 6.52900E-01 9.55911E-01 9.94725E-01
 1.92752E+01 4.07648E-01 6.52973E-01 9.56018E-01 9.94836E-01
 1.94984E+01 4.07692E-01 6.53044E-01 9.56121E-01 9.94944E-01
 1.97242E+01 4.07735E-01 6.53113E-01 9.56223E-01 9.95049E-01
 1.99526E+01 4.07778E-01 6.53181E-01 9.56322E-01 9.95153E-01
 2.01837E+01 4.07819E-01 6.53247E-01 9.56419E-01 9.95254E-01
 2.04174E+01 4.07859E-01 6.53312E-01 9.56514E-01 9.95352E-01
 2.06538E+01 4.07899E-01 6.53375E-01 9.56606E-01 9.95448E-01
 2.08930E+01 4.07937E-01 6.53437E-01 9.56697E-01 9.95543E-01
 2.11349E+01 4.07975E-01 6.53497E-01 9.56785E-01 9.95635E-01
 2.13796E+01 4.08012E-01 6.53556E-01 9.56872E-01 9.95725E-01
 2.16272E+01 4.08048E-01 6.53614E-01 9.56956E-01 9.95813E-01
 2.18776E+01 4.08083E-01 6.53670E-01 9.57039E-01 9.95899E-01
 2.21309E+01 4.08118E-01 6.53726E-01 9.57120E-01 9.95983E-01
 2.23872E+01 4.08151E-01 6.53780E-01 9.57199E-01 9.96065E-01
 2.26464E+01 4.08184E-01 6.53832E-01 9.57276E-01 9.96145E-01
 2.29087E+01 4.08216E-01 6.53884E-01 9.57351E-01 9.96223E-01
 2.31739E+01 4.08248E-01 6.53934E-01 9.57425E-01 9.96300E-01
 2.34423E+01 4.08278E-01 6.53983E-01 9.57497E-01 9.96375E-01
 2.37137E+01 4.08308E-01 6.54031E-01 9.57567E-01 9.96448E-01
 2.39883E+01 4.08338E-01 6.54078E-01 9.57636E-01 9.96520E-01
 2.42661E+01 4.08366E-01 6.54124E-01 9.57703E-01 9.96590E-01
 2.45471E+01 4.08394E-01 6.54169E-01 9.57769E-01 9.96658E-01
 2.48313E+01 4.08422E-01 6.54213E-01 9.57833E-01 9.96725E-01
 2.51189E+01 4.08449E-01 6.54256E-01 9.57896E-01 9.96790E-01
 2.54097E+01 4.08475E-01 6.54298E-01 9.57957E-01 9.96854E-01
 2.57040E+01 4.08500E-01 6.54338E-01 9.58017E-01 9.96916E-01
 2.60016E+01 4.08525E-01 6.54379E-01 9.58076E-01 9.96977E-01
 2.63027E+01 4.08550E-01 6.54418E-01 9.58133E-01 9.97037E-01
 2.66073E+01 4.08574E-01 6.54456E-01 9.58189E-01 9.97095E-01
 2.69153E+01 4.08597E-01 6.54493E-01 9.58243E-01 9.97152E-01
 2.72270E+01 4.08620E-01 6.54530E-01 9.58297E-01 9.97208E-01
 2.75423E+01 4.08642E-01 6.54565E-01 9.58349E-01 9.97262E-01
 2.78612E+01 4.08664E-01 6.54600E-01 9.58400E-01 9.97315E-01
 2.81838E+01 4.08685E-01 6.54634E-01 9.58450E-01 9.97367E-01
 2.85102E+01 4.08706E-01 6.54668E-01 9.58499E-01 9.97418E-01
 2.88403E+01 4.08726E-01 6.54700E-01 9.58546E-01 9.97467E-01
 2.91743E+01 4.08746E-01 6.54732E-01 9.58593E-01 9.97516E-01
 2.95121E+01 4.08765E-01 6.54763E-01 9.58639E-01 9.97563E-01
 2.98538E+01 4.08784E-01 6.54793E-01 9.58683E-01 9.97609E-01
 3.01995E+01 4.08803E-01 6.54823E-01 9.58727E-01 9.97655E-01
 3.05492E+01 4.08821E-01 6.54852E-01 9.58769E-01 9.97699E-01
 3.09030E+01 4.08839E-01 6.54881E-01 9.58811E-01 9.97742E-01
 3.12608E+01 4.08856E-01 6.54908E-01 9.58851E-01 9.97784E-01
 3.16228E+01 4.08873E-01 6.54935E-01 9.58891E-01 9.97826E-01
 3.19890E+01 4.08889E-01 6.54962E-01 9.58930E-01 9.97866E-01
 3.23594E+01 4.08906E-01 6.54988E-01 9.58967E-01 9.97905E-01
 3.27341E+01 4.08921E-01 6.55013E-01 9.59004E-01 9.97944E-01
 3.31131E+01 4.08937E-01 6.55038E-01 9.59041E-01 9.97982E-01
 3.34965E+01 4.08952E-01 6.55062E-01 9.59076E-01 9.98018E-01
 3.38844E+01 4.08967E-01 6.55085E-01 9.59111E-01 9.98054E-01
 3.42768E+01 4.08981E-01 6.55108E-01 9.59144E-01 9.98089E-01
 3.46737E+01 4.08995E-01 6.55131E-01 9.59177E-01 9.98124E-01
 3.50752E+01 4.09009E-01 6.55153E-01 9.59210E-01 9.98157E-01
 3.54813E+01 4.09022E-01 6.55175E-01 9.59241E-01 9.98190E-01
 3.58922E+01 4.09035E-01 6.55196E-01 9.59272E-01 9.98222E-01
 3.63078E+01 4.09048E-01 6.55216E-01 9.59302E-01 1.00161E+00
 3.67282E+01 4.09061E-01 6.55236E-01 9.59331E-01 1.01549E+00
 3.71535E+01 4.09073E-01 6.55256E-01 9.59360E-01 1.02959E+00
 3.75837E+01 4.09085E-01 6.55275E-01 9.59388E-01 1.04384E+00
 3.80189E+01 4.09097E-01 6.55294E-01 9.59416E-01 1.05823E+00
 3.84592E+01 4.09108E-01 6.55312E-01 9.59443E-01 1.07279E+00
 3.89045E+01 4.09119E-01 6.55330E-01 9.59469E-01 1.08760E+00
 3.93550E+01 4.09130E-01 6.55348E-01 9.59494E-01 1.10254E+00
 3.98107E+01 4.09141E-01 6.55365E-01 9.59520E-01 1.11762E+00
 4.02717E+01 4.09151E-01 6.55381E-01 9.59544E-01 1.13294E+00
 4.07380E+01 4.09162E-01 6.55398E-01 9.59568E-01 1.14846E+00
 4.12098E+01 4.09172E-01 6.55414E-01 9.59591E-01 1.16410E+00
 4.16869E+01 4.09181E-01 6.55429E-01 9.59614E-01 1.17993E+00
 4.21697E+01 4.09191E-01 6.55445E-01 9.59636E-01 1.19603E+00
 4.26580E+01 4.09200E-01 6.55460E-01 9.59658E-01 1.21227E+00
 4.31519E+01 4.09209E-01 6.55474E-01 9.59680E-01 1.22864E+00
 4.36516E+01 4.09218E-01 6.55488E-01 9.59700E-01 1.24534E+00
 4.41570E+01 4.09227E-01 6.55502E-01 9.59721E-01 1.26216E+00
 4.46684E+01 4.09235E-01 6.55516E-01 9.59741E-01 1.27912E+00
 4.51856E+01 4.09244E-01 6.55529E-01 9.59760E-01 1.29644E+00
 4.57088E+01 4.09252E-01 6.55542E-01 9.59779E-01 1.31386E+00
 4.62381E+01 4.09260E-01 6.55555E-01 9.59798E-01 1.33145E+00
 4.67735E+01 4.09267E-01 6.55567E-01 9.59816E-01 1.34937E+00
 4.73151E+01 4.09275E-01 6.55579E-01 9.59834E-01 1.36739E+00
 4.78630E+01 4.09282E-01 6.55591E-01 9.59851E-01 1.38567E+00
 4.84172E+01 4.09290E-01 6.55603E-01 9.59868E-01 1.40421E+00
 4.89779E+01 4.09297E-01 6.55614E-01 9.59885E-01 1.42281E+00
 4.95450E+01 4.09304E-01 6.55625E-01 9.59901E-01 1.44184E+00
 5.01187E+01 4.09310E-01 6.55636E-01 9.59917E-01 1.46097E+00
 5.06991E+01 4.09317E-01 6.55646E-01 9.59932E-01 1.48032E+00
 5.12861E+01 4.09323E-01 6.55657E-01 9.59947E-01 1.49999E+00
 5.18800E+01 4.09330E-01 6.55667E-01 9.59962E-01 1.51970E+00
 5.24807E+01 4.09336E-01 6.55677E-01 9.59976E-01 1.53989E+00
 5.30884E+01 4.09342E-01 6.55686E-01 9.59990E-01 1.56014E+00
 5.37032E+01 4.09348E-01 6.55696E-01 9.60004E-01 1.58069E+00
 5.43250E+01 4.09353E-01 6.55705E-01 9.60018E-01 1.60150E+00
 5.49541E+01 4.09359E-01 6.55714E-01 9.60031E-01 1.62243E+00
 5.55904E+01 4.09364E-01 6.55723E-01 9.60044E-01 1.64381E+00
 5.62341E+01 4.09370E-01 6.55731E-01 9.60056E-01 1.66514E+00
 5.68853E+01 4.09375E-01 6.55740E-01 9.60069E-01 1.68709E+00
 5.75440E+01 4.09380E-01 6.55748E-01 9.60081E-01 1.70897E+00
 5.82103E+01 4.09385E-01 6.55756E-01 9.60092E-01 1.73136E+00
 5.88844E+01 4.09390E-01 6.55764E-01 9.60104E-01 1.75381E+00
 5.95662E+01 4.09395E-01 6.55771E-01 9.60115E-01 1.77667E+00
 6.02560E+01 4.09400E-01 6.55779E-01 9.60126E-01 1.79968E+00
 6.09537E+01 4.09404E-01 6.55786E-01 9.60137E-01 1.82303E+00
 6.16595E+01 4.09409E-01 6.55793E-01 9.60147E-01 1.84660E+00
 6.23735E+01 4.09413E-01 6.55800E-01 9.60157E-01 1.87047E+00
 6.30957E+01 4.09417E-01 6.55807E-01 9.60167E-01 1.89460E+00
 6.38263E+01 4.09421E-01 6.55814E-01 9.60177E-01 1.91902E+00
 6.45654E+01 4.09425E-01 6.55820E-01 9.60186E-01 1.94371E+00
 6.53131E+01 4.09429E-01 6.55827E-01 9.60196E-01 1.96869E+00
 6.60693E+01 4.09433E-01 6.55833E-01 9.60205E-01 1.99393E+00
 6.68344E+01 4.09437E-01 6.55839E-01 9.60214E-01 2.01953E+00
 6.76083E+01 4.09441E-01 6.55845E-01 9.60223E-01 2.04529E+00
 6.83912E+01 4.09444E-01 6.55851E-01 9.60231E-01 2.07154E+00
 6.91831E+01 4.09448E-01 6.55856E-01 9.60239E-01 2.09781E+00
 6.99842E+01 4.09451E-01 6.55862E-01 9.60247E-01 2.12474E+00
 7.07946E+01 4.09455E-01 6.55867E-01 9.60255E-01 2.15150E+00
 7.16143E+01 4.09458E-01 6.55873E-01 9.60263E-01 2.17916E+00
 7.24436E+01 4.09461E-01 6.55878E-01 9.60271E-01 2.20654E+00
 7.32825E+01 4.09464E-01 6.55883E-01 9.60278E-01 2.23479E+00
 7.41310E+01 4.09468E-01 6.55888E-01 9.60285E-01 2.26294E+00
 7.49894E+01 4.09471E-01 6.55893E-01 9.60292E-01 2.29164E+00
 7.58578E+01 4.09473E-01 6.55897E-01 9.60299E-01 2.32062E+00
 7.67361E+01 4.09476E-01 6.55902E-01 9.60306E-01 2.34970E+00
 7.76247E+01 4.09479E-01 6.55906E-01 9.60313E-01 2.37955E+00
 7.85236E+01 4.09482E-01 6.55911E-01 9.60319E-01 2.40910E+00
 7.94328E+01 4.09485E-01 6.55915E-01 9.60325E-01 2.43975E+00
 8.03526E+01 4.09487E-01 6.55919E-01 9.60332E-01 2.47023E+00
 8.12831E+01 4.09490E-01 6.55923E-01 9.60338E-01 2.50118E+00
 8.22243E+01 4.09492E-01 6.55928E-01 9.60343E-01 2.53265E+00
 8.31764E+01 4.09495E-01 6.55931E-01 9.60349E-01 2.56381E+00
 8.41395E+01 4.09497E-01 6.55935E-01 9.60355E-01 2.59634E+00
 8.51138E+01 4.09500E-01 6.55939E-01 9.60360E-01 2.62854E+00
 8.60994E+01 4.09502E-01 6.55943E-01 9.60366E-01 2.66125E+00
 8.70964E+01 4.09504E-01 6.55946E-01 9.64109E-01 2.69459E+00
 8.81049E+01 4.09506E-01 6.55950E-01 9.68374E-01 2.72757E+00
 8.91251E+01 4.09508E-01 6.55953E-01 9.72602E-01 2.76187E+00
 9.01571E+01 4.09510E-01 6.55957E-01 9.77029E-01 2.79607E+00
 9.12011E+01 4.09512E-01 6.55960E-01 9.81187E-01 2.83028E+00
 9.22571E+01 4.09514E-01 6.55963E-01 9.85415E-01 2.86579E+00
 9.33254E+01 4.09516E-01 6.55966E-01 9.89757E-01 2.90093E+00
 9.44061E+01 4.09518E-01 6.55969E-01 9.93828E-01 2.93663E+00
 9.54993E+01 4.09520E-01 6.55972E-01 9.98017E-01 2.97317E+00
 9.66051E+01 4.09522E-01 6.55975E-01 1.00230E+00 3.00932E+00
 9.77237E+01 4.09524E-01 6.55978E-01 1.00630E+00 3.04648E+00
 9.88553E+01 4.09525E-01 6.55981E-01 1.01040E+00 3.08415E+00
 1.00000E+02 4.09527E-01 6.55983E-01 1.01464E+00 3.12140E+00
