 1.00000E-02 6.96151E-02 9.59351E-02 1.28044E-01 1.32395E-01
 2.00000E-02 7.17207E-02 9.89942E-02 1.32659E-01 1.37272E-01
 3.00000E-02 7.38422E-02 1.02077E-01 1.37365E-01 1.42167E-01
 4.00000E-02 7.60325E-02 1.05294E-01 1.42165E-01 1.47256E-01
 5.00000E-02 7.83005E-02 1.08589E-01 1.47136E-01 1.52511E-01
 6.00000E-02 8.06420E-02 1.11980E-01 1.52241E-01 1.57931E-01
 7.00000E-02 8.30441E-02 1.15449E-01 1.57489E-01 1.63511E-01
 8.00000E-02 8.55088E-02 1.18996E-01 1.62860E-01 1.69236E-01
 9.00000E-02 8.80303E-02 1.22609E-01 1.68348E-01 1.75105E-01
 1.00000E-01 9.06049E-02 1.26288E-01 1.73944E-01 1.81111E-01
 1.10000E-01 9.32277E-02 1.30022E-01 1.79638E-01 1.87237E-01
 1.20000E-01 9.58963E-02 1.33805E-01 1.85415E-01 1.93475E-01
 1.30000E-01 9.86066E-02 1.37632E-01 1.91268E-01 1.99823E-01
 1.40000E-01 1.01354E-01 1.41500E-01 1.97186E-01 2.06269E-01
 1.50000E-01 1.04134E-01 1.45399E-01 2.03155E-01 2.12802E-01
 1.60000E-01 1.06946E-01 1.49327E-01 2.09169E-01 2.19417E-01
 1.70000E-01 1.09785E-01 1.53279E-01 2.15214E-01 2.26102E-01
 1.80000E-01 1.12649E-01 1.57250E-01 2.21280E-01 2.32850E-01
 1.90000E-01 1.15534E-01 1.61238E-01 2.27359E-01 2.39651E-01
 2.00000E-01 1.18439E-01 1.65237E-01 2.33441E-01 2.46499E-01
 2.10000E-01 1.21360E-01 1.69243E-01 2.39519E-01 2.53383E-01
 2.20000E-01 1.24296E-01 1.73256E-01 2.45581E-01 2.60298E-01
 2.30000E-01 1.27244E-01 1.77271E-01 2.51625E-01 2.67232E-01
 2.40000E-01 1.30202E-01 1.81287E-01 2.57640E-01 2.74177E-01
 2.50000E-01 1.33169E-01 1.85299E-01 2.63623E-01 2.81128E-01
 2.60000E-01 1.36142E-01 1.89307E-01 2.69568E-01 2.88073E-01
 2.70000E-01 1.39120E-01 1.93308E-01 2.75469E-01 2.95004E-01
 2.80000E-01 1.42101E-01 1.97301E-01 2.81325E-01 3.01912E-01
 2.90000E-01 1.45084E-01 2.01284E-01 2.87130E-01 3.08787E-01
 3.00000E-01 1.48068E-01 2.05255E-01 2.92884E-01 3.15618E-01
 3.10000E-01 1.51051E-01 2.09213E-01 2.98581E-01 3.22393E-01
 3.20000E-01 1.54033E-01 2.13157E-01 3.04225E-01 3.29100E-01
 3.30000E-01 1.57011E-01 2.17086E-01 3.09808E-01 3.35730E-01
 3.40000E-01 1.59985E-01 2.20999E-01 3.15335E-01 3.42273E-01
 3.50000E-01 1.62955E-01 2.24894E-01 3.20801E-01 3.48724E-01
 3.60000E-01 1.65918E-01 2.28771E-01 3.26207E-01 3.55079E-01
 3.70000E-01 1.68875E-01 2.32630E-01 3.31553E-01 3.61335E-01
 3.80000E-01 1.71824E-01 2.36469E-01 3.36837E-01 3.67492E-01
 3.90000E-01 1.74765E-01 2.40287E-01 3.42062E-01 3.73549E-01
 4.00000E-01 1.77697E-01 2.44086E-01 3.47227E-01 3.79507E-01
 4.10000E-01 1.80620E-01 2.47862E-01 3.52331E-01 3.85368E-01
 4.20000E-01 1.83532E-01 2.51618E-01 3.57376E-01 3.91132E-01
 4.30000E-01 1.86434E-01 2.55351E-01 3.62362E-01 3.96802E-01
 4.40000E-01 1.89324E-01 2.59062E-01 3.67289E-01 4.02379E-01
 4.50000E-01 1.92203E-01 2.62750E-01 3.72157E-01 4.07865E-01
 4.60000E-01 1.95069E-01 2.66415E-01 3.76969E-01 4.13261E-01
 4.70000E-01 1.97923E-01 2.70057E-01 3.81724E-01 4.18570E-01
 4.80000E-01 2.00763E-01 2.73676E-01 3.86423E-01 4.23794E-01
 4.90000E-01 2.03590E-01 2.77271E-01 3.91066E-01 4.28933E-01
 5.00000E-01 2.06404E-01 2.80841E-01 3.95655E-01 4.33991E-01
 5.10000E-01 2.09203E-01 2.84388E-01 4.00190E-01 4.38969E-01
 5.20000E-01 2.11988E-01 2.87912E-01 4.04672E-01 4.43869E-01
 5.30000E-01 2.14759E-01 2.91410E-01 4.09102E-01 4.48692E-01
 5.40000E-01 2.17514E-01 2.94884E-01 4.13480E-01 4.53440E-01
 5.50000E-01 2.20254E-01 2.98335E-01 4.17807E-01 4.58115E-01
 5.60000E-01 2.22979E-01 3.01760E-01 4.22084E-01 4.62718E-01
 5.70000E-01 2.25688E-01 3.05161E-01 4.26311E-01 4.67252E-01
 5.80000E-01 2.28382E-01 3.08538E-01 4.30490E-01 4.71718E-01
 5.90000E-01 2.31060E-01 3.11890E-01 4.34622E-01 4.76116E-01
 6.00000E-01 2.33721E-01 3.15218E-01 4.38706E-01 4.80449E-01
 6.10000E-01 2.36367E-01 3.18521E-01 4.42744E-01 4.84718E-01
 6.20000E-01 2.38996E-01 3.21800E-01 4.46736E-01 4.88925E-01
 6.30000E-01 2.41608E-01 3.25054E-01 4.50684E-01 4.93070E-01
 6.40000E-01 2.44204E-01 3.28285E-01 4.54586E-01 4.97155E-01
 6.50000E-01 2.46784E-01 3.31490E-01 4.58446E-01 5.01182E-01
 6.60000E-01 2.49346E-01 3.34672E-01 4.62262E-01 5.05151E-01
 6.70000E-01 2.51892E-01 3.37829E-01 4.66037E-01 5.09064E-01
 6.80000E-01 2.54421E-01 3.40962E-01 4.69769E-01 5.12923E-01
 6.90000E-01 2.56933E-01 3.44071E-01 4.73461E-01 5.16727E-01
 7.00000E-01 2.59429E-01 3.47157E-01 4.77112E-01 5.20479E-01
 7.10000E-01 2.61907E-01 3.50218E-01 4.80724E-01 5.24179E-01
 7.20000E-01 2.64369E-01 3.53256E-01 4.84297E-01 5.27828E-01
 7.30000E-01 2.66813E-01 3.56270E-01 4.87831E-01 5.31428E-01
 7.40000E-01 2.69240E-01 3.59260E-01 4.91327E-01 5.34980E-01
 7.50000E-01 2.71651E-01 3.62227E-01 4.94786E-01 5.38484E-01
 7.60000E-01 2.74044E-01 3.65171E-01 4.98208E-01 5.41942E-01
 7.70000E-01 2.76421E-01 3.68091E-01 5.01593E-01 5.45353E-01
 7.80000E-01 2.78780E-01 3.70989E-01 5.04944E-01 5.48720E-01
 7.90000E-01 2.81123E-01 3.73863E-01 5.08259E-01 5.52044E-01
 8.00000E-01 2.83449E-01 3.76715E-01 5.11539E-01 5.55324E-01
 8.10000E-01 2.85758E-01 3.79544E-01 5.14785E-01 5.58562E-01
 8.20000E-01 2.88050E-01 3.82350E-01 5.17998E-01 5.61759E-01
 8.30000E-01 2.90326E-01 3.85134E-01 5.21177E-01 5.64915E-01
 8.40000E-01 2.92584E-01 3.87896E-01 5.24324E-01 5.68031E-01
 8.50000E-01 2.94827E-01 3.90636E-01 5.27439E-01 5.71109E-01
 8.60000E-01 2.97052E-01 3.93354E-01 5.30521E-01 5.74148E-01
 8.70000E-01 2.99261E-01 3.96049E-01 5.33573E-01 5.77150E-01
 8.80000E-01 3.01454E-01 3.98724E-01 5.36594E-01 5.80114E-01
 8.90000E-01 3.03630E-01 4.01376E-01 5.39584E-01 5.83043E-01
 9.00000E-01 3.05790E-01 4.04007E-01 5.42544E-01 5.85936E-01
 9.10000E-01 3.07933E-01 4.06617E-01 5.45475E-01 5.88794E-01
 9.20000E-01 3.10061E-01 4.09207E-01 5.48377E-01 5.91618E-01
 9.30000E-01 3.12172E-01 4.11775E-01 5.51250E-01 5.94409E-01
 9.40000E-01 3.14267E-01 4.14322E-01 5.54094E-01 5.97166E-01
 9.50000E-01 3.16347E-01 4.16849E-01 5.56911E-01 5.99891E-01
 9.60000E-01 3.18410E-01 4.19355E-01 5.59700E-01 6.02585E-01
 9.70000E-01 3.20458E-01 4.21841E-01 5.62461E-01 6.05247E-01
 9.80000E-01 3.22490E-01 4.24307E-01 5.65196E-01 6.07878E-01
 9.90000E-01 3.24507E-01 4.26753E-01 5.67905E-01 6.10479E-01
 1.00000E+00 3.26508E-01 4.29179E-01 5.70587E-01 6.13051E-01
 1.01158E+00 3.28806E-01 4.31963E-01 5.73661E-01 6.15992E-01
 1.02329E+00 3.31110E-01 4.34753E-01 5.76735E-01 6.18929E-01
 1.03514E+00 3.33419E-01 4.37549E-01 5.79811E-01 6.21861E-01
 1.04713E+00 3.35733E-01 4.40350E-01 5.82886E-01 6.24787E-01
 1.05925E+00 3.38053E-01 4.43155E-01 5.85962E-01 6.27708E-01
 1.07152E+00 3.40377E-01 4.45965E-01 5.89038E-01 6.30624E-01
 1.08393E+00 3.42706E-01 4.48779E-01 5.92114E-01 6.33534E-01
 1.09648E+00 3.45039E-01 4.51597E-01 5.95189E-01 6.36439E-01
 1.10917E+00 3.47375E-01 4.54418E-01 5.98263E-01 6.39337E-01
 1.12202E+00 3.49716E-01 4.57243E-01 6.01336E-01 6.42229E-01
 1.13501E+00 3.52059E-01 4.60070E-01 6.04407E-01 6.45116E-01
 1.14815E+00 3.54406E-01 4.62901E-01 6.07477E-01 6.47996E-01
 1.16145E+00 3.56756E-01 4.65733E-01 6.10545E-01 6.50869E-01
 1.17490E+00 3.59107E-01 4.68567E-01 6.13611E-01 6.53736E-01
 1.18850E+00 3.61461E-01 4.71403E-01 6.16674E-01 6.56596E-01
 1.20226E+00 3.63818E-01 4.74240E-01 6.19734E-01 6.59450E-01
 1.21619E+00 3.66175E-01 4.77079E-01 6.22791E-01 6.62296E-01
 1.23027E+00 3.68534E-01 4.79917E-01 6.25846E-01 6.65135E-01
 1.24451E+00 3.70894E-01 4.82756E-01 6.28896E-01 6.67968E-01
 1.25893E+00 3.73254E-01 4.85595E-01 6.31943E-01 6.70793E-01
 1.27350E+00 3.75615E-01 4.88434E-01 6.34985E-01 6.73610E-01
 1.28825E+00 3.77976E-01 4.91272E-01 6.38023E-01 6.76421E-01
 1.30317E+00 3.80337E-01 4.94109E-01 6.41056E-01 6.79223E-01
 1.31826E+00 3.82697E-01 4.96944E-01 6.44085E-01 6.82019E-01
 1.33352E+00 3.85057E-01 4.99778E-01 6.47108E-01 6.84806E-01
 1.34896E+00 3.87415E-01 5.02610E-01 6.50125E-01 6.87586E-01
 1.36458E+00 3.89772E-01 5.05439E-01 6.53137E-01 6.90358E-01
 1.38038E+00 3.92127E-01 5.08266E-01 6.56142E-01 6.93121E-01
 1.39637E+00 3.94481E-01 5.11090E-01 6.59142E-01 6.95877E-01
 1.41254E+00 3.96831E-01 5.13910E-01 6.62134E-01 6.98626E-01
 1.42889E+00 3.99180E-01 5.16727E-01 6.65120E-01 7.01365E-01
 1.44544E+00 4.01525E-01 5.19539E-01 6.68098E-01 7.04097E-01
 1.46218E+00 4.03867E-01 5.22347E-01 6.71069E-01 7.06821E-01
 1.47911E+00 4.06205E-01 5.25151E-01 6.74032E-01 7.09536E-01
 1.49624E+00 4.08540E-01 5.27949E-01 6.76987E-01 7.12244E-01
 1.51356E+00 4.10870E-01 5.30743E-01 6.79933E-01 7.14943E-01
 1.53109E+00 4.13196E-01 5.33530E-01 6.82871E-01 7.17633E-01
 1.54882E+00 4.15517E-01 5.36311E-01 6.85801E-01 7.20315E-01
 1.56675E+00 4.17833E-01 5.39086E-01 6.88721E-01 7.22989E-01
 1.58489E+00 4.20144E-01 5.41855E-01 6.91631E-01 7.25654E-01
 1.60325E+00 4.22449E-01 5.44616E-01 6.94532E-01 7.28311E-01
 1.62181E+00 4.24748E-01 5.47370E-01 6.97423E-01 7.30959E-01
 1.64059E+00 4.27041E-01 5.50117E-01 7.00304E-01 7.33598E-01
 1.65959E+00 4.29327E-01 5.52855E-01 7.03175E-01 7.36228E-01
 1.67880E+00 4.31607E-01 5.55586E-01 7.06034E-01 7.38850E-01
 1.69824E+00 4.33879E-01 5.58307E-01 7.08883E-01 7.41462E-01
 1.71791E+00 4.36144E-01 5.61020E-01 7.11721E-01 7.44065E-01
 1.73780E+00 4.38401E-01 5.63724E-01 7.14547E-01 7.46659E-01
 1.75792E+00 4.40650E-01 5.66418E-01 7.17361E-01 7.49243E-01
 1.77828E+00 4.42891E-01 5.69102E-01 7.20163E-01 7.51817E-01
 1.79887E+00 4.45123E-01 5.71777E-01 7.22954E-01 7.54382E-01
 1.81970E+00 4.47347E-01 5.74441E-01 7.25731E-01 7.56936E-01
 1.84077E+00 4.49561E-01 5.77094E-01 7.28497E-01 7.59481E-01
 1.86209E+00 4.51766E-01 5.79736E-01 7.31249E-01 7.62014E-01
 1.88365E+00 4.53961E-01 5.82367E-01 7.33988E-01 7.64538E-01
 1.90546E+00 4.56147E-01 5.84987E-01 7.36714E-01 7.67050E-01
 1.92752E+00 4.58322E-01 5.87595E-01 7.39427E-01 7.69551E-01
 1.94984E+00 4.60487E-01 5.90190E-01 7.42125E-01 7.72041E-01
 1.97242E+00 4.62642E-01 5.92774E-01 7.44810E-01 7.74519E-01
 1.99526E+00 4.64785E-01 5.95344E-01 7.47481E-01 7.76986E-01
 2.01837E+00 4.66917E-01 5.97902E-01 7.50137E-01 7.79441E-01
 2.04174E+00 4.69038E-01 6.00446E-01 7.52779E-01 7.81883E-01
 2.06538E+00 4.71148E-01 6.02978E-01 7.55406E-01 7.84313E-01
 2.08930E+00 4.73245E-01 6.05495E-01 7.58018E-01 7.86731E-01
 2.11349E+00 4.75330E-01 6.07999E-01 7.60615E-01 7.89136E-01
 2.13796E+00 4.77404E-01 6.10488E-01 7.63197E-01 7.91527E-01
 2.16272E+00 4.79464E-01 6.12963E-01 7.65764E-01 7.93906E-01
 2.18776E+00 4.81512E-01 6.15424E-01 7.68314E-01 7.96270E-01
 2.21309E+00 4.83547E-01 6.17870E-01 7.70849E-01 7.98622E-01
 2.23872E+00 4.85569E-01 6.20300E-01 7.73369E-01 8.00959E-01
 2.26464E+00 4.87578E-01 6.22715E-01 7.75872E-01 8.03282E-01
 2.29087E+00 4.89573E-01 6.25115E-01 7.78359E-01 8.05591E-01
 2.31739E+00 4.91554E-01 6.27499E-01 7.80829E-01 8.07886E-01
 2.34423E+00 4.93521E-01 6.29867E-01 7.83283E-01 8.10166E-01
 2.37137E+00 4.95475E-01 6.32219E-01 7.85721E-01 8.12431E-01
 2.39883E+00 4.97414E-01 6.34555E-01 7.88141E-01 8.14681E-01
 2.42661E+00 4.99339E-01 6.36874E-01 7.90545E-01 8.16916E-01
 2.45471E+00 5.01249E-01 6.39176E-01 7.92932E-01 8.19136E-01
 2.48313E+00 5.03168E-01 6.41462E-01 7.95302E-01 8.21340E-01
 2.51189E+00 5.05483E-01 6.43730E-01 7.97654E-01 8.23529E-01
 2.54097E+00 5.07771E-01 6.45982E-01 7.99989E-01 8.25701E-01
 2.57040E+00 5.10031E-01 6.48216E-01 8.02307E-01 8.27858E-01
 2.60016E+00 5.12263E-01 6.50432E-01 8.04607E-01 8.30000E-01
 2.63027E+00 5.14467E-01 6.52631E-01 8.06890E-01 8.32124E-01
 2.66073E+00 5.16644E-01 6.54812E-01 8.09155E-01 8.34233E-01
 2.69153E+00 5.18793E-01 6.56974E-01 8.11402E-01 8.36325E-01
 2.72270E+00 5.20914E-01 6.59281E-01 8.13632E-01 8.38401E-01
 2.75423E+00 5.23007E-01 6.61931E-01 8.15843E-01 8.40461E-01
 2.78612E+00 5.25073E-01 6.64545E-01 8.18037E-01 8.42503E-01
 2.81838E+00 5.27111E-01 6.67124E-01 8.20212E-01 8.44529E-01
 2.85102E+00 5.29121E-01 6.69669E-01 8.22369E-01 8.46539E-01
 2.88403E+00 5.31104E-01 6.72178E-01 8.24508E-01 8.48531E-01
 2.91743E+00 5.33059E-01 6.74653E-01 8.26629E-01 8.50506E-01
 2.95121E+00 5.34988E-01 6.77094E-01 8.28732E-01 8.52464E-01
 2.98538E+00 5.36889E-01 6.79500E-01 8.30816E-01 8.54406E-01
 3.01995E+00 5.38762E-01 6.81871E-01 8.32882E-01 8.56330E-01
 3.05492E+00 5.40609E-01 6.84209E-01 8.34930E-01 8.58237E-01
 3.09030E+00 5.42430E-01 6.86512E-01 8.36959E-01 8.60127E-01
 3.12608E+00 5.44223E-01 6.88782E-01 8.38970E-01 8.61999E-01
 3.16228E+00 5.45990E-01 6.91019E-01 8.40963E-01 8.63855E-01
 3.19890E+00 5.47731E-01 6.93222E-01 8.42936E-01 8.65693E-01
 3.23594E+00 5.49445E-01 6.95392E-01 8.44892E-01 8.67513E-01
 3.27341E+00 5.51134E-01 6.97529E-01 8.46829E-01 8.69317E-01
 3.31131E+00 5.52796E-01 6.99633E-01 8.48747E-01 8.71103E-01
 3.34965E+00 5.54433E-01 7.01705E-01 8.50647E-01 8.72871E-01
 3.38844E+00 5.56045E-01 7.03744E-01 8.52528E-01 8.74623E-01
 3.42768E+00 5.57631E-01 7.05752E-01 8.54391E-01 8.76357E-01
 3.46737E+00 5.59193E-01 7.07728E-01 8.56351E-01 8.78073E-01
 3.50752E+00 5.60729E-01 7.09673E-01 8.58704E-01 8.79773E-01
 3.54813E+00 5.62241E-01 7.11587E-01 8.61020E-01 8.81455E-01
 3.58922E+00 5.63729E-01 7.13469E-01 8.63298E-01 8.83120E-01
 3.63078E+00 5.65192E-01 7.15322E-01 8.65539E-01 8.84768E-01
 3.67282E+00 5.66632E-01 7.17143E-01 8.67744E-01 8.86398E-01
 3.71535E+00 5.68048E-01 7.18935E-01 8.69912E-01 8.88011E-01
 3.75837E+00 5.69440E-01 7.20698E-01 8.72044E-01 8.89607E-01
 3.80189E+00 5.70809E-01 7.22431E-01 8.74141E-01 8.91711E-01
 3.84592E+00 5.72156E-01 7.24135E-01 8.76203E-01 8.93815E-01
 3.89045E+00 5.73479E-01 7.25810E-01 8.78230E-01 8.95882E-01
 3.93550E+00 5.74781E-01 7.27457E-01 8.80223E-01 8.97915E-01
 3.98107E+00 5.76060E-01 7.29075E-01 8.82181E-01 8.99913E-01
 4.02717E+00 5.77317E-01 7.30666E-01 8.84106E-01 9.01877E-01
 4.07380E+00 5.78552E-01 7.32230E-01 8.85998E-01 9.03807E-01
 4.12098E+00 5.79766E-01 7.33766E-01 8.87857E-01 9.05703E-01
 4.16869E+00 5.80959E-01 7.35276E-01 8.89684E-01 9.07567E-01
 4.21697E+00 5.82131E-01 7.36759E-01 8.91479E-01 9.09397E-01
 4.26580E+00 5.83282E-01 7.38216E-01 8.93242E-01 9.11196E-01
 4.31519E+00 5.84413E-01 7.39648E-01 8.94974E-01 9.12963E-01
 4.36516E+00 5.85524E-01 7.41053E-01 8.96675E-01 9.14698E-01
 4.41570E+00 5.86615E-01 7.42434E-01 8.98345E-01 9.16402E-01
 4.46684E+00 5.87686E-01 7.43790E-01 8.99986E-01 9.18076E-01
 4.51856E+00 5.88738E-01 7.45122E-01 9.01597E-01 9.19719E-01
 4.57088E+00 5.89771E-01 7.46429E-01 9.03179E-01 9.21333E-01
 4.62381E+00 5.90785E-01 7.47713E-01 9.04732E-01 9.22918E-01
 4.67735E+00 5.91781E-01 7.48973E-01 9.06257E-01 9.24473E-01
 4.73151E+00 5.92759E-01 7.50210E-01 9.07754E-01 9.26000E-01
 4.78630E+00 5.93718E-01 7.51424E-01 9.09223E-01 9.27499E-01
 4.84172E+00 5.94660E-01 7.52616E-01 9.10666E-01 9.28970E-01
 4.89779E+00 5.95584E-01 7.53786E-01 9.12081E-01 9.30414E-01
 4.95450E+00 5.96491E-01 7.54934E-01 9.13470E-01 9.31831E-01
 5.01187E+00 5.97381E-01 7.56060E-01 9.14833E-01 9.33221E-01
 5.06991E+00 5.98254E-01 7.57166E-01 9.16170E-01 9.34585E-01
 5.12861E+00 5.99111E-01 7.58250E-01 9.17483E-01 9.35924E-01
 5.18800E+00 5.99952E-01 7.59314E-01 9.18770E-01 9.37237E-01
 5.24807E+00 6.00777E-01 7.60358E-01 9.20033E-01 9.38526E-01
 5.30884E+00 6.01586E-01 7.61382E-01 9.21272E-01 9.39790E-01
 5.37032E+00 6.02379E-01 7.62386E-01 9.22487E-01 9.41029E-01
 5.43250E+00 6.03158E-01 7.63371E-01 9.23680E-01 9.42245E-01
 5.49541E+00 6.03921E-01 7.64338E-01 9.24849E-01 9.43438E-01
 5.55904E+00 6.04670E-01 7.65285E-01 9.25995E-01 9.44608E-01
 5.62341E+00 6.05404E-01 7.66215E-01 9.27120E-01 9.45755E-01
 5.68853E+00 6.06124E-01 7.67126E-01 9.28222E-01 9.46880E-01
 5.75440E+00 6.06830E-01 7.68020E-01 9.29304E-01 9.47983E-01
 5.82103E+00 6.07523E-01 7.68896E-01 9.30364E-01 9.49064E-01
 5.88844E+00 6.08201E-01 7.69755E-01 9.31403E-01 9.50124E-01
 5.95662E+00 6.08867E-01 7.70597E-01 9.32422E-01 9.51164E-01
 6.02560E+00 6.09519E-01 7.71423E-01 9.33421E-01 9.52183E-01
 6.09537E+00 6.10159E-01 7.72232E-01 9.34401E-01 9.53182E-01
 6.16595E+00 6.10785E-01 7.73025E-01 9.35361E-01 9.54161E-01
 6.23735E+00 6.11400E-01 7.73803E-01 9.36302E-01 9.55121E-01
 6.30957E+00 6.12002E-01 7.74565E-01 9.37224E-01 9.56062E-01
 6.38263E+00 6.12592E-01 7.75312E-01 9.38128E-01 9.56984E-01
 6.45654E+00 6.13171E-01 7.76044E-01 9.39014E-01 9.57888E-01
 6.53131E+00 6.13738E-01 7.76762E-01 9.39882E-01 9.58774E-01
 6.60693E+00 6.14293E-01 7.77465E-01 9.40733E-01 9.59642E-01
 6.68344E+00 6.14838E-01 7.78154E-01 9.41567E-01 9.60492E-01
 6.76083E+00 6.15371E-01 7.78829E-01 9.42383E-01 9.61325E-01
 6.83912E+00 6.15894E-01 7.79491E-01 9.43184E-01 9.62142E-01
 6.91831E+00 6.16406E-01 7.80139E-01 9.43968E-01 9.62942E-01
 6.99842E+00 6.16908E-01 7.80774E-01 9.44737E-01 9.63726E-01
 7.07946E+00 6.17400E-01 7.81396E-01 9.45489E-01 9.64494E-01
 7.16143E+00 6.17881E-01 7.82006E-01 9.46227E-01 9.65246E-01
 7.24436E+00 6.18353E-01 7.82603E-01 9.46949E-01 9.65983E-01
 7.32825E+00 6.18815E-01 7.83188E-01 9.47657E-01 9.66705E-01
 7.41310E+00 6.19268E-01 7.83761E-01 9.48351E-01 9.67412E-01
 7.49894E+00 6.19711E-01 7.84322E-01 9.49030E-01 9.68105E-01
 7.58578E+00 6.20146E-01 7.84872E-01 9.49695E-01 9.68784E-01
 7.67361E+00 6.20571E-01 7.85410E-01 9.50346E-01 9.69448E-01
 7.76247E+00 6.20988E-01 7.85938E-01 9.50984E-01 9.70099E-01
 7.85236E+00 6.21396E-01 7.86454E-01 9.51609E-01 9.70737E-01
 7.94328E+00 6.21795E-01 7.86960E-01 9.52221E-01 9.71361E-01
 8.03526E+00 6.22187E-01 7.87455E-01 9.52821E-01 9.71972E-01
 8.12831E+00 6.22570E-01 7.87940E-01 9.53408E-01 9.72571E-01
 8.22243E+00 6.22945E-01 7.88415E-01 9.53982E-01 9.73158E-01
 8.31764E+00 6.23313E-01 7.88880E-01 9.54545E-01 9.73732E-01
 8.41395E+00 6.23673E-01 7.89336E-01 9.55096E-01 9.74294E-01
 8.51138E+00 6.24025E-01 7.89782E-01 9.55636E-01 9.74844E-01
 8.60994E+00 6.24370E-01 7.90219E-01 9.56165E-01 9.75383E-01
 8.70964E+00 6.24708E-01 7.90646E-01 9.56682E-01 9.75911E-01
 8.81049E+00 6.25039E-01 7.91065E-01 9.57188E-01 9.76428E-01
 8.91251E+00 6.25363E-01 7.91475E-01 9.57684E-01 9.76934E-01
 9.01571E+00 6.25680E-01 7.91876E-01 9.58170E-01 9.77429E-01
 9.12011E+00 6.25990E-01 7.92269E-01 9.58645E-01 9.77914E-01
 9.22571E+00 6.26294E-01 7.92653E-01 9.59111E-01 9.78389E-01
 9.33254E+00 6.26591E-01 7.93030E-01 9.59566E-01 9.78853E-01
 9.44061E+00 6.26883E-01 7.93398E-01 9.60012E-01 9.79308E-01
 9.54993E+00 6.27168E-01 7.93759E-01 9.60449E-01 9.79754E-01
 9.66051E+00 6.27447E-01 7.94112E-01 9.60876E-01 9.80189E-01
 9.77237E+00 6.27720E-01 7.94458E-01 9.61294E-01 9.80616E-01
 9.88553E+00 6.27987E-01 7.94796E-01 9.61704E-01 9.81034E-01
 1.00000E+01 6.28249E-01 7.95128E-01 9.62104E-01 9.81443E-01
 1.01158E+01 6.28505E-01 7.95452E-01 9.62497E-01 9.81843E-01
 1.02329E+01 6.28756E-01 7.95769E-01 9.62880E-01 9.82234E-01
 1.03514E+01 6.29001E-01 7.96079E-01 9.63256E-01 9.82618E-01
 1.04713E+01 6.29241E-01 7.96383E-01 9.63624E-01 9.82993E-01
 1.05925E+01 6.29476E-01 7.96681E-01 9.63984E-01 9.83360E-01
 1.07152E+01 6.29706E-01 7.96972E-01 9.64336E-01 9.83719E-01
 1.08393E+01 6.29931E-01 7.97257E-01 9.64681E-01 9.84071E-01
 1.09648E+01 6.30152E-01 7.97536E-01 9.65018E-01 9.84415E-01
 1.10917E+01 6.30367E-01 7.97809E-01 9.65348E-01 9.84752E-01
 1.12202E+01 6.30578E-01 7.98076E-01 9.65671E-01 9.85081E-01
 1.13501E+01 6.30785E-01 7.98337E-01 9.65988E-01 9.85404E-01
 1.14815E+01 6.30987E-01 7.98593E-01 9.66297E-01 9.85720E-01
 1.16145E+01 6.31184E-01 7.98843E-01 9.66600E-01 9.86028E-01
 1.17490E+01 6.31378E-01 7.99088E-01 9.66896E-01 9.86331E-01
 1.18850E+01 6.31567E-01 7.99327E-01 9.67186E-01 9.86626E-01
 1.20226E+01 6.31752E-01 7.99562E-01 9.67469E-01 9.86916E-01
 1.21619E+01 6.31934E-01 7.99791E-01 9.67747E-01 9.87199E-01
 1.23027E+01 6.32111E-01 8.00015E-01 9.68019E-01 9.87476E-01
 1.24451E+01 6.32284E-01 8.00235E-01 9.68284E-01 9.87747E-01
 1.25893E+01 6.32454E-01 8.00450E-01 9.68544E-01 9.88012E-01
 1.27350E+01 6.32620E-01 8.00660E-01 9.68799E-01 9.88271E-01
 1.28825E+01 6.32783E-01 8.00866E-01 9.69047E-01 9.88525E-01
 1.30317E+01 6.32942E-01 8.01067E-01 9.69291E-01 9.88774E-01
 1.31826E+01 6.33097E-01 8.01264E-01 9.69529E-01 9.89017E-01
 1.33352E+01 6.33249E-01 8.01456E-01 9.69762E-01 9.89254E-01
 1.34896E+01 6.33398E-01 8.01645E-01 9.69990E-01 9.89487E-01
 1.36458E+01 6.33544E-01 8.01829E-01 9.70213E-01 9.89715E-01
 1.38038E+01 6.33687E-01 8.02009E-01 9.70431E-01 9.89937E-01
 1.39637E+01 6.33826E-01 8.02186E-01 9.70645E-01 9.90155E-01
 1.41254E+01 6.33962E-01 8.02359E-01 9.70854E-01 9.90368E-01
 1.42889E+01 6.34096E-01 8.02527E-01 9.71058E-01 9.90576E-01
 1.44544E+01 6.34226E-01 8.02693E-01 9.71258E-01 9.90780E-01
 1.46218E+01 6.34354E-01 8.02854E-01 9.71454E-01 9.90980E-01
 1.47911E+01 6.34479E-01 8.03012E-01 9.71645E-01 9.91175E-01
 1.49624E+01 6.34601E-01 8.03167E-01 9.71832E-01 9.91366E-01
 1.51356E+01 6.34720E-01 8.03318E-01 9.72015E-01 9.91552E-01
 1.53109E+01 6.34837E-01 8.03466E-01 9.72194E-01 9.91735E-01
 1.54882E+01 6.34952E-01 8.03611E-01 9.72369E-01 9.91914E-01
 1.56675E+01 6.35064E-01 8.03752E-01 9.72540E-01 9.92088E-01
 1.58489E+01 6.35173E-01 8.03891E-01 9.72708E-01 9.92259E-01
 1.60325E+01 6.35280E-01 8.04026E-01 9.72872E-01 9.92427E-01
 1.62181E+01 6.35385E-01 8.04159E-01 9.73032E-01 9.92590E-01
 1.64059E+01 6.35487E-01 8.04288E-01 9.73189E-01 9.92750E-01
 1.65959E+01 6.35587E-01 8.04415E-01 9.73342E-01 9.92906E-01
 1.67880E+01 6.35685E-01 8.04539E-01 9.73492E-01 9.93059E-01
 1.69824E+01 6.35781E-01 8.04660E-01 9.73639E-01 9.93209E-01
 1.71791E+01 6.35875E-01 8.04779E-01 9.73783E-01 9.93356E-01
 1.73780E+01 6.35966E-01 8.04895E-01 9.73923E-01 9.93499E-01
 1.75792E+01 6.36056E-01 8.05008E-01 9.74060E-01 9.93639E-01
 1.77828E+01 6.36144E-01 8.05119E-01 9.74194E-01 9.93776E-01
 1.79887E+01 6.36229E-01 8.05228E-01 9.74326E-01 9.93910E-01
 1.81970E+01 6.36313E-01 8.05334E-01 9.74454E-01 9.94041E-01
 1.84077E+01 6.36395E-01 8.05438E-01 9.74580E-01 9.94169E-01
 1.86209E+01 6.36476E-01 8.05539E-01 9.74703E-01 9.94294E-01
 1.88365E+01 6.36554E-01 8.05639E-01 9.74823E-01 9.94417E-01
 1.90546E+01 6.36631E-01 8.05736E-01 9.74940E-01 9.94537E-01
 1.92752E+01 6.36706E-01 8.05831E-01 9.75055E-01 9.94654E-01
 1.94984E+01 6.36779E-01 8.05924E-01 9.75168E-01 9.94768E-01
 1.97242E+01 6.36851E-01 8.06014E-01 9.75277E-01 9.94881E-01
 1.99526E+01 6.36921E-01 8.06103E-01 9.75385E-01 9.94990E-01
 2.01837E+01 6.36990E-01 8.06190E-01 9.75490E-01 9.95097E-01
 2.04174E+01 6.37057E-01 8.06275E-01 9.75593E-01 9.95202E-01
 2.06538E+01 6.37122E-01 8.06358E-01 9.75693E-01 9.95305E-01
 2.08930E+01 6.37187E-01 8.06439E-01 9.75792E-01 9.95405E-01
 2.11349E+01 6.37249E-01 8.06519E-01 9.75888E-01 9.95503E-01
 2.13796E+01 6.37311E-01 8.06597E-01 9.75982E-01 9.95599E-01
 2.16272E+01 6.37371E-01 8.06673E-01 9.76074E-01 9.95693E-01
 2.18776E+01 6.37430E-01 8.06747E-01 9.76164E-01 9.95785E-01
 2.21309E+01 6.37487E-01 8.06819E-01 9.76252E-01 9.95874E-01
 2.23872E+01 6.37543E-01 8.06891E-01 9.76338E-01 9.95962E-01
 2.26464E+01 6.37598E-01 8.06960E-01 9.76422E-01 9.96048E-01
 2.29087E+01 6.37652E-01 8.07028E-01 9.76504E-01 9.96132E-01
 2.31739E+01 6.37704E-01 8.07094E-01 9.76584E-01 9.96214E-01
 2.34423E+01 6.37756E-01 8.07159E-01 9.76663E-01 9.96294E-01
 2.37137E+01 6.37806E-01 8.07223E-01 9.76740E-01 9.96372E-01
 2.39883E+01 6.37855E-01 8.07285E-01 9.76815E-01 9.96449E-01
 2.42661E+01 6.37903E-01 8.07346E-01 9.76888E-01 9.96524E-01
 2.45471E+01 6.37950E-01 8.07405E-01 9.76960E-01 9.96597E-01
 2.48313E+01 6.37996E-01 8.07463E-01 9.77030E-01 9.96669E-01
 2.51189E+01 6.38040E-01 8.07520E-01 9.77099E-01 9.96739E-01
 2.54097E+01 6.38084E-01 8.07575E-01 9.77166E-01 9.96807E-01
 2.57040E+01 6.38127E-01 8.07630E-01 9.77232E-01 9.96874E-01
 2.60016E+01 6.38169E-01 8.07683E-01 9.77296E-01 9.96940E-01
 2.63027E+01 6.38210E-01 8.07735E-01 9.77359E-01 9.97004E-01
 2.66073E+01 6.38250E-01 8.07785E-01 9.77420E-01 9.97067E-01
 2.69153E+01 6.38289E-01 8.07835E-01 9.77480E-01 9.97128E-01
 2.72270E+01 6.38328E-01 8.07884E-01 9.77539E-01 9.97188E-01
 2.75423E+01 6.38365E-01 8.07931E-01 9.77597E-01 9.97246E-01
 2.78612E+01 6.38402E-01 8.07977E-01 9.77653E-01 9.97304E-01
 2.81838E+01 6.38438E-01 8.08023E-01 9.77708E-01 9.97360E-01
 2.85102E+01 6.38473E-01 8.08067E-01 9.77761E-01 9.97414E-01
 2.88403E+01 6.38507E-01 8.08111E-01 9.77814E-01 9.97468E-01
 2.91743E+01 6.38541E-01 8.08153E-01 9.77865E-01 9.97520E-01
 2.95121E+01 6.38573E-01 8.08194E-01 9.77915E-01 9.97571E-01
 2.98538E+01 6.38605E-01 8.08235E-01 9.77964E-01 9.97621E-01
 3.01995E+01 6.38637E-01 8.08274E-01 9.78012E-01 9.97670E-01
 3.05492E+01 6.38667E-01 8.08313E-01 9.78059E-01 9.97718E-01
 3.09030E+01 6.38697E-01 8.08351E-01 9.78105E-01 9.97765E-01
 3.12608E+01 6.38726E-01 8.08388E-01 9.78150E-01 9.97810E-01
 3.16228E+01 6.38755E-01 8.08424E-01 9.78193E-01 9.97855E-01
 3.19890E+01 6.38783E-01 8.08460E-01 9.78236E-01 9.97899E-01
 3.23594E+01 6.38810E-01 8.08494E-01 9.78278E-01 9.97942E-01
 3.27341E+01 6.38837E-01 8.08528E-01 9.78319E-01 9.97983E-01
 3.31131E+01 6.38863E-01 8.08561E-01 9.78359E-01 9.98024E-01
 3.34965E+01 6.38889E-01 8.08594E-01 9.78398E-01 9.98064E-01
 3.38844E+01 6.38914E-01 8.08625E-01 9.78436E-01 9.98103E-01
 3.42768E+01 6.38938E-01 8.08656E-01 9.78474E-01 9.98141E-01
 3.46737E+01 6.38962E-01 8.08686E-01 9.78510E-01 9.98178E-01
 3.50752E+01 6.38985E-01 8.08716E-01 9.78546E-01 9.98215E-01
 3.54813E+01 6.39008E-01 8.08745E-01 9.78581E-01 9.98251E-01
 3.58922E+01 6.39030E-01 8.08773E-01 9.78615E-01 9.98285E-01
 3.63078E+01 6.39052E-01 8.08801E-01 9.78649E-01 9.98320E-01
 3.67282E+01 6.39074E-01 8.08828E-01 9.78681E-01 9.98353E-01
 3.71535E+01 6.39094E-01 8.08854E-01 9.78713E-01 9.98385E-01
 3.75837E+01 6.39115E-01 8.08880E-01 9.78744E-01 9.98417E-01
 3.80189E+01 6.39135E-01 8.08905E-01 9.78775E-01 9.98448E-01
 3.84592E+01 6.39154E-01 8.08930E-01 9.78805E-01 9.98479E-01
 3.89045E+01 6.39173E-01 8.08954E-01 9.78834E-01 9.98509E-01
 3.93550E+01 6.39192E-01 8.08977E-01 9.78862E-01 9.98538E-01
 3.98107E+01 6.39210E-01 8.09000E-01 9.78890E-01 9.98566E-01
 4.02717E+01 6.39228E-01 8.09023E-01 9.78918E-01 9.98594E-01
 4.07380E+01 6.39245E-01 8.09045E-01 9.78944E-01 9.98621E-01
 4.12098E+01 6.39262E-01 8.09066E-01 9.78970E-01 9.98648E-01
 4.16869E+01 6.39279E-01 8.09087E-01 9.78996E-01 9.98674E-01
 4.21697E+01 6.39295E-01 8.09108E-01 9.79021E-01 9.98699E-01
 4.26580E+01 6.39311E-01 8.09128E-01 9.79045E-01 9.98724E-01
 4.31519E+01 6.39327E-01 8.09148E-01 9.79069E-01 9.98748E-01
 4.36516E+01 6.39342E-01 8.09167E-01 9.79092E-01 9.98772E-01
 4.41570E+01 6.39357E-01 8.09186E-01 9.79115E-01 9.98795E-01
 4.46684E+01 6.39371E-01 8.09204E-01 9.79137E-01 9.98818E-01
 4.51856E+01 6.39385E-01 8.09222E-01 9.79159E-01 9.98840E-01
 4.57088E+01 6.39399E-01 8.09240E-01 9.79180E-01 9.98861E-01
 4.62381E+01 6.39413E-01 8.09257E-01 9.79201E-01 9.98882E-01
 4.67735E+01 6.39426E-01 8.09273E-01 9.79221E-01 9.98903E-01
 4.73151E+01 6.39439E-01 8.09290E-01 9.79241E-01 9.98923E-01
 4.78630E+01 6.39452E-01 8.09306E-01 9.79260E-01 9.98943E-01
 4.84172E+01 6.39464E-01 8.09321E-01 9.79279E-01 9.98963E-01
 4.89779E+01 6.39476E-01 8.09337E-01 9.79298E-01 9.98981E-01
 4.95450E+01 6.39488E-01 8.09352E-01 9.79316E-01 9.99000E-01
 5.01187E+01 6.39499E-01 8.09366E-01 9.79333E-01 9.99018E-01
 5.06991E+01 6.39511E-01 8.09381E-01 9.79351E-01 9.99036E-01
 5.12861E+01 6.39522E-01 8.09395E-01 9.79368E-01 9.99053E-01
 5.18800E+01 6.39533E-01 8.09408E-01 9.79384E-01 9.99070E-01
 5.24807E+01 6.39543E-01 8.09422E-01 9.79400E-01 9.99086E-01
 5.30884E+01 6.39553E-01 8.09435E-01 9.79416E-01 9.99102E-01
 5.37032E+01 6.39563E-01 8.09448E-01 9.79431E-01 9.99118E-01
 5.43250E+01 6.39573E-01 8.09460E-01 9.79447E-01 9.99133E-01
 5.49541E+01 6.39583E-01 8.09472E-01 9.79461E-01 9.99149E-01
 5.55904E+01 6.39592E-01 8.09484E-01 9.79476E-01 9.99163E-01
 5.62341E+01 6.39602E-01 8.09496E-01 9.79490E-01 9.99178E-01
 5.68853E+01 6.39611E-01 8.09507E-01 9.79504E-01 9.99192E-01
 5.75440E+01 6.39619E-01 8.09518E-01 9.79517E-01 9.99205E-01
 5.82103E+01 6.39628E-01 8.09529E-01 9.79530E-01 9.99219E-01
 5.88844E+01 6.39636E-01 8.09540E-01 9.79543E-01 9.99232E-01
 5.95662E+01 6.39645E-01 8.09550E-01 9.79556E-01 9.99245E-01
 6.02560E+01 6.39653E-01 8.09560E-01 9.79568E-01 9.99257E-01
 6.09537E+01 6.39660E-01 8.09570E-01 9.79580E-01 9.99270E-01
 6.16595E+01 6.39668E-01 8.09580E-01 9.79592E-01 9.99282E-01
 6.23735E+01 6.39676E-01 8.09590E-01 9.79603E-01 9.99293E-01
 6.30957E+01 6.39683E-01 8.09599E-01 9.79615E-01 9.99305E-01
 6.38263E+01 6.39690E-01 8.09608E-01 9.79626E-01 9.99316E-01
 6.45654E+01 6.39697E-01 8.09617E-01 9.79636E-01 9.99327E-01
 6.53131E+01 6.39704E-01 8.09625E-01 9.79647E-01 9.99338E-01
 6.60693E+01 6.39711E-01 8.09634E-01 9.79657E-01 9.99348E-01
 6.68344E+01 6.39717E-01 8.09642E-01 9.79667E-01 9.99358E-01
 6.76083E+01 6.39724E-01 8.09650E-01 9.79677E-01 9.99368E-01
 6.83912E+01 6.39730E-01 8.09658E-01 9.79686E-01 9.99378E-01
 6.91831E+01 6.39736E-01 8.09666E-01 9.79696E-01 9.99388E-01
 6.99842E+01 6.39742E-01 8.09673E-01 9.79705E-01 9.99397E-01
 7.07946E+01 6.39748E-01 8.09681E-01 9.79714E-01 9.99406E-01
 7.16143E+01 6.39754E-01 8.09688E-01 9.79723E-01 9.99415E-01
 7.24436E+01 6.39759E-01 8.09695E-01 9.79731E-01 9.99424E-01
 7.32825E+01 6.39765E-01 8.09702E-01 9.79739E-01 9.99432E-01
 7.41310E+01 6.39770E-01 8.09709E-01 9.79748E-01 9.99441E-01
 7.49894E+01 6.39775E-01 8.09715E-01 9.79756E-01 9.99449E-01
 7.58578E+01 6.39780E-01 8.09722E-01 9.79763E-01 9.99457E-01
 7.67361E+01 6.39785E-01 8.09728E-01 9.79771E-01 9.99464E-01
 7.76247E+01 6.39790E-01 8.09734E-01 9.79778E-01 9.99472E-01
 7.85236E+01 6.39795E-01 8.09740E-01 9.79786E-01 9.99479E-01
 7.94328E+01 6.39799E-01 8.09746E-01 9.79793E-01 9.99487E-01
 8.03526E+01 6.39804E-01 8.09752E-01 9.79800E-01 9.99494E-01
 8.12831E+01 6.39808E-01 8.09757E-01 9.79807E-01 9.99501E-01
 8.22243E+01 6.39813E-01 8.09763E-01 9.79813E-01 9.99507E-01
 8.31764E+01 6.39817E-01 8.09768E-01 9.79820E-01 9.99514E-01
 8.41395E+01 6.39821E-01 8.09774E-01 9.79826E-01 9.99521E-01
 8.51138E+01 6.39825E-01 8.09779E-01 9.79832E-01 9.99527E-01
 8.60994E+01 6.39829E-01 8.09784E-01 9.79838E-01 9.99533E-01
 8.70964E+01 6.39833E-01 8.09789E-01 9.79844E-01 9.99539E-01
 8.81049E+01 6.39837E-01 8.09793E-01 9.79850E-01 9.99545E-01
 8.91251E+01 6.39840E-01 8.09798E-01 9.79856E-01 9.99551E-01
 9.01571E+01 6.39844E-01 8.09803E-01 9.79861E-01 9.99556E-01
 9.12011E+01 6.39848E-01 8.09807E-01 9.79867E-01 9.99562E-01
 9.22571E+01 6.39851E-01 8.09812E-01 9.79872E-01 9.99567E-01
 9.33254E+01 6.39854E-01 8.09816E-01 9.79877E-01 9.99573E-01
 9.44061E+01 6.39858E-01 8.09820E-01 9.79882E-01 9.99578E-01
 9.54993E+01 6.39861E-01 8.09824E-01 9.79887E-01 9.99583E-01
 9.66051E+01 6.39864E-01 8.09828E-01 9.79892E-01 9.99588E-01
 9.77237E+01 6.39867E-01 8.09832E-01 9.79897E-01 9.99593E-01
 9.88553E+01 6.39870E-01 8.09836E-01 9.79901E-01 9.99597E-01
 1.00000E+02 6.39873E-01 8.09839E-01 9.79906E-01 9.99602E-01
