 1.00000E-02 2.09080E-02 3.97311E-02 7.31399E-02 7.89940E-02
 2.00000E-02 2.29978E-02 4.41650E-02 8.34535E-02 9.06759E-02
 3.00000E-02 2.51639E-02 4.87231E-02 9.45489E-02 1.03822E-01
 4.00000E-02 2.73611E-02 5.33893E-02 1.06387E-01 1.18530E-01
 5.00000E-02 2.95924E-02 5.81236E-02 1.18776E-01 1.34934E-01
 6.00000E-02 3.18376E-02 6.28809E-02 1.31433E-01 1.53057E-01
 7.00000E-02 3.40899E-02 6.76372E-02 1.44123E-01 1.72162E-01
 8.00000E-02 3.63403E-02 7.23668E-02 1.56671E-01 1.91002E-01
 9.00000E-02 3.85821E-02 7.70560E-02 1.68983E-01 2.09158E-01
 1.00000E-01 4.08108E-02 8.16883E-02 1.80991E-01 2.26572E-01
 1.10000E-01 4.30228E-02 8.62586E-02 1.92668E-01 2.43260E-01
 1.20000E-01 4.52167E-02 9.07597E-02 2.04005E-01 2.59254E-01
 1.30000E-01 4.73899E-02 9.51900E-02 2.15001E-01 2.74591E-01
 1.40000E-01 4.95422E-02 9.95484E-02 2.25663E-01 2.89307E-01
 1.50000E-01 5.16723E-02 1.03834E-01 2.36000E-01 3.03445E-01
 1.60000E-01 5.37802E-02 1.08049E-01 2.46026E-01 3.17036E-01
 1.70000E-01 5.58661E-02 1.12192E-01 2.55753E-01 3.30107E-01
 1.80000E-01 5.79302E-02 1.16265E-01 2.65191E-01 3.42690E-01
 1.90000E-01 5.99729E-02 1.20269E-01 2.74353E-01 3.54812E-01
 2.00000E-01 6.19945E-02 1.24208E-01 2.83249E-01 3.66503E-01
 2.10000E-01 6.39955E-02 1.28084E-01 2.91893E-01 3.77786E-01
 2.20000E-01 6.59772E-02 1.31896E-01 3.00300E-01 3.88680E-01
 2.30000E-01 6.79397E-02 1.35650E-01 3.08476E-01 3.99205E-01
 2.40000E-01 6.98837E-02 1.39344E-01 3.16431E-01 4.09382E-01
 2.50000E-01 7.18105E-02 1.42985E-01 3.24177E-01 4.19230E-01
 2.60000E-01 7.37204E-02 1.46572E-01 3.31725E-01 4.28767E-01
 2.70000E-01 7.56141E-02 1.50107E-01 3.39079E-01 4.38007E-01
 2.80000E-01 7.74932E-02 1.53593E-01 3.46250E-01 4.46964E-01
 2.90000E-01 7.93576E-02 1.57032E-01 3.53249E-01 4.55651E-01
 3.00000E-01 8.12084E-02 1.60426E-01 3.60077E-01 4.64082E-01
 3.10000E-01 8.30464E-02 1.63776E-01 3.66748E-01 4.72269E-01
 3.20000E-01 8.48726E-02 1.67085E-01 3.73263E-01 4.80226E-01
 3.30000E-01 8.66876E-02 1.70354E-01 3.79632E-01 4.87961E-01
 3.40000E-01 8.84920E-02 1.73585E-01 3.85860E-01 4.95484E-01
 3.50000E-01 9.02867E-02 1.76780E-01 3.91952E-01 5.02804E-01
 3.60000E-01 9.20723E-02 1.79939E-01 3.97914E-01 5.09931E-01
 3.70000E-01 9.38495E-02 1.83065E-01 4.03753E-01 5.16872E-01
 3.80000E-01 9.56191E-02 1.86160E-01 4.09470E-01 5.23636E-01
 3.90000E-01 9.73817E-02 1.89223E-01 4.15074E-01 5.30229E-01
 4.00000E-01 9.91381E-02 1.92258E-01 4.20565E-01 5.36660E-01
 4.10000E-01 1.00889E-01 1.95265E-01 4.25950E-01 5.42934E-01
 4.20000E-01 1.02635E-01 1.98245E-01 4.31233E-01 5.49059E-01
 4.30000E-01 1.04376E-01 2.01200E-01 4.36415E-01 5.55039E-01
 4.40000E-01 1.06113E-01 2.04130E-01 4.41503E-01 5.60881E-01
 4.50000E-01 1.07847E-01 2.07037E-01 4.46499E-01 5.66589E-01
 4.60000E-01 1.09579E-01 2.09923E-01 4.51405E-01 5.72168E-01
 4.70000E-01 1.11308E-01 2.12786E-01 4.56226E-01 5.77623E-01
 4.80000E-01 1.13035E-01 2.15630E-01 4.60964E-01 5.82959E-01
 4.90000E-01 1.14762E-01 2.18454E-01 4.65620E-01 5.88180E-01
 5.00000E-01 1.16488E-01 2.21260E-01 4.70199E-01 5.93290E-01
 5.10000E-01 1.18214E-01 2.24049E-01 4.74704E-01 5.98293E-01
 5.20000E-01 1.19941E-01 2.26821E-01 4.79135E-01 6.03192E-01
 5.30000E-01 1.21668E-01 2.29576E-01 4.83496E-01 6.07990E-01
 5.40000E-01 1.23397E-01 2.32317E-01 4.87788E-01 6.12692E-01
 5.50000E-01 1.25128E-01 2.35043E-01 4.92013E-01 6.17300E-01
 5.60000E-01 1.26862E-01 2.37756E-01 4.96175E-01 6.21818E-01
 5.70000E-01 1.28598E-01 2.40456E-01 5.00274E-01 6.26248E-01
 5.80000E-01 1.30337E-01 2.43143E-01 5.04312E-01 6.30592E-01
 5.90000E-01 1.32081E-01 2.45819E-01 5.08291E-01 6.34854E-01
 6.00000E-01 1.33829E-01 2.48483E-01 5.12212E-01 6.39036E-01
 6.10000E-01 1.35581E-01 2.51137E-01 5.16077E-01 6.43141E-01
 6.20000E-01 1.37338E-01 2.53781E-01 5.19888E-01 6.47170E-01
 6.30000E-01 1.39101E-01 2.56416E-01 5.23646E-01 6.51125E-01
 6.40000E-01 1.40870E-01 2.59042E-01 5.27352E-01 6.55010E-01
 6.50000E-01 1.42646E-01 2.61660E-01 5.31008E-01 6.58826E-01
 6.60000E-01 1.44428E-01 2.64270E-01 5.34614E-01 6.62574E-01
 6.70000E-01 1.46217E-01 2.66873E-01 5.38173E-01 6.66257E-01
 6.80000E-01 1.48014E-01 2.69469E-01 5.41686E-01 6.69876E-01
 6.90000E-01 1.49818E-01 2.72059E-01 5.45153E-01 6.73433E-01
 7.00000E-01 1.51631E-01 2.74642E-01 5.48575E-01 6.76930E-01
 7.10000E-01 1.53453E-01 2.77221E-01 5.51954E-01 6.80368E-01
 7.20000E-01 1.55284E-01 2.79794E-01 5.55290E-01 6.83749E-01
 7.30000E-01 1.57124E-01 2.82363E-01 5.58585E-01 6.87074E-01
 7.40000E-01 1.58974E-01 2.84927E-01 5.61839E-01 6.90344E-01
 7.50000E-01 1.60834E-01 2.87488E-01 5.65054E-01 6.93562E-01
 7.60000E-01 1.62705E-01 2.90046E-01 5.68229E-01 6.96728E-01
 7.70000E-01 1.64586E-01 2.92600E-01 5.71367E-01 6.99844E-01
 7.80000E-01 1.66478E-01 2.95152E-01 5.74468E-01 7.02910E-01
 7.90000E-01 1.68381E-01 2.97702E-01 5.77532E-01 7.05927E-01
 8.00000E-01 1.70296E-01 3.00249E-01 5.80560E-01 7.08898E-01
 8.10000E-01 1.72223E-01 3.02796E-01 5.83553E-01 7.11823E-01
 8.20000E-01 1.74162E-01 3.05340E-01 5.86512E-01 7.14702E-01
 8.30000E-01 1.76113E-01 3.07884E-01 5.89437E-01 7.17538E-01
 8.40000E-01 1.78077E-01 3.10427E-01 5.92329E-01 7.20330E-01
 8.50000E-01 1.80053E-01 3.12970E-01 5.95189E-01 7.23081E-01
 8.60000E-01 1.82042E-01 3.15512E-01 5.98018E-01 7.25791E-01
 8.70000E-01 1.84044E-01 3.18055E-01 6.00815E-01 7.28460E-01
 8.80000E-01 1.86060E-01 3.20598E-01 6.03582E-01 7.31090E-01
 8.90000E-01 1.88088E-01 3.23142E-01 6.06318E-01 7.33682E-01
 9.00000E-01 1.90130E-01 3.25687E-01 6.09025E-01 7.36236E-01
 9.10000E-01 1.92186E-01 3.28233E-01 6.11704E-01 7.38753E-01
 9.20000E-01 1.94254E-01 3.30780E-01 6.14354E-01 7.41233E-01
 9.30000E-01 1.96337E-01 3.33329E-01 6.16976E-01 7.43678E-01
 9.40000E-01 1.98433E-01 3.35880E-01 6.19571E-01 7.46088E-01
 9.50000E-01 2.00542E-01 3.38432E-01 6.22138E-01 7.48465E-01
 9.60000E-01 2.02665E-01 3.40987E-01 6.24680E-01 7.50808E-01
 9.70000E-01 2.04802E-01 3.43544E-01 6.27195E-01 7.53119E-01
 9.80000E-01 2.06951E-01 3.46104E-01 6.29685E-01 7.55397E-01
 9.90000E-01 2.09115E-01 3.48666E-01 6.32149E-01 7.57644E-01
 1.00000E+00 2.11291E-01 3.51230E-01 6.34589E-01 7.59859E-01
 1.01158E+00 2.13827E-01 3.54203E-01 6.37384E-01 7.62387E-01
 1.02329E+00 2.16410E-01 3.57215E-01 6.40178E-01 7.64905E-01
 1.03514E+00 2.19019E-01 3.60266E-01 6.42973E-01 7.67410E-01
 1.04713E+00 2.21619E-01 3.63356E-01 6.45766E-01 7.69905E-01
 1.05925E+00 2.24208E-01 3.66486E-01 6.48560E-01 7.72387E-01
 1.07152E+00 2.26785E-01 3.69658E-01 6.51352E-01 7.74859E-01
 1.08393E+00 2.29351E-01 3.72871E-01 6.54144E-01 7.77318E-01
 1.09648E+00 2.31905E-01 3.76126E-01 6.56934E-01 7.79765E-01
 1.10917E+00 2.34445E-01 3.79424E-01 6.59724E-01 7.82199E-01
 1.12202E+00 2.36971E-01 3.82766E-01 6.62512E-01 7.84622E-01
 1.13501E+00 2.39483E-01 3.86150E-01 6.65299E-01 7.87032E-01
 1.14815E+00 2.41980E-01 3.89580E-01 6.68084E-01 7.89429E-01
 1.16145E+00 2.44461E-01 3.93053E-01 6.70868E-01 7.91813E-01
 1.17490E+00 2.46926E-01 3.96572E-01 6.73649E-01 7.94184E-01
 1.18850E+00 2.49374E-01 4.00136E-01 6.76429E-01 7.96542E-01
 1.20226E+00 2.51804E-01 4.03746E-01 6.79207E-01 7.98887E-01
 1.21619E+00 2.54217E-01 4.07401E-01 6.81982E-01 8.01219E-01
 1.23027E+00 2.56612E-01 4.11103E-01 6.84756E-01 8.03537E-01
 1.24451E+00 2.58988E-01 4.14851E-01 6.87526E-01 8.05841E-01
 1.25893E+00 2.61344E-01 4.18623E-01 6.90295E-01 8.08131E-01
 1.27350E+00 2.63681E-01 4.22366E-01 6.93060E-01 8.10407E-01
 1.28825E+00 2.65998E-01 4.26077E-01 6.95822E-01 8.12669E-01
 1.30317E+00 2.68294E-01 4.29755E-01 6.98582E-01 8.14917E-01
 1.31826E+00 2.70569E-01 4.33400E-01 7.01338E-01 8.17150E-01
 1.33352E+00 2.72824E-01 4.37011E-01 7.04091E-01 8.19369E-01
 1.34896E+00 2.75056E-01 4.40587E-01 7.06841E-01 8.21573E-01
 1.36458E+00 2.77267E-01 4.44128E-01 7.09587E-01 8.23763E-01
 1.38038E+00 2.79456E-01 4.47634E-01 7.12330E-01 8.25937E-01
 1.39637E+00 2.81622E-01 4.51104E-01 7.15068E-01 8.28097E-01
 1.41254E+00 2.83766E-01 4.54537E-01 7.17803E-01 8.30241E-01
 1.42889E+00 2.85886E-01 4.57934E-01 7.20534E-01 8.32371E-01
 1.44544E+00 2.87984E-01 4.61294E-01 7.23261E-01 8.34485E-01
 1.46218E+00 2.90058E-01 4.64617E-01 7.25983E-01 8.36583E-01
 1.47911E+00 2.92109E-01 4.67902E-01 7.28702E-01 8.38666E-01
 1.49624E+00 2.94136E-01 4.71148E-01 7.31415E-01 8.40734E-01
 1.51356E+00 2.96139E-01 4.74357E-01 7.34124E-01 8.42785E-01
 1.53109E+00 2.98118E-01 4.77528E-01 7.36828E-01 8.44821E-01
 1.54882E+00 3.00074E-01 4.80660E-01 7.39528E-01 8.46841E-01
 1.56675E+00 3.02005E-01 4.83753E-01 7.42222E-01 8.48845E-01
 1.58489E+00 3.03912E-01 4.86808E-01 7.44911E-01 8.50833E-01
 1.60325E+00 3.05794E-01 4.89823E-01 7.47596E-01 8.52805E-01
 1.62181E+00 3.07653E-01 4.92800E-01 7.50274E-01 8.54761E-01
 1.64059E+00 3.09487E-01 4.95738E-01 7.52947E-01 8.56700E-01
 1.65959E+00 3.11296E-01 4.98637E-01 7.55615E-01 8.58624E-01
 1.67880E+00 3.13082E-01 5.01496E-01 7.58277E-01 8.60531E-01
 1.69824E+00 3.14843E-01 5.04317E-01 7.60933E-01 8.62421E-01
 1.71791E+00 3.16579E-01 5.07099E-01 7.63583E-01 8.64295E-01
 1.73780E+00 3.18292E-01 5.09842E-01 7.66227E-01 8.66153E-01
 1.75792E+00 3.19980E-01 5.12546E-01 7.68865E-01 8.67994E-01
 1.77828E+00 3.21644E-01 5.15211E-01 7.71496E-01 8.69818E-01
 1.79887E+00 3.23284E-01 5.17838E-01 7.74121E-01 8.71626E-01
 1.81970E+00 3.24900E-01 5.20427E-01 7.76740E-01 8.73417E-01
 1.84077E+00 3.26492E-01 5.22977E-01 7.79351E-01 8.75192E-01
 1.86209E+00 3.28060E-01 5.25489E-01 7.81956E-01 8.76949E-01
 1.88365E+00 3.29604E-01 5.27963E-01 7.84553E-01 8.78691E-01
 1.90546E+00 3.31125E-01 5.30399E-01 7.87144E-01 8.80415E-01
 1.92752E+00 3.32623E-01 5.32798E-01 7.89727E-01 8.82122E-01
 1.94984E+00 3.34097E-01 5.35159E-01 7.92302E-01 8.83813E-01
 1.97242E+00 3.35548E-01 5.37483E-01 7.94870E-01 8.85487E-01
 1.99526E+00 3.36976E-01 5.39771E-01 7.97430E-01 8.87145E-01
 2.01837E+00 3.38382E-01 5.42022E-01 7.99981E-01 8.88785E-01
 2.04174E+00 3.39765E-01 5.44237E-01 8.02525E-01 8.90409E-01
 2.06538E+00 3.41125E-01 5.46416E-01 8.05060E-01 8.92016E-01
 2.08930E+00 3.42463E-01 5.48559E-01 8.07587E-01 8.93607E-01
 2.11349E+00 3.43779E-01 5.50667E-01 8.10104E-01 8.95181E-01
 2.13796E+00 3.45073E-01 5.52740E-01 8.12613E-01 8.96738E-01
 2.16272E+00 3.46346E-01 5.54779E-01 8.15113E-01 8.98278E-01
 2.18776E+00 3.47597E-01 5.56783E-01 8.17603E-01 8.99802E-01
 2.21309E+00 3.48826E-01 5.58752E-01 8.20083E-01 9.01309E-01
 2.23872E+00 3.50035E-01 5.60689E-01 8.22554E-01 9.02800E-01
 2.26464E+00 3.51223E-01 5.62592E-01 8.25014E-01 9.04274E-01
 2.29087E+00 3.52391E-01 5.64462E-01 8.27464E-01 9.05732E-01
 2.31739E+00 3.53538E-01 5.66299E-01 8.29904E-01 9.07173E-01
 2.34423E+00 3.54665E-01 5.68104E-01 8.32332E-01 9.08598E-01
 2.37137E+00 3.55772E-01 5.69878E-01 8.34750E-01 9.10006E-01
 2.39883E+00 3.56859E-01 5.71619E-01 8.37156E-01 9.11399E-01
 2.42661E+00 3.57927E-01 5.73330E-01 8.39550E-01 9.12775E-01
 2.45471E+00 3.58976E-01 5.75010E-01 8.41932E-01 9.14134E-01
 2.48313E+00 3.60006E-01 5.76660E-01 8.44302E-01 9.15478E-01
 2.51189E+00 3.61017E-01 5.78280E-01 8.46660E-01 9.16806E-01
 2.54097E+00 3.62010E-01 5.79870E-01 8.48988E-01 9.18118E-01
 2.57040E+00 3.62985E-01 5.81432E-01 8.51274E-01 9.19414E-01
 2.60016E+00 3.63942E-01 5.82964E-01 8.53518E-01 9.20694E-01
 2.63027E+00 3.64881E-01 5.84468E-01 8.55720E-01 9.21958E-01
 2.66073E+00 3.65802E-01 5.85944E-01 8.57881E-01 9.23207E-01
 2.69153E+00 3.66706E-01 5.87393E-01 8.60002E-01 9.24440E-01
 2.72270E+00 3.67594E-01 5.88814E-01 8.62083E-01 9.25658E-01
 2.75423E+00 3.68464E-01 5.90209E-01 8.64125E-01 9.26860E-01
 2.78612E+00 3.69319E-01 5.91577E-01 8.66128E-01 9.28047E-01
 2.81838E+00 3.70157E-01 5.92919E-01 8.68093E-01 9.29219E-01
 2.85102E+00 3.70979E-01 5.94236E-01 8.70021E-01 9.30375E-01
 2.88403E+00 3.71785E-01 5.95527E-01 8.71912E-01 9.31517E-01
 2.91743E+00 3.72576E-01 5.96794E-01 8.73766E-01 9.32643E-01
 2.95121E+00 3.73351E-01 5.98036E-01 8.75585E-01 9.33755E-01
 2.98538E+00 3.74112E-01 5.99254E-01 8.77368E-01 9.34852E-01
 3.01995E+00 3.74857E-01 6.00449E-01 8.79117E-01 9.35934E-01
 3.05492E+00 3.75588E-01 6.01620E-01 8.80832E-01 9.37002E-01
 3.09030E+00 3.76305E-01 6.02768E-01 8.82513E-01 9.38056E-01
 3.12608E+00 3.77008E-01 6.03894E-01 8.84161E-01 9.39095E-01
 3.16228E+00 3.77697E-01 6.04998E-01 8.85777E-01 9.40119E-01
 3.19890E+00 3.78372E-01 6.06079E-01 8.87361E-01 9.41130E-01
 3.23594E+00 3.79034E-01 6.07140E-01 8.88913E-01 9.42127E-01
 3.27341E+00 3.79683E-01 6.08179E-01 8.90435E-01 9.43110E-01
 3.31131E+00 3.80319E-01 6.09198E-01 8.91926E-01 9.44079E-01
 3.34965E+00 3.80942E-01 6.10196E-01 8.93388E-01 9.45034E-01
 3.38844E+00 3.81553E-01 6.11174E-01 8.94820E-01 9.45976E-01
 3.42768E+00 3.82151E-01 6.12132E-01 8.96223E-01 9.46904E-01
 3.46737E+00 3.82738E-01 6.13072E-01 8.97598E-01 9.47819E-01
 3.50752E+00 3.83312E-01 6.13992E-01 8.98946E-01 9.48721E-01
 3.54813E+00 3.83875E-01 6.14893E-01 9.00266E-01 9.49610E-01
 3.58922E+00 3.84426E-01 6.15777E-01 9.01559E-01 9.50486E-01
 3.63078E+00 3.84967E-01 6.16642E-01 9.02826E-01 9.51349E-01
 3.67282E+00 3.85496E-01 6.17490E-01 9.04067E-01 9.52199E-01
 3.71535E+00 3.86014E-01 6.18320E-01 9.05282E-01 9.53037E-01
 3.75837E+00 3.86522E-01 6.19133E-01 9.06473E-01 9.53862E-01
 3.80189E+00 3.87019E-01 6.19930E-01 9.07639E-01 9.54675E-01
 3.84592E+00 3.87506E-01 6.20710E-01 9.08782E-01 9.55476E-01
 3.89045E+00 3.87983E-01 6.21474E-01 9.09900E-01 9.56265E-01
 3.93550E+00 3.88450E-01 6.22223E-01 9.10996E-01 9.57042E-01
 3.98107E+00 3.88908E-01 6.22955E-01 9.12069E-01 9.57807E-01
 4.02717E+00 3.89356E-01 6.23673E-01 9.13120E-01 9.58560E-01
 4.07380E+00 3.89795E-01 6.24376E-01 9.14148E-01 9.59301E-01
 4.12098E+00 3.90224E-01 6.25064E-01 9.15156E-01 9.60032E-01
 4.16869E+00 3.90645E-01 6.25737E-01 9.16142E-01 9.60751E-01
 4.21697E+00 3.91057E-01 6.26397E-01 9.17108E-01 9.61458E-01
 4.26580E+00 3.91460E-01 6.27043E-01 9.18054E-01 9.62155E-01
 4.31519E+00 3.91855E-01 6.27675E-01 9.18979E-01 9.62840E-01
 4.36516E+00 3.92241E-01 6.28294E-01 9.19886E-01 9.63515E-01
 4.41570E+00 3.92619E-01 6.28900E-01 9.20773E-01 9.64179E-01
 4.46684E+00 3.92990E-01 6.29494E-01 9.21641E-01 9.64833E-01
 4.51856E+00 3.93352E-01 6.30074E-01 9.22492E-01 9.65476E-01
 4.57088E+00 3.93707E-01 6.30643E-01 9.23324E-01 9.66109E-01
 4.62381E+00 3.94054E-01 6.31199E-01 9.24139E-01 9.66732E-01
 4.67735E+00 3.94394E-01 6.31744E-01 9.24936E-01 9.67344E-01
 4.73151E+00 3.94727E-01 6.32277E-01 9.25716E-01 9.67947E-01
 4.78630E+00 3.95053E-01 6.32799E-01 9.26480E-01 9.68540E-01
 4.84172E+00 3.95372E-01 6.33309E-01 9.27228E-01 9.69123E-01
 4.89779E+00 3.95684E-01 6.33809E-01 9.27960E-01 9.69696E-01
 4.95450E+00 3.95989E-01 6.34298E-01 9.28676E-01 9.70260E-01
 5.01187E+00 3.96288E-01 6.34777E-01 9.29377E-01 9.70815E-01
 5.06991E+00 3.96580E-01 6.35245E-01 9.30062E-01 9.71361E-01
 5.12861E+00 3.96867E-01 6.35704E-01 9.30734E-01 9.71897E-01
 5.18800E+00 3.97147E-01 6.36152E-01 9.31390E-01 9.72425E-01
 5.24807E+00 3.97421E-01 6.36591E-01 9.32033E-01 9.72944E-01
 5.30884E+00 3.97689E-01 6.37021E-01 9.32662E-01 9.73454E-01
 5.37032E+00 3.97951E-01 6.37441E-01 9.33277E-01 9.73955E-01
 5.43250E+00 3.98208E-01 6.37852E-01 9.33880E-01 9.74448E-01
 5.49541E+00 3.98459E-01 6.38255E-01 9.34469E-01 9.74933E-01
 5.55904E+00 3.98705E-01 6.38648E-01 9.35045E-01 9.75409E-01
 5.62341E+00 3.98946E-01 6.39034E-01 9.35609E-01 9.75877E-01
 5.68853E+00 3.99181E-01 6.39411E-01 9.36161E-01 9.76337E-01
 5.75440E+00 3.99411E-01 6.39779E-01 9.36701E-01 9.76790E-01
 5.82103E+00 3.99636E-01 6.40140E-01 9.37229E-01 9.77234E-01
 5.88844E+00 3.99857E-01 6.40493E-01 9.37746E-01 9.77671E-01
 5.95662E+00 4.00072E-01 6.40838E-01 9.38251E-01 9.78100E-01
 6.02560E+00 4.00283E-01 6.41176E-01 9.38746E-01 9.78522E-01
 6.09537E+00 4.00489E-01 6.41507E-01 9.39230E-01 9.78937E-01
 6.16595E+00 4.00691E-01 6.41830E-01 9.39703E-01 9.79344E-01
 6.23735E+00 4.00889E-01 6.42146E-01 9.40166E-01 9.79744E-01
 6.30957E+00 4.01082E-01 6.42456E-01 9.40619E-01 9.80137E-01
 6.38263E+00 4.01271E-01 6.42758E-01 9.41062E-01 9.80523E-01
 6.45654E+00 4.01456E-01 6.43054E-01 9.41496E-01 9.80902E-01
 6.53131E+00 4.01636E-01 6.43344E-01 9.41920E-01 9.81275E-01
 6.60693E+00 4.01813E-01 6.43627E-01 9.42335E-01 9.81641E-01
 6.68344E+00 4.01986E-01 6.43904E-01 9.42740E-01 9.82001E-01
 6.76083E+00 4.02155E-01 6.44175E-01 9.43137E-01 9.82354E-01
 6.83912E+00 4.02321E-01 6.44440E-01 9.43525E-01 9.82701E-01
 6.91831E+00 4.02483E-01 6.44700E-01 9.43905E-01 9.83041E-01
 6.99842E+00 4.02641E-01 6.44953E-01 9.44276E-01 9.83376E-01
 7.07946E+00 4.02796E-01 6.45201E-01 9.44639E-01 9.83704E-01
 7.16143E+00 4.02948E-01 6.45444E-01 9.44995E-01 9.84027E-01
 7.24436E+00 4.03096E-01 6.45681E-01 9.45342E-01 9.84344E-01
 7.32825E+00 4.03241E-01 6.45913E-01 9.45682E-01 9.84655E-01
 7.41310E+00 4.03382E-01 6.46140E-01 9.46014E-01 9.84960E-01
 7.49894E+00 4.03521E-01 6.46362E-01 9.46339E-01 9.85260E-01
 7.58578E+00 4.03656E-01 6.46580E-01 9.46657E-01 9.85554E-01
 7.67361E+00 4.03789E-01 6.46792E-01 9.46968E-01 9.85843E-01
 7.76247E+00 4.03919E-01 6.47000E-01 9.47272E-01 9.86127E-01
 7.85236E+00 4.04045E-01 6.47203E-01 9.47569E-01 9.86406E-01
 7.94328E+00 4.04169E-01 6.47401E-01 9.47860E-01 9.86679E-01
 8.03526E+00 4.04291E-01 6.47595E-01 9.48145E-01 9.86947E-01
 8.12831E+00 4.04409E-01 6.47785E-01 9.48423E-01 9.87211E-01
 8.22243E+00 4.04525E-01 6.47971E-01 9.48695E-01 9.87469E-01
 8.31764E+00 4.04639E-01 6.48153E-01 9.48961E-01 9.87723E-01
 8.41395E+00 4.04750E-01 6.48330E-01 9.49221E-01 9.87972E-01
 8.51138E+00 4.04858E-01 6.48504E-01 9.49475E-01 9.88217E-01
 8.60994E+00 4.04964E-01 6.48674E-01 9.49724E-01 9.88457E-01
 8.70964E+00 4.05068E-01 6.48840E-01 9.49967E-01 9.88692E-01
 8.81049E+00 4.05169E-01 6.49003E-01 9.50205E-01 9.88923E-01
 8.91251E+00 4.05268E-01 6.49162E-01 9.50437E-01 9.89150E-01
 9.01571E+00 4.05365E-01 6.49317E-01 9.50665E-01 9.89373E-01
 9.12011E+00 4.05460E-01 6.49469E-01 9.50887E-01 9.89591E-01
 9.22571E+00 4.05553E-01 6.49617E-01 9.51105E-01 9.89805E-01
 9.33254E+00 4.05644E-01 6.49762E-01 9.51317E-01 9.90015E-01
 9.44061E+00 4.05732E-01 6.49904E-01 9.51525E-01 9.90222E-01
 9.54993E+00 4.05819E-01 6.50043E-01 9.51728E-01 9.90424E-01
 9.66051E+00 4.05904E-01 6.50179E-01 9.51927E-01 9.90623E-01
 9.77237E+00 4.05986E-01 6.50312E-01 9.52122E-01 9.90818E-01
 9.88553E+00 4.06068E-01 6.50442E-01 9.52312E-01 9.91009E-01
 1.00000E+01 4.06147E-01 6.50569E-01 9.52497E-01 9.91196E-01
 1.01158E+01 4.06224E-01 6.50693E-01 9.52679E-01 9.91380E-01
 1.02329E+01 4.06300E-01 6.50814E-01 9.52857E-01 9.91560E-01
 1.03514E+01 4.06374E-01 6.50933E-01 9.53031E-01 9.91737E-01
 1.04713E+01 4.06446E-01 6.51049E-01 9.53200E-01 9.91911E-01
 1.05925E+01 4.06517E-01 6.51162E-01 9.53366E-01 9.92081E-01
 1.07152E+01 4.06587E-01 6.51273E-01 9.53529E-01 9.92248E-01
 1.08393E+01 4.06654E-01 6.51381E-01 9.53688E-01 9.92412E-01
 1.09648E+01 4.06720E-01 6.51487E-01 9.53843E-01 9.92573E-01
 1.10917E+01 4.06785E-01 6.51591E-01 9.53994E-01 9.92730E-01
 1.12202E+01 4.06848E-01 6.51692E-01 9.54143E-01 9.92885E-01
 1.13501E+01 4.06910E-01 6.51791E-01 9.54288E-01 9.93036E-01
 1.14815E+01 4.06971E-01 6.51888E-01 9.54430E-01 9.93183E-01
 1.16145E+01 4.07030E-01 6.51983E-01 9.54568E-01 9.93328E-01
 1.17490E+01 4.07088E-01 6.52076E-01 9.54704E-01 9.93469E-01
 1.18850E+01 4.07144E-01 6.52166E-01 9.54836E-01 9.93607E-01
 1.20226E+01 4.07199E-01 6.52255E-01 9.54966E-01 9.93741E-01
 1.21619E+01 4.07253E-01 6.52341E-01 9.55093E-01 9.93873E-01
 1.23027E+01 4.07306E-01 6.52426E-01 9.55217E-01 9.94002E-01
 1.24451E+01 4.07358E-01 6.52508E-01 9.55338E-01 9.94128E-01
 1.25893E+01 4.07408E-01 6.52589E-01 9.55456E-01 9.94251E-01
 1.27350E+01 4.07458E-01 6.52668E-01 9.55572E-01 9.94372E-01
 1.28825E+01 4.07506E-01 6.52746E-01 9.55685E-01 9.94489E-01
 1.30317E+01 4.07553E-01 6.52821E-01 9.55795E-01 9.94605E-01
 1.31826E+01 4.07599E-01 6.52895E-01 9.55904E-01 9.94717E-01
 1.33352E+01 4.07644E-01 6.52967E-01 9.56009E-01 9.94827E-01
 1.34896E+01 4.07688E-01 6.53038E-01 9.56113E-01 9.94935E-01
 1.36458E+01 4.07731E-01 6.53107E-01 9.56214E-01 9.95040E-01
 1.38038E+01 4.07773E-01 6.53174E-01 9.56312E-01 9.95142E-01
 1.39637E+01 4.07815E-01 6.53240E-01 9.56409E-01 9.95243E-01
 1.41254E+01 4.07855E-01 6.53305E-01 9.56503E-01 9.95341E-01
 1.42889E+01 4.07894E-01 6.53368E-01 9.56596E-01 9.95437E-01
 1.44544E+01 4.07933E-01 6.53429E-01 9.56686E-01 9.95531E-01
 1.46218E+01 4.07970E-01 6.53489E-01 9.56774E-01 9.95623E-01
 1.47911E+01 4.08007E-01 6.53548E-01 9.56860E-01 9.95712E-01
 1.49624E+01 4.08043E-01 6.53606E-01 9.56944E-01 9.95800E-01
 1.51356E+01 4.08078E-01 6.53662E-01 9.57027E-01 9.95886E-01
 1.53109E+01 4.08112E-01 6.53717E-01 9.57107E-01 9.95970E-01
 1.54882E+01 4.08146E-01 6.53771E-01 9.57186E-01 9.96052E-01
 1.56675E+01 4.08179E-01 6.53823E-01 9.57263E-01 9.96132E-01
 1.58489E+01 4.08211E-01 6.53875E-01 9.57338E-01 9.96210E-01
 1.60325E+01 4.08242E-01 6.53925E-01 9.57412E-01 9.96286E-01
 1.62181E+01 4.08273E-01 6.53974E-01 9.57484E-01 9.96361E-01
 1.64059E+01 4.08303E-01 6.54022E-01 9.57554E-01 9.96434E-01
 1.65959E+01 4.08332E-01 6.54069E-01 9.57623E-01 9.96506E-01
 1.67880E+01 4.08361E-01 6.54115E-01 9.57690E-01 9.96576E-01
 1.69824E+01 4.08389E-01 6.54160E-01 9.57755E-01 9.96644E-01
 1.71791E+01 4.08416E-01 6.54204E-01 9.57820E-01 9.96711E-01
 1.73780E+01 4.08443E-01 6.54246E-01 9.57882E-01 9.96776E-01
 1.75792E+01 4.08469E-01 6.54288E-01 9.57944E-01 9.96840E-01
 1.77828E+01 4.08495E-01 6.54329E-01 9.58003E-01 9.96902E-01
 1.79887E+01 4.08520E-01 6.54369E-01 9.58062E-01 9.96963E-01
 1.81970E+01 4.08544E-01 6.54408E-01 9.58119E-01 9.97023E-01
 1.84077E+01 4.08568E-01 6.54447E-01 9.58175E-01 9.97081E-01
 1.86209E+01 4.08591E-01 6.54484E-01 9.58230E-01 9.97138E-01
 1.88365E+01 4.08614E-01 6.54520E-01 9.58283E-01 9.97194E-01
 1.90546E+01 4.08636E-01 6.54556E-01 9.58336E-01 9.97248E-01
 1.92752E+01 4.08658E-01 6.54591E-01 9.58387E-01 9.97301E-01
 1.94984E+01 4.08679E-01 6.54625E-01 9.58437E-01 9.97353E-01
 1.97242E+01 4.08700E-01 6.54659E-01 9.58486E-01 9.97404E-01
 1.99526E+01 4.08720E-01 6.54691E-01 9.58533E-01 9.97454E-01
 2.01837E+01 4.08740E-01 6.54723E-01 9.58580E-01 9.97502E-01
 2.04174E+01 4.08760E-01 6.54754E-01 9.58626E-01 9.97550E-01
 2.06538E+01 4.08779E-01 6.54785E-01 9.58670E-01 9.97596E-01
 2.08930E+01 4.08797E-01 6.54814E-01 9.58714E-01 9.97641E-01
 2.11349E+01 4.08816E-01 6.54843E-01 9.58756E-01 9.97686E-01
 2.13796E+01 4.08833E-01 6.54872E-01 9.58798E-01 9.97729E-01
 2.16272E+01 4.08851E-01 6.54900E-01 9.58839E-01 9.97771E-01
 2.18776E+01 4.08868E-01 6.54927E-01 9.58878E-01 9.97813E-01
 2.21309E+01 4.08884E-01 6.54953E-01 9.58917E-01 9.97853E-01
 2.23872E+01 4.08900E-01 6.54979E-01 9.58955E-01 9.97893E-01
 2.26464E+01 4.08916E-01 6.55005E-01 9.58992E-01 9.97931E-01
 2.29087E+01 4.08932E-01 6.55029E-01 9.59029E-01 9.97969E-01
 2.31739E+01 4.08947E-01 6.55054E-01 9.59064E-01 9.98006E-01
 2.34423E+01 4.08962E-01 6.55077E-01 9.59099E-01 9.98042E-01
 2.37137E+01 4.08976E-01 6.55101E-01 9.59133E-01 9.98077E-01
 2.39883E+01 4.08990E-01 6.55123E-01 9.59166E-01 9.98112E-01
 2.42661E+01 4.09004E-01 6.55145E-01 9.59198E-01 9.98146E-01
 2.45471E+01 4.09017E-01 6.55167E-01 9.59230E-01 9.98178E-01
 2.48313E+01 4.09031E-01 6.55188E-01 9.59261E-01 9.98211E-01
 2.51189E+01 4.09044E-01 6.55209E-01 9.59291E-01 9.98242E-01
 2.54097E+01 4.09056E-01 6.55229E-01 9.59321E-01 9.98273E-01
 2.57040E+01 4.09068E-01 6.55249E-01 9.59349E-01 9.98303E-01
 2.60016E+01 4.09081E-01 6.55268E-01 9.59378E-01 9.98332E-01
 2.63027E+01 4.09092E-01 6.55287E-01 9.59405E-01 9.98361E-01
 2.66073E+01 4.09104E-01 6.55305E-01 9.59432E-01 9.98389E-01
 2.69153E+01 4.09115E-01 6.55323E-01 9.59459E-01 9.98417E-01
 2.72270E+01 4.09126E-01 6.55341E-01 9.59484E-01 9.98443E-01
 2.75423E+01 4.09137E-01 6.55358E-01 9.59510E-01 9.98470E-01
 2.78612E+01 4.09147E-01 6.55375E-01 9.59534E-01 9.98495E-01
 2.81838E+01 4.09158E-01 6.55391E-01 9.59558E-01 9.98520E-01
 2.85102E+01 4.09168E-01 6.55407E-01 9.59582E-01 9.98545E-01
 2.88403E+01 4.09177E-01 6.55423E-01 9.59605E-01 9.98569E-01
 2.91743E+01 4.09187E-01 6.55438E-01 9.59627E-01 9.98592E-01
 2.95121E+01 4.09196E-01 6.55453E-01 9.59649E-01 9.98615E-01
 2.98538E+01 4.09205E-01 6.55468E-01 9.59671E-01 9.98637E-01
 3.01995E+01 4.09214E-01 6.55482E-01 9.59692E-01 9.98659E-01
 3.05492E+01 4.09223E-01 6.55496E-01 9.59712E-01 9.98680E-01
 3.09030E+01 4.09232E-01 6.55510E-01 9.59732E-01 9.98701E-01
 3.12608E+01 4.09240E-01 6.55523E-01 9.59752E-01 9.98722E-01
 3.16228E+01 4.09248E-01 6.55536E-01 9.59771E-01 9.98741E-01
 3.19890E+01 4.09256E-01 6.55549E-01 9.59790E-01 9.98761E-01
 3.23594E+01 4.09264E-01 6.55562E-01 9.59808E-01 9.98780E-01
 3.27341E+01 4.09272E-01 6.55574E-01 9.59826E-01 9.98799E-01
 3.31131E+01 4.09279E-01 6.55586E-01 9.59843E-01 9.98817E-01
 3.34965E+01 4.09286E-01 6.55598E-01 9.59860E-01 9.98834E-01
 3.38844E+01 4.09293E-01 6.55609E-01 9.59877E-01 9.98852E-01
 3.42768E+01 4.09300E-01 6.55620E-01 9.59893E-01 9.98869E-01
 3.46737E+01 4.09307E-01 6.55631E-01 9.59909E-01 9.98885E-01
 3.50752E+01 4.09314E-01 6.55642E-01 9.59925E-01 9.98902E-01
 3.54813E+01 4.09320E-01 6.55652E-01 9.59940E-01 9.98917E-01
 3.58922E+01 4.09327E-01 6.55662E-01 9.59955E-01 9.98933E-01
 3.63078E+01 4.09333E-01 6.55672E-01 9.59969E-01 9.98948E-01
 3.67282E+01 4.09339E-01 6.55682E-01 9.59984E-01 9.98963E-01
 3.71535E+01 4.09345E-01 6.55691E-01 9.59998E-01 9.98977E-01
 3.75837E+01 4.09351E-01 6.55701E-01 9.60011E-01 9.98991E-01
 3.80189E+01 4.09356E-01 6.55710E-01 9.60024E-01 9.99005E-01
 3.84592E+01 4.09362E-01 6.55718E-01 9.60037E-01 9.99019E-01
 3.89045E+01 4.09367E-01 6.55727E-01 9.60050E-01 9.99032E-01
 3.93550E+01 4.09372E-01 6.55736E-01 9.60062E-01 9.99045E-01
 3.98107E+01 4.09378E-01 6.55744E-01 9.60075E-01 9.99057E-01
 4.02717E+01 4.09383E-01 6.55752E-01 9.60086E-01 9.99070E-01
 4.07380E+01 4.09388E-01 6.55760E-01 9.60098E-01 9.99082E-01
 4.12098E+01 4.09392E-01 6.55768E-01 9.60109E-01 9.99094E-01
 4.16869E+01 4.09397E-01 6.55775E-01 9.60120E-01 9.99105E-01
 4.21697E+01 4.09402E-01 6.55782E-01 9.60131E-01 9.99116E-01
 4.26580E+01 4.09406E-01 6.55790E-01 9.60142E-01 9.99127E-01
 4.31519E+01 4.09411E-01 6.55797E-01 9.60152E-01 9.99138E-01
 4.36516E+01 4.09415E-01 6.55804E-01 9.60162E-01 9.99148E-01
 4.41570E+01 4.09419E-01 6.55810E-01 9.60172E-01 9.99159E-01
 4.46684E+01 4.09423E-01 6.55817E-01 9.60182E-01 9.99169E-01
 4.51856E+01 4.09427E-01 6.55823E-01 9.60191E-01 9.99179E-01
 4.57088E+01 4.09431E-01 6.55830E-01 9.60200E-01 9.99188E-01
 4.62381E+01 4.09435E-01 6.55836E-01 9.60209E-01 9.99197E-01
 4.67735E+01 4.09439E-01 6.55842E-01 9.60218E-01 9.99207E-01
 4.73151E+01 4.09442E-01 6.55848E-01 9.60226E-01 9.99216E-01
 4.78630E+01 4.09446E-01 6.55853E-01 9.60235E-01 9.99224E-01
 4.84172E+01 4.09450E-01 6.55859E-01 9.60243E-01 9.99233E-01
 4.89779E+01 4.09453E-01 6.55864E-01 9.60251E-01 9.99241E-01
 4.95450E+01 4.09456E-01 6.55870E-01 9.60259E-01 9.99249E-01
 5.01187E+01 4.09460E-01 6.55875E-01 9.60267E-01 9.99257E-01
 5.06991E+01 4.09463E-01 6.55880E-01 9.60274E-01 9.99265E-01
 5.12861E+01 4.09466E-01 6.55885E-01 9.60281E-01 9.99273E-01
 5.18800E+01 4.09469E-01 6.55890E-01 9.60289E-01 9.99280E-01
 5.24807E+01 4.09472E-01 6.55895E-01 9.60296E-01 9.99287E-01
 5.30884E+01 4.09475E-01 6.55899E-01 9.60302E-01 9.99294E-01
 5.37032E+01 4.09478E-01 6.55904E-01 9.60309E-01 9.99301E-01
 5.43250E+01 4.09480E-01 6.55908E-01 9.60316E-01 9.99308E-01
 5.49541E+01 4.09483E-01 6.55913E-01 9.60322E-01 9.99315E-01
 5.55904E+01 4.09486E-01 6.55917E-01 9.60328E-01 9.99321E-01
 5.62341E+01 4.09488E-01 6.55921E-01 9.60334E-01 9.99328E-01
 5.68853E+01 4.09491E-01 6.55925E-01 9.60340E-01 9.99334E-01
 5.75440E+01 4.09493E-01 6.55929E-01 9.60346E-01 9.99340E-01
 5.82103E+01 4.09496E-01 6.55933E-01 9.60352E-01 9.99346E-01
 5.88844E+01 4.09498E-01 6.55937E-01 9.60357E-01 9.99352E-01
 5.95662E+01 4.09500E-01 6.55941E-01 9.60363E-01 9.99357E-01
 6.02560E+01 4.09503E-01 6.55944E-01 9.60368E-01 9.99363E-01
 6.09537E+01 4.09505E-01 6.55948E-01 9.60373E-01 9.99368E-01
 6.16595E+01 4.09507E-01 6.55951E-01 9.60378E-01 9.99373E-01
 6.23735E+01 4.09509E-01 6.55955E-01 9.60383E-01 9.99379E-01
 6.30957E+01 4.09511E-01 6.55958E-01 9.60388E-01 9.99384E-01
 6.38263E+01 4.09513E-01 6.55961E-01 9.60393E-01 9.99388E-01
 6.45654E+01 4.09515E-01 6.55964E-01 9.60397E-01 9.99393E-01
 6.53131E+01 4.09517E-01 6.55967E-01 9.60402E-01 9.99398E-01
 6.60693E+01 4.09519E-01 6.55970E-01 9.60406E-01 9.99403E-01
 6.68344E+01 4.09521E-01 6.55973E-01 9.60411E-01 9.99407E-01
 6.76083E+01 4.09523E-01 6.55976E-01 9.60415E-01 9.99411E-01
 6.83912E+01 4.09524E-01 6.55979E-01 9.60419E-01 9.99416E-01
 6.91831E+01 4.09526E-01 6.55982E-01 9.60423E-01 9.99420E-01
 6.99842E+01 4.09528E-01 6.55984E-01 9.60427E-01 9.99424E-01
 7.07946E+01 4.09529E-01 6.55987E-01 9.60431E-01 9.99428E-01
 7.16143E+01 4.09531E-01 6.55990E-01 9.60434E-01 9.99432E-01
 7.24436E+01 4.09533E-01 6.55992E-01 9.60438E-01 9.99436E-01
 7.32825E+01 4.09534E-01 6.55995E-01 9.60442E-01 9.99439E-01
 7.41310E+01 4.09536E-01 6.55997E-01 9.60445E-01 9.99443E-01
 7.49894E+01 4.09537E-01 6.55999E-01 9.60449E-01 9.99447E-01
 7.58578E+01 4.09539E-01 6.56002E-01 9.60452E-01 9.99450E-01
 7.67361E+01 4.09540E-01 6.56004E-01 9.60455E-01 9.99454E-01
 7.76247E+01 4.09541E-01 6.56006E-01 9.60458E-01 9.99457E-01
 7.85236E+01 4.09543E-01 6.56008E-01 9.60462E-01 9.99460E-01
 7.94328E+01 4.09544E-01 6.56010E-01 9.60465E-01 9.99463E-01
 8.03526E+01 4.09545E-01 6.56012E-01 9.60468E-01 9.99466E-01
 8.12831E+01 4.09546E-01 6.56014E-01 9.60471E-01 9.99469E-01
 8.22243E+01 4.09548E-01 6.56016E-01 9.60473E-01 9.99472E-01
 8.31764E+01 4.09549E-01 6.56018E-01 9.60476E-01 9.99475E-01
 8.41395E+01 4.09550E-01 6.56020E-01 9.60479E-01 9.99478E-01
 8.51138E+01 4.09551E-01 6.56022E-01 9.60482E-01 9.99481E-01
 8.60994E+01 4.09552E-01 6.56024E-01 9.60484E-01 9.99484E-01
 8.70964E+01 4.09553E-01 6.56025E-01 9.60487E-01 9.99486E-01
 8.81049E+01 4.09554E-01 6.56027E-01 9.60489E-01 9.99489E-01
 8.91251E+01 4.09555E-01 6.56029E-01 9.60492E-01 9.99491E-01
 9.01571E+01 4.09556E-01 6.56030E-01 9.60494E-01 9.99494E-01
 9.12011E+01 4.09557E-01 6.56032E-01 9.60496E-01 9.99496E-01
 9.22571E+01 4.09558E-01 6.56033E-01 9.60499E-01 9.99499E-01
 9.33254E+01 4.09559E-01 6.56035E-01 9.60501E-01 9.99501E-01
 9.44061E+01 4.09560E-01 6.56036E-01 9.60503E-01 9.99503E-01
 9.54993E+01 4.09561E-01 6.56038E-01 9.60505E-01 9.99505E-01
 9.66051E+01 4.09562E-01 6.56039E-01 9.60507E-01 9.99508E-01
 9.77237E+01 4.09563E-01 6.56041E-01 9.60509E-01 9.99510E-01
 9.88553E+01 4.09564E-01 6.56042E-01 9.60511E-01 9.99512E-01
 1.00000E+02 4.09565E-01 6.56043E-01 9.60513E-01 9.99514E-01
