 1.00000E-02 1.98256E-02 3.76241E-02 6.84824E-02 7.36094E-02
 2.00000E-02 2.08970E-02 3.97124E-02 7.31115E-02 7.89655E-02
 3.00000E-02 2.19239E-02 4.19016E-02 7.81321E-02 8.45928E-02
 4.00000E-02 2.29544E-02 4.40941E-02 8.33511E-02 9.05707E-02
 5.00000E-02 2.40124E-02 4.63164E-02 8.87346E-02 9.69225E-02
 6.00000E-02 2.50704E-02 4.85704E-02 9.43439E-02 1.03625E-01
 7.00000E-02 2.61337E-02 5.08451E-02 1.00126E-01 1.10730E-01
 8.00000E-02 2.72015E-02 5.31302E-02 1.06061E-01 1.18249E-01
 9.00000E-02 2.82759E-02 5.54356E-02 1.12152E-01 1.26212E-01
 1.00000E-01 2.93505E-02 5.77388E-02 1.18337E-01 1.34635E-01
 1.10000E-01 3.04254E-02 6.00500E-02 1.24589E-01 1.43524E-01
 1.20000E-01 3.15003E-02 6.23567E-02 1.30875E-01 1.52833E-01
 1.30000E-01 3.25740E-02 6.46584E-02 1.37166E-01 1.62402E-01
 1.40000E-01 3.36448E-02 6.69528E-02 1.43444E-01 1.72005E-01
 1.50000E-01 3.47112E-02 6.92373E-02 1.49687E-01 1.81503E-01
 1.60000E-01 3.57752E-02 7.15092E-02 1.55875E-01 1.90848E-01
 1.70000E-01 3.68331E-02 7.37659E-02 1.61999E-01 2.00011E-01
 1.80000E-01 3.78864E-02 7.60062E-02 1.68049E-01 2.08994E-01
 1.90000E-01 3.89325E-02 7.82323E-02 1.74020E-01 2.17783E-01
 2.00000E-01 3.99736E-02 8.04378E-02 1.79908E-01 2.26385E-01
 2.10000E-01 4.10075E-02 8.26242E-02 1.85716E-01 2.34806E-01
 2.20000E-01 4.20339E-02 8.47918E-02 1.91435E-01 2.43044E-01
 2.30000E-01 4.30528E-02 8.69369E-02 1.97067E-01 2.51110E-01
 2.40000E-01 4.40642E-02 8.90633E-02 2.02609E-01 2.59005E-01
 2.50000E-01 4.50681E-02 9.11666E-02 2.08063E-01 2.66731E-01
 2.60000E-01 4.60641E-02 9.32495E-02 2.13430E-01 2.74301E-01
 2.70000E-01 4.70519E-02 9.53105E-02 2.18709E-01 2.81706E-01
 2.80000E-01 4.80314E-02 9.73484E-02 2.23903E-01 2.88971E-01
 2.90000E-01 4.90030E-02 9.93668E-02 2.29013E-01 2.96079E-01
 3.00000E-01 4.99664E-02 1.01362E-01 2.34044E-01 3.03048E-01
 3.10000E-01 5.09215E-02 1.03335E-01 2.38993E-01 3.09877E-01
 3.20000E-01 5.18681E-02 1.05288E-01 2.43861E-01 3.16568E-01
 3.30000E-01 5.28063E-02 1.07219E-01 2.48651E-01 3.23134E-01
 3.40000E-01 5.37360E-02 1.09128E-01 2.53364E-01 3.29564E-01
 3.50000E-01 5.46579E-02 1.11016E-01 2.58000E-01 3.35879E-01
 3.60000E-01 5.55716E-02 1.12884E-01 2.62563E-01 3.42069E-01
 3.70000E-01 5.64767E-02 1.14731E-01 2.67056E-01 3.48141E-01
 3.80000E-01 5.73737E-02 1.16557E-01 2.71480E-01 3.54103E-01
 3.90000E-01 5.82631E-02 1.18362E-01 2.75833E-01 3.59947E-01
 4.00000E-01 5.91439E-02 1.20148E-01 2.80119E-01 3.65694E-01
 4.10000E-01 6.00172E-02 1.21914E-01 2.84337E-01 3.71328E-01
 4.20000E-01 6.08825E-02 1.23661E-01 2.88490E-01 3.76864E-01
 4.30000E-01 6.17398E-02 1.25389E-01 2.92584E-01 3.82301E-01
 4.40000E-01 6.25897E-02 1.27097E-01 2.96615E-01 3.87638E-01
 4.50000E-01 6.34316E-02 1.28787E-01 3.00584E-01 3.92886E-01
 4.60000E-01 6.42665E-02 1.30459E-01 3.04494E-01 3.98036E-01
 4.70000E-01 6.50934E-02 1.32112E-01 3.08344E-01 4.03105E-01
 4.80000E-01 6.59134E-02 1.33747E-01 3.12142E-01 4.08081E-01
 4.90000E-01 6.67259E-02 1.35365E-01 3.15884E-01 4.12975E-01
 5.00000E-01 6.75313E-02 1.36965E-01 3.19570E-01 4.17787E-01
 5.10000E-01 6.83298E-02 1.38548E-01 3.23201E-01 4.22515E-01
 5.20000E-01 6.91209E-02 1.40115E-01 3.26784E-01 4.27170E-01
 5.30000E-01 6.99058E-02 1.41665E-01 3.30315E-01 4.31742E-01
 5.40000E-01 7.06837E-02 1.43198E-01 3.33795E-01 4.36247E-01
 5.50000E-01 7.14546E-02 1.44716E-01 3.37226E-01 4.40673E-01
 5.60000E-01 7.22196E-02 1.46218E-01 3.40612E-01 4.45032E-01
 5.70000E-01 7.29780E-02 1.47705E-01 3.43950E-01 4.49319E-01
 5.80000E-01 7.37299E-02 1.49176E-01 3.47241E-01 4.53539E-01
 5.90000E-01 7.44759E-02 1.50633E-01 3.50488E-01 4.57694E-01
 6.00000E-01 7.52159E-02 1.52074E-01 3.53692E-01 4.61782E-01
 6.10000E-01 7.59498E-02 1.53501E-01 3.56852E-01 4.65810E-01
 6.20000E-01 7.66779E-02 1.54914E-01 3.59969E-01 4.69772E-01
 6.30000E-01 7.74002E-02 1.56314E-01 3.63048E-01 4.73680E-01
 6.40000E-01 7.81172E-02 1.57700E-01 3.66084E-01 4.77523E-01
 6.50000E-01 7.88287E-02 1.59072E-01 3.69080E-01 4.81314E-01
 6.60000E-01 7.95348E-02 1.60430E-01 3.72039E-01 4.85044E-01
 6.70000E-01 8.02356E-02 1.61777E-01 3.74959E-01 4.88723E-01
 6.80000E-01 8.09313E-02 1.63110E-01 3.77841E-01 4.92345E-01
 6.90000E-01 8.16220E-02 1.64431E-01 3.80688E-01 4.95916E-01
 7.00000E-01 8.23080E-02 1.65740E-01 3.83497E-01 4.99436E-01
 7.10000E-01 8.29893E-02 1.67037E-01 3.86273E-01 5.02904E-01
 7.20000E-01 8.36659E-02 1.68323E-01 3.89014E-01 5.06324E-01
 7.30000E-01 8.43380E-02 1.69597E-01 3.91719E-01 5.09695E-01
 7.40000E-01 8.50057E-02 1.70859E-01 3.94394E-01 5.13020E-01
 7.50000E-01 8.56690E-02 1.72111E-01 3.97035E-01 5.16296E-01
 7.60000E-01 8.63282E-02 1.73352E-01 3.99643E-01 5.19531E-01
 7.70000E-01 8.69833E-02 1.74583E-01 4.02222E-01 5.22717E-01
 7.80000E-01 8.76345E-02 1.75803E-01 4.04768E-01 5.25864E-01
 7.90000E-01 8.82818E-02 1.77013E-01 4.07286E-01 5.28964E-01
 8.00000E-01 8.89254E-02 1.78213E-01 4.09773E-01 5.32027E-01
 8.10000E-01 8.95654E-02 1.79404E-01 4.12231E-01 5.35044E-01
 8.20000E-01 9.02019E-02 1.80585E-01 4.14661E-01 5.38026E-01
 8.30000E-01 9.08349E-02 1.81757E-01 4.17062E-01 5.40965E-01
 8.40000E-01 9.14647E-02 1.82920E-01 4.19438E-01 5.43869E-01
 8.50000E-01 9.20912E-02 1.84074E-01 4.21784E-01 5.46731E-01
 8.60000E-01 9.27146E-02 1.85219E-01 4.24106E-01 5.49561E-01
 8.70000E-01 9.33350E-02 1.86356E-01 4.26401E-01 5.52350E-01
 8.80000E-01 9.39525E-02 1.87485E-01 4.28671E-01 5.55107E-01
 8.90000E-01 9.45672E-02 1.88605E-01 4.30916E-01 5.57826E-01
 9.00000E-01 9.51792E-02 1.89718E-01 4.33136E-01 5.60514E-01
 9.10000E-01 9.57886E-02 1.90823E-01 4.35333E-01 5.63165E-01
 9.20000E-01 9.63955E-02 1.91920E-01 4.37505E-01 5.65787E-01
 9.30000E-01 9.69999E-02 1.93010E-01 4.39655E-01 5.68373E-01
 9.40000E-01 9.76020E-02 1.94093E-01 4.41780E-01 5.70930E-01
 9.50000E-01 9.82020E-02 1.95169E-01 4.43886E-01 5.73453E-01
 9.60000E-01 9.87999E-02 1.96238E-01 4.45967E-01 5.75949E-01
 9.70000E-01 9.93958E-02 1.97301E-01 4.48029E-01 5.78411E-01
 9.80000E-01 9.99897E-02 1.98356E-01 4.50067E-01 5.80847E-01
 9.90000E-01 1.00582E-01 1.99407E-01 4.52087E-01 5.83250E-01
 1.00000E+00 1.01172E-01 2.00450E-01 4.54085E-01 5.85629E-01
 1.01158E+00 1.01854E-01 2.01651E-01 4.56374E-01 5.88345E-01
 1.02329E+00 1.02541E-01 2.02857E-01 4.58663E-01 5.91058E-01
 1.03514E+00 1.03234E-01 2.04070E-01 4.60951E-01 5.93763E-01
 1.04713E+00 1.03934E-01 2.05289E-01 4.63239E-01 5.96463E-01
 1.05925E+00 1.04640E-01 2.06515E-01 4.65526E-01 5.99156E-01
 1.07152E+00 1.05352E-01 2.07747E-01 4.67814E-01 6.01842E-01
 1.08393E+00 1.06071E-01 2.08986E-01 4.70101E-01 6.04523E-01
 1.09648E+00 1.06797E-01 2.10232E-01 4.72386E-01 6.07195E-01
 1.10917E+00 1.07531E-01 2.11485E-01 4.74672E-01 6.09862E-01
 1.12202E+00 1.08272E-01 2.12745E-01 4.76956E-01 6.12521E-01
 1.13501E+00 1.09020E-01 2.14014E-01 4.79240E-01 6.15172E-01
 1.14815E+00 1.09777E-01 2.15290E-01 4.81523E-01 6.17818E-01
 1.16145E+00 1.10541E-01 2.16574E-01 4.83806E-01 6.20454E-01
 1.17490E+00 1.11315E-01 2.17866E-01 4.86088E-01 6.23084E-01
 1.18850E+00 1.12097E-01 2.19167E-01 4.88370E-01 6.25706E-01
 1.20226E+00 1.12888E-01 2.20478E-01 4.90650E-01 6.28318E-01
 1.21619E+00 1.13689E-01 2.21797E-01 4.92930E-01 6.30925E-01
 1.23027E+00 1.14500E-01 2.23126E-01 4.95210E-01 6.33522E-01
 1.24451E+00 1.15320E-01 2.24465E-01 4.97489E-01 6.36110E-01
 1.25893E+00 1.16152E-01 2.25814E-01 4.99767E-01 6.38692E-01
 1.27350E+00 1.16994E-01 2.27173E-01 5.02045E-01 6.41264E-01
 1.28825E+00 1.17848E-01 2.28544E-01 5.04322E-01 6.43827E-01
 1.30317E+00 1.18713E-01 2.29926E-01 5.06599E-01 6.46383E-01
 1.31826E+00 1.19591E-01 2.31321E-01 5.08876E-01 6.48929E-01
 1.33352E+00 1.20481E-01 2.32727E-01 5.11152E-01 6.51465E-01
 1.34896E+00 1.21384E-01 2.34146E-01 5.13427E-01 6.53993E-01
 1.36458E+00 1.22301E-01 2.35578E-01 5.15703E-01 6.56512E-01
 1.38038E+00 1.23231E-01 2.37024E-01 5.17979E-01 6.59021E-01
 1.39637E+00 1.24176E-01 2.38484E-01 5.20255E-01 6.61521E-01
 1.41254E+00 1.25136E-01 2.39958E-01 5.22530E-01 6.64012E-01
 1.42889E+00 1.26112E-01 2.41447E-01 5.24807E-01 6.66493E-01
 1.44544E+00 1.27103E-01 2.42952E-01 5.27084E-01 6.68963E-01
 1.46218E+00 1.28111E-01 2.44473E-01 5.29361E-01 6.71425E-01
 1.47911E+00 1.29136E-01 2.46011E-01 5.31639E-01 6.73878E-01
 1.49624E+00 1.30179E-01 2.47566E-01 5.33918E-01 6.76319E-01
 1.51356E+00 1.31240E-01 2.49139E-01 5.36197E-01 6.78751E-01
 1.53109E+00 1.32320E-01 2.50730E-01 5.38479E-01 6.81173E-01
 1.54882E+00 1.33419E-01 2.52340E-01 5.40761E-01 6.83585E-01
 1.56675E+00 1.34538E-01 2.53969E-01 5.43046E-01 6.85987E-01
 1.58489E+00 1.35678E-01 2.55619E-01 5.45332E-01 6.88378E-01
 1.60325E+00 1.36839E-01 2.57288E-01 5.47621E-01 6.90758E-01
 1.62181E+00 1.38022E-01 2.58980E-01 5.49912E-01 6.93130E-01
 1.64059E+00 1.39227E-01 2.60692E-01 5.52206E-01 6.95490E-01
 1.65959E+00 1.40456E-01 2.62427E-01 5.54502E-01 6.97841E-01
 1.67880E+00 1.41709E-01 2.64185E-01 5.56802E-01 7.00180E-01
 1.69824E+00 1.42987E-01 2.65967E-01 5.59106E-01 7.02509E-01
 1.71791E+00 1.44290E-01 2.67772E-01 5.61413E-01 7.04828E-01
 1.73780E+00 1.45620E-01 2.69603E-01 5.63724E-01 7.07136E-01
 1.75792E+00 1.46976E-01 2.71458E-01 5.66040E-01 7.09434E-01
 1.77828E+00 1.48360E-01 2.73339E-01 5.68361E-01 7.11722E-01
 1.79887E+00 1.49773E-01 2.75247E-01 5.70687E-01 7.13999E-01
 1.81970E+00 1.51216E-01 2.77181E-01 5.73018E-01 7.16265E-01
 1.84077E+00 1.52689E-01 2.79143E-01 5.75355E-01 7.18521E-01
 1.86209E+00 1.54193E-01 2.81133E-01 5.77699E-01 7.20766E-01
 1.88365E+00 1.55730E-01 2.83151E-01 5.80048E-01 7.23001E-01
 1.90546E+00 1.57300E-01 2.85199E-01 5.82405E-01 7.25225E-01
 1.92752E+00 1.58905E-01 2.87276E-01 5.84769E-01 7.27439E-01
 1.94984E+00 1.60545E-01 2.89384E-01 5.87140E-01 7.29643E-01
 1.97242E+00 1.62221E-01 2.91522E-01 5.89519E-01 7.31836E-01
 1.99526E+00 1.63935E-01 2.93692E-01 5.91907E-01 7.34019E-01
 2.01837E+00 1.65689E-01 2.95894E-01 5.94303E-01 7.36192E-01
 2.04174E+00 1.67483E-01 2.98128E-01 5.96708E-01 7.38354E-01
 2.06538E+00 1.69318E-01 3.00395E-01 5.99122E-01 7.40507E-01
 2.08930E+00 1.71197E-01 3.02696E-01 6.01545E-01 7.42649E-01
 2.11349E+00 1.73121E-01 3.05031E-01 6.03978E-01 7.44781E-01
 2.13796E+00 1.75091E-01 3.07401E-01 6.06420E-01 7.46904E-01
 2.16272E+00 1.77109E-01 3.09806E-01 6.08873E-01 7.49017E-01
 2.18776E+00 1.79178E-01 3.12247E-01 6.11336E-01 7.51120E-01
 2.21309E+00 1.81298E-01 3.14726E-01 6.13809E-01 7.53213E-01
 2.23872E+00 1.83473E-01 3.17241E-01 6.16293E-01 7.55296E-01
 2.26464E+00 1.85703E-01 3.19795E-01 6.18788E-01 7.57371E-01
 2.29087E+00 1.87993E-01 3.22388E-01 6.21292E-01 7.59436E-01
 2.31739E+00 1.90343E-01 3.25020E-01 6.23808E-01 7.61492E-01
 2.34423E+00 1.92758E-01 3.27693E-01 6.26334E-01 7.63539E-01
 2.37137E+00 1.95238E-01 3.30408E-01 6.28872E-01 7.65578E-01
 2.39883E+00 1.97789E-01 3.33165E-01 6.31419E-01 7.67607E-01
 2.42661E+00 2.00413E-01 3.35965E-01 6.33977E-01 7.69628E-01
 2.45471E+00 2.03069E-01 3.38810E-01 6.36545E-01 7.71641E-01
 2.48313E+00 2.05720E-01 3.41700E-01 6.39123E-01 7.73645E-01
 2.51189E+00 2.08365E-01 3.44637E-01 6.41711E-01 7.75641E-01
 2.54097E+00 2.11003E-01 3.47622E-01 6.44309E-01 7.77630E-01
 2.57040E+00 2.13634E-01 3.50657E-01 6.46916E-01 7.79611E-01
 2.60016E+00 2.16257E-01 3.53742E-01 6.49531E-01 7.81585E-01
 2.63027E+00 2.18871E-01 3.56880E-01 6.52156E-01 7.83552E-01
 2.66073E+00 2.21476E-01 3.60071E-01 6.54788E-01 7.85512E-01
 2.69153E+00 2.24070E-01 3.63318E-01 6.57428E-01 7.87465E-01
 2.72270E+00 2.26653E-01 3.66623E-01 6.60076E-01 7.89413E-01
 2.75423E+00 2.29224E-01 3.69988E-01 6.62730E-01 7.91354E-01
 2.78612E+00 2.31783E-01 3.73414E-01 6.65390E-01 7.93290E-01
 2.81838E+00 2.34328E-01 3.76904E-01 6.68056E-01 7.95221E-01
 2.85102E+00 2.36860E-01 3.80460E-01 6.70727E-01 7.97146E-01
 2.88403E+00 2.39377E-01 3.84085E-01 6.73403E-01 7.99068E-01
 2.91743E+00 2.41880E-01 3.87781E-01 6.76083E-01 8.00985E-01
 2.95121E+00 2.44367E-01 3.91552E-01 6.78766E-01 8.02899E-01
 2.98538E+00 2.46837E-01 3.95400E-01 6.81452E-01 8.04810E-01
 3.01995E+00 2.49291E-01 3.99316E-01 6.84140E-01 8.06717E-01
 3.05492E+00 2.51728E-01 4.03219E-01 6.86830E-01 8.08623E-01
 3.09030E+00 2.54146E-01 4.07093E-01 6.89521E-01 8.10527E-01
 3.12608E+00 2.56547E-01 4.10938E-01 6.92212E-01 8.12430E-01
 3.16228E+00 2.58928E-01 4.14753E-01 6.94903E-01 8.14332E-01
 3.19890E+00 2.61291E-01 4.18537E-01 6.97593E-01 8.16234E-01
 3.23594E+00 2.63634E-01 4.22290E-01 7.00282E-01 8.18136E-01
 3.27341E+00 2.65956E-01 4.26011E-01 7.02969E-01 8.20040E-01
 3.31131E+00 2.68259E-01 4.29698E-01 7.05653E-01 8.21944E-01
 3.34965E+00 2.70540E-01 4.33353E-01 7.08334E-01 8.23850E-01
 3.38844E+00 2.72800E-01 4.36973E-01 7.11011E-01 8.25759E-01
 3.42768E+00 2.75039E-01 4.40559E-01 7.13684E-01 8.27670E-01
 3.46737E+00 2.77255E-01 4.44110E-01 7.16353E-01 8.29583E-01
 3.50752E+00 2.79450E-01 4.47625E-01 7.19016E-01 8.31500E-01
 3.54813E+00 2.81622E-01 4.51104E-01 7.21674E-01 8.33419E-01
 3.58922E+00 2.83772E-01 4.54547E-01 7.24325E-01 8.35342E-01
 3.63078E+00 2.85898E-01 4.57954E-01 7.26970E-01 8.37267E-01
 3.67282E+00 2.88001E-01 4.61323E-01 7.29609E-01 8.39195E-01
 3.71535E+00 2.90082E-01 4.64654E-01 7.32239E-01 8.41125E-01
 3.75837E+00 2.92138E-01 4.67949E-01 7.34863E-01 8.43056E-01
 3.80189E+00 2.94171E-01 4.71205E-01 7.37479E-01 8.44989E-01
 3.84592E+00 2.96180E-01 4.74423E-01 7.40086E-01 8.46923E-01
 3.89045E+00 2.98165E-01 4.77602E-01 7.42685E-01 8.48856E-01
 3.93550E+00 3.00126E-01 4.80743E-01 7.45276E-01 8.50789E-01
 3.98107E+00 3.02062E-01 4.83845E-01 7.47857E-01 8.52720E-01
 4.02717E+00 3.03975E-01 4.86909E-01 7.50430E-01 8.54649E-01
 4.07380E+00 3.05863E-01 4.89933E-01 7.52993E-01 8.56574E-01
 4.12098E+00 3.07727E-01 4.92918E-01 7.55548E-01 8.58495E-01
 4.16869E+00 3.09566E-01 4.95865E-01 7.58092E-01 8.60411E-01
 4.21697E+00 3.11381E-01 4.98772E-01 7.60628E-01 8.62321E-01
 4.26580E+00 3.13171E-01 5.01640E-01 7.63154E-01 8.64225E-01
 4.31519E+00 3.14937E-01 5.04469E-01 7.65671E-01 8.66121E-01
 4.36516E+00 3.16679E-01 5.07258E-01 7.68178E-01 8.68008E-01
 4.41570E+00 3.18396E-01 5.10009E-01 7.70676E-01 8.69886E-01
 4.46684E+00 3.20089E-01 5.12721E-01 7.73165E-01 8.71754E-01
 4.51856E+00 3.21758E-01 5.15394E-01 7.75645E-01 8.73612E-01
 4.57088E+00 3.23403E-01 5.18028E-01 7.78115E-01 8.75458E-01
 4.62381E+00 3.25023E-01 5.20624E-01 7.80577E-01 8.77292E-01
 4.67735E+00 3.26620E-01 5.23182E-01 7.83030E-01 8.79113E-01
 4.73151E+00 3.28192E-01 5.25701E-01 7.85475E-01 8.80921E-01
 4.78630E+00 3.29741E-01 5.28182E-01 7.87911E-01 8.82715E-01
 4.84172E+00 3.31266E-01 5.30625E-01 7.90339E-01 8.84495E-01
 4.89779E+00 3.32768E-01 5.33030E-01 7.92760E-01 8.86260E-01
 4.95450E+00 3.34246E-01 5.35398E-01 7.95173E-01 8.88009E-01
 5.01187E+00 3.35701E-01 5.37729E-01 7.97579E-01 8.89743E-01
 5.06991E+00 3.37134E-01 5.40023E-01 7.99978E-01 8.91460E-01
 5.12861E+00 3.38543E-01 5.42280E-01 8.02370E-01 8.93161E-01
 5.18800E+00 3.39929E-01 5.44501E-01 8.04757E-01 8.94845E-01
 5.24807E+00 3.41293E-01 5.46685E-01 8.07137E-01 8.96512E-01
 5.30884E+00 3.42635E-01 5.48834E-01 8.09513E-01 8.98161E-01
 5.37032E+00 3.43954E-01 5.50948E-01 8.11883E-01 8.99793E-01
 5.43250E+00 3.45251E-01 5.53026E-01 8.14249E-01 9.01406E-01
 5.49541E+00 3.46527E-01 5.55070E-01 8.16611E-01 9.03002E-01
 5.55904E+00 3.47781E-01 5.57078E-01 8.18969E-01 9.04579E-01
 5.62341E+00 3.49014E-01 5.59053E-01 8.21324E-01 9.06137E-01
 5.68853E+00 3.50226E-01 5.60994E-01 8.23677E-01 9.07677E-01
 5.75440E+00 3.51417E-01 5.62902E-01 8.26027E-01 9.09198E-01
 5.82103E+00 3.52587E-01 5.64776E-01 8.28376E-01 9.10700E-01
 5.88844E+00 3.53737E-01 5.66618E-01 8.30723E-01 9.12183E-01
 5.95662E+00 3.54866E-01 5.68427E-01 8.33069E-01 9.13647E-01
 6.02560E+00 3.55976E-01 5.70204E-01 8.35416E-01 9.15092E-01
 6.09537E+00 3.57065E-01 5.71950E-01 8.37763E-01 9.16517E-01
 6.16595E+00 3.58136E-01 5.73664E-01 8.40110E-01 9.17924E-01
 6.23735E+00 3.59187E-01 5.75348E-01 8.42459E-01 9.19312E-01
 6.30957E+00 3.60219E-01 5.77001E-01 8.44810E-01 9.20680E-01
 6.38263E+00 3.61232E-01 5.78624E-01 8.47163E-01 9.22030E-01
 6.45654E+00 3.62227E-01 5.80217E-01 8.49496E-01 9.23360E-01
 6.53131E+00 3.63203E-01 5.81781E-01 8.51785E-01 9.24672E-01
 6.60693E+00 3.64161E-01 5.83316E-01 8.54033E-01 9.25965E-01
 6.68344E+00 3.65102E-01 5.84823E-01 8.56239E-01 9.27239E-01
 6.76083E+00 3.66025E-01 5.86301E-01 8.58404E-01 9.28494E-01
 6.83912E+00 3.66931E-01 5.87752E-01 8.60528E-01 9.29730E-01
 6.91831E+00 3.67819E-01 5.89176E-01 8.62612E-01 9.30948E-01
 6.99842E+00 3.68691E-01 5.90572E-01 8.64657E-01 9.32148E-01
 7.07946E+00 3.69547E-01 5.91942E-01 8.66663E-01 9.33329E-01
 7.16143E+00 3.70386E-01 5.93286E-01 8.68630E-01 9.34493E-01
 7.24436E+00 3.71209E-01 5.94604E-01 8.70560E-01 9.35638E-01
 7.32825E+00 3.72016E-01 5.95897E-01 8.72453E-01 9.36766E-01
 7.41310E+00 3.72807E-01 5.97165E-01 8.74310E-01 9.37875E-01
 7.49894E+00 3.73583E-01 5.98408E-01 8.76130E-01 9.38968E-01
 7.58578E+00 3.74345E-01 5.99628E-01 8.77915E-01 9.40042E-01
 7.67361E+00 3.75091E-01 6.00823E-01 8.79665E-01 9.41100E-01
 7.76247E+00 3.75822E-01 6.01995E-01 8.81381E-01 9.42141E-01
 7.85236E+00 3.76540E-01 6.03144E-01 8.83063E-01 9.43164E-01
 7.94328E+00 3.77243E-01 6.04270E-01 8.84712E-01 9.44172E-01
 8.03526E+00 3.77932E-01 6.05374E-01 8.86328E-01 9.45162E-01
 8.12831E+00 3.78608E-01 6.06456E-01 8.87912E-01 9.46136E-01
 8.22243E+00 3.79270E-01 6.07517E-01 8.89465E-01 9.47095E-01
 8.31764E+00 3.79918E-01 6.08556E-01 8.90987E-01 9.48037E-01
 8.41395E+00 3.80554E-01 6.09574E-01 8.92478E-01 9.48963E-01
 8.51138E+00 3.81177E-01 6.10572E-01 8.93939E-01 9.49874E-01
 8.60994E+00 3.81788E-01 6.11550E-01 8.95371E-01 9.50770E-01
 8.70964E+00 3.82386E-01 6.12508E-01 8.96774E-01 9.51650E-01
 8.81049E+00 3.82972E-01 6.13447E-01 8.98148E-01 9.52515E-01
 8.91251E+00 3.83546E-01 6.14367E-01 8.99494E-01 9.53366E-01
 9.01571E+00 3.84109E-01 6.15268E-01 9.00813E-01 9.54202E-01
 9.12011E+00 3.84659E-01 6.16150E-01 9.02105E-01 9.55024E-01
 9.22571E+00 3.85199E-01 6.17014E-01 9.03371E-01 9.55832E-01
 9.33254E+00 3.85728E-01 6.17861E-01 9.04611E-01 9.56625E-01
 9.44061E+00 3.86245E-01 6.18690E-01 9.05825E-01 9.57405E-01
 9.54993E+00 3.86752E-01 6.19503E-01 9.07014E-01 9.58171E-01
 9.66051E+00 3.87249E-01 6.20298E-01 9.08178E-01 9.58924E-01
 9.77237E+00 3.87735E-01 6.21077E-01 9.09319E-01 9.59664E-01
 9.88553E+00 3.88211E-01 6.21839E-01 9.10435E-01 9.60391E-01
 1.00000E+01 3.88678E-01 6.22586E-01 9.11529E-01 9.61105E-01
 1.01158E+01 3.89134E-01 6.23318E-01 9.12599E-01 9.61807E-01
 1.02329E+01 3.89581E-01 6.24034E-01 9.13648E-01 9.62496E-01
 1.03514E+01 3.90019E-01 6.24735E-01 9.14674E-01 9.63173E-01
 1.04713E+01 3.90447E-01 6.25421E-01 9.15679E-01 9.63838E-01
 1.05925E+01 3.90867E-01 6.26093E-01 9.16662E-01 9.64491E-01
 1.07152E+01 3.91277E-01 6.26750E-01 9.17625E-01 9.65133E-01
 1.08393E+01 3.91679E-01 6.27394E-01 9.18568E-01 9.65763E-01
 1.09648E+01 3.92073E-01 6.28025E-01 9.19491E-01 9.66382E-01
 1.10917E+01 3.92458E-01 6.28641E-01 9.20394E-01 9.66990E-01
 1.12202E+01 3.92835E-01 6.29245E-01 9.21278E-01 9.67588E-01
 1.13501E+01 3.93204E-01 6.29836E-01 9.22143E-01 9.68174E-01
 1.14815E+01 3.93565E-01 6.30415E-01 9.22990E-01 9.68751E-01
 1.16145E+01 3.93918E-01 6.30981E-01 9.23819E-01 9.69316E-01
 1.17490E+01 3.94264E-01 6.31535E-01 9.24630E-01 9.69872E-01
 1.18850E+01 3.94603E-01 6.32077E-01 9.25424E-01 9.70418E-01
 1.20226E+01 3.94934E-01 6.32608E-01 9.26201E-01 9.70954E-01
 1.21619E+01 3.95258E-01 6.33127E-01 9.26961E-01 9.71481E-01
 1.23027E+01 3.95575E-01 6.33635E-01 9.27705E-01 9.71998E-01
 1.24451E+01 3.95886E-01 6.34132E-01 9.28433E-01 9.72506E-01
 1.25893E+01 3.96189E-01 6.34619E-01 9.29145E-01 9.73005E-01
 1.27350E+01 3.96487E-01 6.35095E-01 9.29842E-01 9.73495E-01
 1.28825E+01 3.96777E-01 6.35561E-01 9.30524E-01 9.73976E-01
 1.30317E+01 3.97062E-01 6.36016E-01 9.31191E-01 9.74449E-01
 1.31826E+01 3.97340E-01 6.36462E-01 9.31844E-01 9.74913E-01
 1.33352E+01 3.97612E-01 6.36898E-01 9.32483E-01 9.75369E-01
 1.34896E+01 3.97879E-01 6.37325E-01 9.33108E-01 9.75817E-01
 1.36458E+01 3.98140E-01 6.37743E-01 9.33719E-01 9.76257E-01
 1.38038E+01 3.98395E-01 6.38151E-01 9.34317E-01 9.76690E-01
 1.39637E+01 3.98644E-01 6.38550E-01 9.34902E-01 9.77114E-01
 1.41254E+01 3.98888E-01 6.38941E-01 9.35474E-01 9.77531E-01
 1.42889E+01 3.99127E-01 6.39324E-01 9.36034E-01 9.77941E-01
 1.44544E+01 3.99360E-01 6.39698E-01 9.36581E-01 9.78343E-01
 1.46218E+01 3.99588E-01 6.40063E-01 9.37117E-01 9.78738E-01
 1.47911E+01 3.99812E-01 6.40421E-01 9.37641E-01 9.79127E-01
 1.49624E+01 4.00030E-01 6.40771E-01 9.38153E-01 9.79508E-01
 1.51356E+01 4.00244E-01 6.41114E-01 9.38654E-01 9.79883E-01
 1.53109E+01 4.00453E-01 6.41448E-01 9.39145E-01 9.80251E-01
 1.54882E+01 4.00658E-01 6.41776E-01 9.39624E-01 9.80613E-01
 1.56675E+01 4.00858E-01 6.42096E-01 9.40093E-01 9.80968E-01
 1.58489E+01 4.01053E-01 6.42409E-01 9.40552E-01 9.81318E-01
 1.60325E+01 4.01244E-01 6.42716E-01 9.41000E-01 9.81661E-01
 1.62181E+01 4.01431E-01 6.43016E-01 9.41439E-01 9.81998E-01
 1.64059E+01 4.01614E-01 6.43309E-01 9.41868E-01 9.82329E-01
 1.65959E+01 4.01793E-01 6.43595E-01 9.42288E-01 9.82655E-01
 1.67880E+01 4.01968E-01 6.43875E-01 9.42698E-01 9.82975E-01
 1.69824E+01 4.02139E-01 6.44149E-01 9.43099E-01 9.83289E-01
 1.71791E+01 4.02307E-01 6.44417E-01 9.43492E-01 9.83598E-01
 1.73780E+01 4.02470E-01 6.44680E-01 9.43875E-01 9.83902E-01
 1.75792E+01 4.02630E-01 6.44936E-01 9.44251E-01 9.84200E-01
 1.77828E+01 4.02787E-01 6.45187E-01 9.44618E-01 9.84493E-01
 1.79887E+01 4.02940E-01 6.45432E-01 9.44976E-01 9.84782E-01
 1.81970E+01 4.03089E-01 6.45671E-01 9.45327E-01 9.85065E-01
 1.84077E+01 4.03236E-01 6.45906E-01 9.45670E-01 9.85343E-01
 1.86209E+01 4.03379E-01 6.46135E-01 9.46006E-01 9.85617E-01
 1.88365E+01 4.03519E-01 6.46359E-01 9.46334E-01 9.85886E-01
 1.90546E+01 4.03655E-01 6.46578E-01 9.46655E-01 9.86151E-01
 1.92752E+01 4.03789E-01 6.46792E-01 9.46968E-01 9.86411E-01
 1.94984E+01 4.03920E-01 6.47002E-01 9.47275E-01 9.86666E-01
 1.97242E+01 4.04048E-01 6.47206E-01 9.47575E-01 9.86918E-01
 1.99526E+01 4.04173E-01 6.47407E-01 9.47868E-01 9.87165E-01
 2.01837E+01 4.04295E-01 6.47602E-01 9.48155E-01 9.87407E-01
 2.04174E+01 4.04414E-01 6.47794E-01 9.48435E-01 9.87646E-01
 2.06538E+01 4.04531E-01 6.47981E-01 9.48709E-01 9.87881E-01
 2.08930E+01 4.04645E-01 6.48164E-01 9.48977E-01 9.88112E-01
 2.11349E+01 4.04757E-01 6.48343E-01 9.49239E-01 9.88339E-01
 2.13796E+01 4.04866E-01 6.48518E-01 9.49495E-01 9.88562E-01
 2.16272E+01 4.04973E-01 6.48689E-01 9.49745E-01 9.88781E-01
 2.18776E+01 4.05077E-01 6.48856E-01 9.49990E-01 9.88997E-01
 2.21309E+01 4.05179E-01 6.49019E-01 9.50229E-01 9.89209E-01
 2.23872E+01 4.05279E-01 6.49179E-01 9.50463E-01 9.89418E-01
 2.26464E+01 4.05377E-01 6.49335E-01 9.50692E-01 9.89623E-01
 2.29087E+01 4.05472E-01 6.49488E-01 9.50915E-01 9.89825E-01
 2.31739E+01 4.05565E-01 6.49637E-01 9.51134E-01 9.90023E-01
 2.34423E+01 4.05656E-01 6.49783E-01 9.51347E-01 9.90218E-01
 2.37137E+01 4.05745E-01 6.49926E-01 9.51556E-01 9.90410E-01
 2.39883E+01 4.05833E-01 6.50065E-01 9.51761E-01 9.90599E-01
 2.42661E+01 4.05918E-01 6.50202E-01 9.51960E-01 9.90784E-01
 2.45471E+01 4.06001E-01 6.50335E-01 9.52155E-01 9.90967E-01
 2.48313E+01 4.06082E-01 6.50465E-01 9.52346E-01 9.91146E-01
 2.51189E+01 4.06162E-01 6.50593E-01 9.52533E-01 9.91323E-01
 2.54097E+01 4.06239E-01 6.50717E-01 9.52715E-01 9.91497E-01
 2.57040E+01 4.06315E-01 6.50839E-01 9.52893E-01 9.91667E-01
 2.60016E+01 4.06390E-01 6.50958E-01 9.53067E-01 9.91835E-01
 2.63027E+01 4.06462E-01 6.51074E-01 9.53238E-01 9.92001E-01
 2.66073E+01 4.06533E-01 6.51188E-01 9.53404E-01 9.92163E-01
 2.69153E+01 4.06603E-01 6.51299E-01 9.53567E-01 9.92323E-01
 2.72270E+01 4.06671E-01 6.51408E-01 9.53726E-01 9.92480E-01
 2.75423E+01 4.06737E-01 6.51514E-01 9.53881E-01 9.92635E-01
 2.78612E+01 4.06802E-01 6.51618E-01 9.54033E-01 9.92787E-01
 2.81838E+01 4.06865E-01 6.51719E-01 9.54182E-01 9.92936E-01
 2.85102E+01 4.06927E-01 6.51818E-01 9.54327E-01 9.93083E-01
 2.88403E+01 4.06987E-01 6.51915E-01 9.54469E-01 9.93228E-01
 2.91743E+01 4.07047E-01 6.52010E-01 9.54608E-01 9.93370E-01
 2.95121E+01 4.07104E-01 6.52103E-01 9.54743E-01 9.93510E-01
 2.98538E+01 4.07161E-01 6.52193E-01 9.54876E-01 9.93648E-01
 3.01995E+01 4.07216E-01 6.52282E-01 9.55006E-01 9.93783E-01
 3.05492E+01 4.07270E-01 6.52368E-01 9.55132E-01 9.93914E-01
 3.09030E+01 4.07323E-01 6.52453E-01 9.55256E-01 9.94043E-01
 3.12608E+01 4.07375E-01 6.52535E-01 9.55377E-01 9.98200E-01
 3.16228E+01 4.07425E-01 6.52616E-01 9.55495E-01 1.00371E+00
 3.19890E+01 4.07474E-01 6.52695E-01 9.55611E-01 1.00913E+00
 3.23594E+01 4.07523E-01 6.52772E-01 9.55724E-01 1.01434E+00
 3.27341E+01 4.07570E-01 6.52848E-01 9.55834E-01 1.01942E+00
 3.31131E+01 4.07616E-01 6.52921E-01 9.55942E-01 1.02432E+00
 3.34965E+01 4.07661E-01 6.52994E-01 9.56048E-01 1.02903E+00
 3.38844E+01 4.07705E-01 6.53064E-01 9.56151E-01 1.03361E+00
 3.42768E+01 4.07748E-01 6.53133E-01 9.56252E-01 1.03793E+00
 3.46737E+01 4.07790E-01 6.53200E-01 9.56350E-01 1.04218E+00
 3.50752E+01 4.07831E-01 6.53266E-01 9.56447E-01 1.04611E+00
 3.54813E+01 4.07871E-01 6.53330E-01 9.56541E-01 1.05000E+00
 3.58922E+01 4.07910E-01 6.53393E-01 9.56633E-01 1.05359E+00
 3.63078E+01 4.07948E-01 6.53454E-01 9.56723E-01 1.05703E+00
 3.67282E+01 4.07986E-01 6.53514E-01 9.56810E-01 1.06028E+00
 3.71535E+01 4.08022E-01 6.53573E-01 9.56896E-01 1.06325E+00
 3.75837E+01 4.08058E-01 6.53630E-01 9.56980E-01 1.06615E+00
 3.80189E+01 4.08093E-01 6.53686E-01 9.57062E-01 1.06872E+00
 3.84592E+01 4.08127E-01 6.53741E-01 9.57143E-01 1.07118E+00
 3.89045E+01 4.08161E-01 6.53795E-01 9.57221E-01 1.07339E+00
 3.93550E+01 4.08194E-01 6.53847E-01 9.57298E-01 1.07532E+00
 3.98107E+01 4.08225E-01 6.53898E-01 9.57372E-01 1.07718E+00
 4.02717E+01 4.08257E-01 6.53948E-01 9.57446E-01 1.07870E+00
 4.07380E+01 4.08287E-01 6.53997E-01 9.57517E-01 1.08007E+00
 4.12098E+01 4.08317E-01 6.54045E-01 9.57587E-01 1.08123E+00
 4.16869E+01 4.08346E-01 6.54092E-01 9.57655E-01 1.08205E+00
 4.21697E+01 4.08375E-01 6.54137E-01 9.57722E-01 1.08285E+00
 4.26580E+01 4.08402E-01 6.54182E-01 9.57787E-01 1.08331E+00
 4.31519E+01 4.08430E-01 6.54225E-01 9.57851E-01 1.08352E+00
 4.36516E+01 4.08456E-01 6.54268E-01 9.57914E-01 1.08363E+00
 4.41570E+01 4.08482E-01 6.54309E-01 9.57974E-01 1.08339E+00
 4.46684E+01 4.08508E-01 6.54350E-01 9.58034E-01 1.08299E+00
 4.51856E+01 4.08532E-01 6.54390E-01 9.58092E-01 1.08241E+00
 4.57088E+01 4.08557E-01 6.54429E-01 9.58149E-01 1.08149E+00
 4.62381E+01 4.08580E-01 6.54467E-01 9.58205E-01 1.08047E+00
 4.67735E+01 4.08603E-01 6.54504E-01 9.58259E-01 1.07921E+00
 4.73151E+01 4.08626E-01 6.54540E-01 9.58312E-01 1.07761E+00
 4.78630E+01 4.08648E-01 6.54575E-01 9.58364E-01 1.07597E+00
 4.84172E+01 4.08670E-01 6.54610E-01 9.58415E-01 1.07405E+00
 4.89779E+01 4.08691E-01 6.54644E-01 9.58464E-01 1.07179E+00
 4.95450E+01 4.08712E-01 6.54677E-01 9.58513E-01 1.06953E+00
 5.01187E+01 4.08732E-01 6.54709E-01 9.58560E-01 1.06697E+00
 5.06991E+01 4.08752E-01 6.54741E-01 9.58606E-01 1.06407E+00
 5.12861E+01 4.08771E-01 6.54772E-01 9.58651E-01 1.06119E+00
 5.18800E+01 4.08790E-01 6.54802E-01 9.58696E-01 1.05800E+00
 5.24807E+01 4.08808E-01 6.54832E-01 9.58739E-01 1.05450E+00
 5.30884E+01 4.08826E-01 6.54860E-01 9.58781E-01 1.05100E+00
 5.37032E+01 4.08844E-01 6.54889E-01 9.58822E-01 1.04722E+00
 5.43250E+01 4.08861E-01 6.54916E-01 9.58863E-01 1.04314E+00
 5.49541E+01 4.08878E-01 6.54943E-01 9.58902E-01 1.03903E+00
 5.55904E+01 4.08894E-01 6.54969E-01 9.58941E-01 1.03469E+00
 5.62341E+01 4.08910E-01 6.54995E-01 9.58978E-01 1.03006E+00
 5.68853E+01 4.08926E-01 6.55020E-01 9.59015E-01 1.02536E+00
 5.75440E+01 4.08941E-01 6.55045E-01 9.59051E-01 1.02050E+00
 5.82103E+01 4.08956E-01 6.55069E-01 9.59086E-01 1.01535E+00
 5.88844E+01 4.08971E-01 6.55092E-01 9.59120E-01 1.01008E+00
 5.95662E+01 4.08985E-01 6.55115E-01 9.59154E-01 1.00472E+00
 6.02560E+01 4.08999E-01 6.55137E-01 9.59187E-01 9.99096E-01
 6.09537E+01 4.09013E-01 6.55159E-01 9.59219E-01 9.98167E-01
 6.16595E+01 4.09026E-01 6.55181E-01 9.59250E-01 9.98199E-01
 6.23735E+01 4.09039E-01 6.55202E-01 9.59281E-01 9.98231E-01
 6.30957E+01 4.09052E-01 6.55222E-01 9.59311E-01 9.98262E-01
 6.38263E+01 4.09064E-01 6.55242E-01 9.59340E-01 9.98293E-01
 6.45654E+01 4.09077E-01 6.55261E-01 9.59368E-01 9.98323E-01
 6.53131E+01 4.09088E-01 6.55281E-01 9.59396E-01 9.98352E-01
 6.60693E+01 4.09100E-01 6.55299E-01 9.59424E-01 9.98380E-01
 6.68344E+01 4.09111E-01 6.55317E-01 9.59450E-01 9.98408E-01
 6.76083E+01 4.09123E-01 6.55335E-01 9.59476E-01 9.98435E-01
 6.83912E+01 4.09133E-01 6.55353E-01 9.59502E-01 9.98461E-01
 6.91831E+01 4.09144E-01 6.55370E-01 9.59527E-01 9.98487E-01
 6.99842E+01 4.09154E-01 6.55386E-01 9.59551E-01 9.98513E-01
 7.07946E+01 4.09165E-01 6.55402E-01 9.59575E-01 9.98537E-01
 7.16143E+01 4.09174E-01 6.55418E-01 9.59598E-01 9.98561E-01
 7.24436E+01 4.09184E-01 6.55434E-01 9.59621E-01 9.98585E-01
 7.32825E+01 4.09194E-01 6.55449E-01 9.59643E-01 9.98608E-01
 7.41310E+01 4.09203E-01 6.55464E-01 9.59664E-01 9.98631E-01
 7.49894E+01 4.09212E-01 6.55478E-01 9.59686E-01 9.98653E-01
 7.58578E+01 4.09221E-01 6.55492E-01 9.59706E-01 9.98674E-01
 7.67361E+01 4.09229E-01 6.55506E-01 9.59727E-01 9.98695E-01
 7.76247E+01 4.09238E-01 6.55520E-01 9.59746E-01 9.98716E-01
 7.85236E+01 4.09246E-01 6.55533E-01 9.59766E-01 9.98736E-01
 7.94328E+01 4.09254E-01 6.55546E-01 9.59785E-01 9.98756E-01
 8.03526E+01 4.09262E-01 6.55558E-01 9.59803E-01 9.98775E-01
 8.12831E+01 4.09270E-01 6.55571E-01 9.59821E-01 9.98794E-01
 8.22243E+01 4.09277E-01 6.55583E-01 9.59839E-01 9.98812E-01
 8.31764E+01 4.09284E-01 6.55595E-01 9.59856E-01 9.98830E-01
 8.41395E+01 4.09292E-01 6.55606E-01 9.59873E-01 9.98847E-01
 8.51138E+01 4.09299E-01 6.55617E-01 9.59889E-01 9.98865E-01
 8.60994E+01 4.09305E-01 6.55628E-01 9.59905E-01 9.98881E-01
 8.70964E+01 4.09312E-01 6.55639E-01 9.59921E-01 9.98898E-01
 8.81049E+01 4.09319E-01 6.55649E-01 9.59936E-01 9.98914E-01
 8.91251E+01 4.09325E-01 6.55660E-01 9.59951E-01 9.98929E-01
 9.01571E+01 4.09331E-01 6.55670E-01 9.59966E-01 9.98945E-01
 9.12011E+01 4.09338E-01 6.55680E-01 9.59980E-01 9.98959E-01
 9.22571E+01 4.09343E-01 6.55689E-01 9.59994E-01 9.98974E-01
 9.33254E+01 4.09349E-01 6.55698E-01 9.60008E-01 9.98988E-01
 9.44061E+01 4.09355E-01 6.55708E-01 9.60021E-01 9.99002E-01
 9.54993E+01 4.09361E-01 6.55717E-01 9.60035E-01 9.99016E-01
 9.66051E+01 4.09366E-01 6.55725E-01 9.60047E-01 9.99029E-01
 9.77237E+01 4.09371E-01 6.55734E-01 9.60060E-01 9.99042E-01
 9.88553E+01 4.09377E-01 6.55742E-01 9.60072E-01 9.99055E-01
 1.00000E+02 4.09382E-01 6.55750E-01 9.60084E-01 9.99067E-01
