 1.00000E-02 3.67958E-02 5.97928E-02 9.40819E-02 9.92391E-02
 2.00000E-02 3.98450E-02 6.51259E-02 1.04012E-01 1.10209E-01
 3.00000E-02 4.30386E-02 7.07230E-02 1.14689E-01 1.22076E-01
 4.00000E-02 4.63662E-02 7.65242E-02 1.26006E-01 1.34892E-01
 5.00000E-02 4.98059E-02 8.24833E-02 1.37833E-01 1.48606E-01
 6.00000E-02 5.33355E-02 8.85512E-02 1.50032E-01 1.63182E-01
 7.00000E-02 5.69339E-02 9.46941E-02 1.62428E-01 1.78558E-01
 8.00000E-02 6.05867E-02 1.00875E-01 1.74877E-01 1.94630E-01
 9.00000E-02 6.42794E-02 1.07065E-01 1.87241E-01 2.11184E-01
 1.00000E-01 6.80006E-02 1.13244E-01 1.99428E-01 2.27755E-01
 1.10000E-01 7.17397E-02 1.19396E-01 2.11372E-01 2.43900E-01
 1.20000E-01 7.54904E-02 1.25507E-01 2.23038E-01 2.59454E-01
 1.30000E-01 7.92446E-02 1.31568E-01 2.34402E-01 2.74385E-01
 1.40000E-01 8.29968E-02 1.37571E-01 2.45451E-01 2.88706E-01
 1.50000E-01 8.67425E-02 1.43513E-01 2.56190E-01 3.02439E-01
 1.60000E-01 9.04775E-02 1.49386E-01 2.66616E-01 3.15611E-01
 1.70000E-01 9.41992E-02 1.55192E-01 2.76739E-01 3.28255E-01
 1.80000E-01 9.79044E-02 1.60925E-01 2.86563E-01 3.40396E-01
 1.90000E-01 1.01590E-01 1.66587E-01 2.96103E-01 3.52059E-01
 2.00000E-01 1.05255E-01 1.72174E-01 3.05362E-01 3.63272E-01
 2.10000E-01 1.08898E-01 1.77689E-01 3.14357E-01 3.74059E-01
 2.20000E-01 1.12516E-01 1.83130E-01 3.23093E-01 3.84438E-01
 2.30000E-01 1.16108E-01 1.88497E-01 3.31581E-01 3.94437E-01
 2.40000E-01 1.19673E-01 1.93792E-01 3.39832E-01 4.04069E-01
 2.50000E-01 1.23211E-01 1.99014E-01 3.47852E-01 4.13357E-01
 2.60000E-01 1.26720E-01 2.04165E-01 3.55655E-01 4.22315E-01
 2.70000E-01 1.30199E-01 2.09244E-01 3.63245E-01 4.30961E-01
 2.80000E-01 1.33648E-01 2.14254E-01 3.70634E-01 4.39310E-01
 2.90000E-01 1.37066E-01 2.19194E-01 3.77827E-01 4.47375E-01
 3.00000E-01 1.40453E-01 2.24065E-01 3.84832E-01 4.55172E-01
 3.10000E-01 1.43809E-01 2.28869E-01 3.91658E-01 4.62709E-01
 3.20000E-01 1.47131E-01 2.33606E-01 3.98310E-01 4.70003E-01
 3.30000E-01 1.50422E-01 2.38277E-01 4.04796E-01 4.77061E-01
 3.40000E-01 1.53680E-01 2.42883E-01 4.11121E-01 4.83896E-01
 3.50000E-01 1.56905E-01 2.47425E-01 4.17290E-01 4.90515E-01
 3.60000E-01 1.60096E-01 2.51905E-01 4.23312E-01 4.96931E-01
 3.70000E-01 1.63255E-01 2.56321E-01 4.29189E-01 5.03149E-01
 3.80000E-01 1.66380E-01 2.60677E-01 4.34928E-01 5.09180E-01
 3.90000E-01 1.69471E-01 2.64971E-01 4.40534E-01 5.15031E-01
 4.00000E-01 1.72529E-01 2.69207E-01 4.46009E-01 5.20709E-01
 4.10000E-01 1.75554E-01 2.73383E-01 4.51362E-01 5.26221E-01
 4.20000E-01 1.78545E-01 2.77502E-01 4.56593E-01 5.31575E-01
 4.30000E-01 1.81502E-01 2.81564E-01 4.61708E-01 5.36775E-01
 4.40000E-01 1.84427E-01 2.85569E-01 4.66711E-01 5.41828E-01
 4.50000E-01 1.87317E-01 2.89519E-01 4.71605E-01 5.46741E-01
 4.60000E-01 1.90175E-01 2.93415E-01 4.76394E-01 5.51517E-01
 4.70000E-01 1.93000E-01 2.97257E-01 4.81081E-01 5.56164E-01
 4.80000E-01 1.95792E-01 3.01045E-01 4.85670E-01 5.60684E-01
 4.90000E-01 1.98552E-01 3.04782E-01 4.90163E-01 5.65083E-01
 5.00000E-01 2.01279E-01 3.08467E-01 4.94564E-01 5.69365E-01
 5.10000E-01 2.03973E-01 3.12102E-01 4.98875E-01 5.73534E-01
 5.20000E-01 2.06636E-01 3.15687E-01 5.03099E-01 5.77596E-01
 5.30000E-01 2.09267E-01 3.19223E-01 5.07239E-01 5.81552E-01
 5.40000E-01 2.11866E-01 3.22710E-01 5.11297E-01 5.85407E-01
 5.50000E-01 2.14434E-01 3.26150E-01 5.15275E-01 5.89165E-01
 5.60000E-01 2.16971E-01 3.29543E-01 5.19177E-01 5.92829E-01
 5.70000E-01 2.19477E-01 3.32890E-01 5.23003E-01 5.96401E-01
 5.80000E-01 2.21953E-01 3.36191E-01 5.26757E-01 5.99885E-01
 5.90000E-01 2.24398E-01 3.39448E-01 5.30439E-01 6.03285E-01
 6.00000E-01 2.26813E-01 3.42660E-01 5.34054E-01 6.06601E-01
 6.10000E-01 2.29199E-01 3.45829E-01 5.37601E-01 6.09839E-01
 6.20000E-01 2.31555E-01 3.48956E-01 5.41083E-01 6.12999E-01
 6.30000E-01 2.33883E-01 3.52040E-01 5.44502E-01 6.16085E-01
 6.40000E-01 2.36181E-01 3.55083E-01 5.47860E-01 6.19098E-01
 6.50000E-01 2.38452E-01 3.58085E-01 5.51157E-01 6.22042E-01
 6.60000E-01 2.40694E-01 3.61047E-01 5.54396E-01 6.24918E-01
 6.70000E-01 2.42908E-01 3.63969E-01 5.57579E-01 6.27728E-01
 6.80000E-01 2.45095E-01 3.66853E-01 5.60706E-01 6.30474E-01
 6.90000E-01 2.47254E-01 3.69698E-01 5.63779E-01 6.33159E-01
 7.00000E-01 2.49387E-01 3.72506E-01 5.66799E-01 6.35784E-01
 7.10000E-01 2.51493E-01 3.75276E-01 5.69768E-01 6.38350E-01
 7.20000E-01 2.53573E-01 3.78010E-01 5.72687E-01 6.40860E-01
 7.30000E-01 2.55627E-01 3.80708E-01 5.75558E-01 6.43316E-01
 7.40000E-01 2.57655E-01 3.83371E-01 5.78380E-01 6.45719E-01
 7.50000E-01 2.59659E-01 3.85999E-01 5.81157E-01 6.48069E-01
 7.60000E-01 2.61637E-01 3.88592E-01 5.83888E-01 6.50370E-01
 7.70000E-01 2.63590E-01 3.91152E-01 5.86575E-01 6.52622E-01
 7.80000E-01 2.65519E-01 3.93679E-01 5.89218E-01 6.54827E-01
 7.90000E-01 2.67425E-01 3.96172E-01 5.91820E-01 6.56986E-01
 8.00000E-01 2.69306E-01 3.98634E-01 5.94381E-01 6.59101E-01
 8.10000E-01 2.71164E-01 4.01064E-01 5.96901E-01 6.61172E-01
 8.20000E-01 2.72999E-01 4.03463E-01 5.99382E-01 6.63201E-01
 8.30000E-01 2.74811E-01 4.05831E-01 6.01825E-01 6.65189E-01
 8.40000E-01 2.76601E-01 4.08169E-01 6.04230E-01 6.67137E-01
 8.50000E-01 2.78368E-01 4.10477E-01 6.06598E-01 6.69046E-01
 8.60000E-01 2.80114E-01 4.12756E-01 6.08931E-01 6.70917E-01
 8.70000E-01 2.81838E-01 4.15006E-01 6.11228E-01 6.72752E-01
 8.80000E-01 2.83541E-01 4.17227E-01 6.13492E-01 6.74552E-01
 8.90000E-01 2.85222E-01 4.19421E-01 6.15722E-01 6.76316E-01
 9.00000E-01 2.86883E-01 4.21588E-01 6.17919E-01 6.78047E-01
 9.10000E-01 2.88523E-01 4.23727E-01 6.20084E-01 6.79745E-01
 9.20000E-01 2.90144E-01 4.25839E-01 6.22217E-01 6.81411E-01
 9.30000E-01 2.91744E-01 4.27926E-01 6.24320E-01 6.83046E-01
 9.40000E-01 2.93325E-01 4.29986E-01 6.26393E-01 6.84650E-01
 9.50000E-01 2.94886E-01 4.32021E-01 6.28436E-01 6.86226E-01
 9.60000E-01 2.96428E-01 4.34031E-01 6.30451E-01 6.87772E-01
 9.70000E-01 2.97952E-01 4.36017E-01 6.32437E-01 6.89291E-01
 9.80000E-01 2.99457E-01 4.37978E-01 6.34396E-01 6.90783E-01
 9.90000E-01 3.00943E-01 4.39916E-01 6.36327E-01 6.92248E-01
 1.00000E+00 3.02412E-01 4.41829E-01 6.38233E-01 6.93687E-01
 1.01158E+00 3.04090E-01 4.44017E-01 6.40406E-01 6.95323E-01
 1.02329E+00 3.05764E-01 4.46198E-01 6.42570E-01 6.96945E-01
 1.03514E+00 3.07433E-01 4.48374E-01 6.44725E-01 6.98553E-01
 1.04713E+00 3.09097E-01 4.50543E-01 6.46870E-01 7.00147E-01
 1.05925E+00 3.10756E-01 4.52706E-01 6.49005E-01 7.01728E-01
 1.07152E+00 3.12410E-01 4.54863E-01 6.51131E-01 7.03296E-01
 1.08393E+00 3.14059E-01 4.57012E-01 6.53247E-01 7.04850E-01
 1.09648E+00 3.15702E-01 4.59155E-01 6.55353E-01 7.06392E-01
 1.10917E+00 3.17339E-01 4.61291E-01 6.57449E-01 7.07922E-01
 1.12202E+00 3.18970E-01 4.63419E-01 6.59534E-01 7.09440E-01
 1.13501E+00 3.20594E-01 4.65539E-01 6.61610E-01 7.10946E-01
 1.14815E+00 3.22213E-01 4.67652E-01 6.63676E-01 7.12441E-01
 1.16145E+00 3.23824E-01 4.69757E-01 6.65731E-01 7.13925E-01
 1.17490E+00 3.25429E-01 4.71853E-01 6.67776E-01 7.15399E-01
 1.18850E+00 3.27027E-01 4.73941E-01 6.69811E-01 7.16863E-01
 1.20226E+00 3.28618E-01 4.76021E-01 6.71836E-01 7.18317E-01
 1.21619E+00 3.30202E-01 4.78092E-01 6.73850E-01 7.19763E-01
 1.23027E+00 3.31778E-01 4.80153E-01 6.75854E-01 7.21201E-01
 1.24451E+00 3.33346E-01 4.82206E-01 6.77847E-01 7.22631E-01
 1.25893E+00 3.34907E-01 4.84250E-01 6.79830E-01 7.24053E-01
 1.27350E+00 3.36460E-01 4.86283E-01 6.81802E-01 7.25469E-01
 1.28825E+00 3.38004E-01 4.88308E-01 6.83764E-01 7.26879E-01
 1.30317E+00 3.39541E-01 4.90322E-01 6.85715E-01 7.28282E-01
 1.31826E+00 3.41069E-01 4.92327E-01 6.87656E-01 7.29680E-01
 1.33352E+00 3.42589E-01 4.94321E-01 6.89586E-01 7.31073E-01
 1.34896E+00 3.44100E-01 4.96306E-01 6.91505E-01 7.32462E-01
 1.36458E+00 3.45602E-01 4.98280E-01 6.93414E-01 7.33845E-01
 1.38038E+00 3.47096E-01 5.00243E-01 6.95312E-01 7.35224E-01
 1.39637E+00 3.48580E-01 5.02195E-01 6.97200E-01 7.36599E-01
 1.41254E+00 3.50056E-01 5.04137E-01 6.99077E-01 7.37969E-01
 1.42889E+00 3.51522E-01 5.06068E-01 7.00943E-01 7.39336E-01
 1.44544E+00 3.52979E-01 5.07988E-01 7.02799E-01 7.40698E-01
 1.46218E+00 3.54426E-01 5.09896E-01 7.04644E-01 7.42057E-01
 1.47911E+00 3.55864E-01 5.11794E-01 7.06478E-01 7.43411E-01
 1.49624E+00 3.57292E-01 5.13680E-01 7.08302E-01 7.44762E-01
 1.51356E+00 3.58776E-01 5.15554E-01 7.10116E-01 7.46108E-01
 1.53109E+00 3.60698E-01 5.17417E-01 7.11918E-01 7.47451E-01
 1.54882E+00 3.62598E-01 5.19268E-01 7.13710E-01 7.48789E-01
 1.56675E+00 3.64475E-01 5.21107E-01 7.15492E-01 7.50123E-01
 1.58489E+00 3.66330E-01 5.22934E-01 7.17264E-01 7.51453E-01
 1.60325E+00 3.68163E-01 5.24750E-01 7.19025E-01 7.52779E-01
 1.62181E+00 3.69974E-01 5.26779E-01 7.20775E-01 7.54100E-01
 1.64059E+00 3.71762E-01 5.29325E-01 7.22515E-01 7.55417E-01
 1.65959E+00 3.73528E-01 5.31840E-01 7.24245E-01 7.56730E-01
 1.67880E+00 3.75273E-01 5.34324E-01 7.25965E-01 7.58037E-01
 1.69824E+00 3.76995E-01 5.36776E-01 7.27674E-01 7.59341E-01
 1.71791E+00 3.78696E-01 5.39198E-01 7.29373E-01 7.60640E-01
 1.73780E+00 3.80375E-01 5.41588E-01 7.31062E-01 7.61934E-01
 1.75792E+00 3.82033E-01 5.43949E-01 7.32741E-01 7.63223E-01
 1.77828E+00 3.83669E-01 5.46278E-01 7.34410E-01 7.64507E-01
 1.79887E+00 3.85284E-01 5.48578E-01 7.36069E-01 7.65787E-01
 1.81970E+00 3.86878E-01 5.50848E-01 7.37718E-01 7.67062E-01
 1.84077E+00 3.88451E-01 5.53088E-01 7.39358E-01 7.68331E-01
 1.86209E+00 3.90004E-01 5.55298E-01 7.40987E-01 7.69596E-01
 1.88365E+00 3.91536E-01 5.57479E-01 7.42607E-01 7.70856E-01
 1.90546E+00 3.93047E-01 5.59631E-01 7.44870E-01 7.72111E-01
 1.92752E+00 3.94538E-01 5.61755E-01 7.47696E-01 7.73361E-01
 1.94984E+00 3.96010E-01 5.63850E-01 7.50484E-01 7.74605E-01
 1.97242E+00 3.97462E-01 5.65917E-01 7.53235E-01 7.76059E-01
 1.99526E+00 3.98894E-01 5.67956E-01 7.55949E-01 7.78855E-01
 2.01837E+00 4.00306E-01 5.69967E-01 7.58626E-01 7.81614E-01
 2.04174E+00 4.01700E-01 5.71951E-01 7.61267E-01 7.84334E-01
 2.06538E+00 4.03074E-01 5.73908E-01 7.63872E-01 7.87018E-01
 2.08930E+00 4.04430E-01 5.75839E-01 7.66441E-01 7.89665E-01
 2.11349E+00 4.05767E-01 5.77742E-01 7.68975E-01 7.92276E-01
 2.13796E+00 4.07086E-01 5.79620E-01 7.71474E-01 7.94851E-01
 2.16272E+00 4.08386E-01 5.81472E-01 7.73939E-01 7.97390E-01
 2.18776E+00 4.09669E-01 5.83298E-01 7.76370E-01 7.99895E-01
 2.21309E+00 4.10934E-01 5.85099E-01 7.78767E-01 8.02365E-01
 2.23872E+00 4.12182E-01 5.86876E-01 7.81131E-01 8.04801E-01
 2.26464E+00 4.13412E-01 5.88627E-01 7.83463E-01 8.07203E-01
 2.29087E+00 4.14625E-01 5.90355E-01 7.85762E-01 8.09572E-01
 2.31739E+00 4.15821E-01 5.92058E-01 7.88030E-01 8.11908E-01
 2.34423E+00 4.17001E-01 5.93738E-01 7.90265E-01 8.14211E-01
 2.37137E+00 4.18165E-01 5.95395E-01 7.92470E-01 8.16483E-01
 2.39883E+00 4.19312E-01 5.97028E-01 7.94645E-01 8.18723E-01
 2.42661E+00 4.20443E-01 5.98639E-01 7.96789E-01 8.20932E-01
 2.45471E+00 4.21559E-01 6.00228E-01 7.98903E-01 8.23111E-01
 2.48313E+00 4.22659E-01 6.01794E-01 8.00988E-01 8.25259E-01
 2.51189E+00 4.23744E-01 6.03339E-01 8.03044E-01 8.27377E-01
 2.54097E+00 4.24814E-01 6.04862E-01 8.05072E-01 8.29466E-01
 2.57040E+00 4.25869E-01 6.06365E-01 8.07071E-01 8.31526E-01
 2.60016E+00 4.26910E-01 6.07846E-01 8.09043E-01 8.33558E-01
 2.63027E+00 4.27936E-01 6.09307E-01 8.10988E-01 8.35562E-01
 2.66073E+00 4.28948E-01 6.10748E-01 8.12906E-01 8.37538E-01
 2.69153E+00 4.29946E-01 6.12169E-01 8.14797E-01 8.39486E-01
 2.72270E+00 4.30930E-01 6.13571E-01 8.16662E-01 8.41408E-01
 2.75423E+00 4.31901E-01 6.14953E-01 8.18502E-01 8.43304E-01
 2.78612E+00 4.32858E-01 6.16316E-01 8.20317E-01 8.45173E-01
 2.81838E+00 4.33803E-01 6.17661E-01 8.22106E-01 8.47017E-01
 2.85102E+00 4.34734E-01 6.18987E-01 8.23872E-01 8.48836E-01
 2.88403E+00 4.35653E-01 6.20295E-01 8.25613E-01 8.50630E-01
 2.91743E+00 4.36559E-01 6.21585E-01 8.27330E-01 8.52399E-01
 2.95121E+00 4.37453E-01 6.22858E-01 8.29024E-01 8.54145E-01
 2.98538E+00 4.38335E-01 6.24114E-01 8.30696E-01 8.55867E-01
 3.01995E+00 4.39205E-01 6.25353E-01 8.32344E-01 8.57565E-01
 3.05492E+00 4.40063E-01 6.26575E-01 8.33971E-01 8.59241E-01
 3.09030E+00 4.40910E-01 6.27780E-01 8.35575E-01 8.60894E-01
 3.12608E+00 4.41745E-01 6.28970E-01 8.37159E-01 8.62525E-01
 3.16228E+00 4.42570E-01 6.30143E-01 8.38721E-01 8.64135E-01
 3.19890E+00 4.43383E-01 6.31301E-01 8.40262E-01 8.65723E-01
 3.23594E+00 4.44185E-01 6.32444E-01 8.41783E-01 8.67289E-01
 3.27341E+00 4.44977E-01 6.33571E-01 8.43283E-01 8.68836E-01
 3.31131E+00 4.45759E-01 6.34684E-01 8.44764E-01 8.70361E-01
 3.34965E+00 4.46530E-01 6.35782E-01 8.46226E-01 8.71867E-01
 3.38844E+00 4.47291E-01 6.36865E-01 8.47668E-01 8.73353E-01
 3.42768E+00 4.48042E-01 6.37935E-01 8.49091E-01 8.74820E-01
 3.46737E+00 4.48783E-01 6.38990E-01 8.50496E-01 8.76267E-01
 3.50752E+00 4.49515E-01 6.40032E-01 8.51883E-01 8.77696E-01
 3.54813E+00 4.50237E-01 6.41061E-01 8.53252E-01 8.79106E-01
 3.58922E+00 4.50950E-01 6.42076E-01 8.54603E-01 8.80498E-01
 3.63078E+00 4.51654E-01 6.43078E-01 8.55937E-01 8.81872E-01
 3.67282E+00 4.52349E-01 6.44067E-01 8.57254E-01 8.83229E-01
 3.71535E+00 4.53035E-01 6.45044E-01 8.58554E-01 8.84569E-01
 3.75837E+00 4.53712E-01 6.46008E-01 8.59837E-01 8.85891E-01
 3.80189E+00 4.54381E-01 6.46961E-01 8.61104E-01 8.87197E-01
 3.84592E+00 4.55041E-01 6.47901E-01 8.62356E-01 8.88486E-01
 3.89045E+00 4.55693E-01 6.48829E-01 8.63591E-01 8.89759E-01
 3.93550E+00 4.56337E-01 6.49746E-01 8.64812E-01 8.91016E-01
 3.98107E+00 4.56973E-01 6.50651E-01 8.66017E-01 8.92258E-01
 4.02717E+00 4.57601E-01 6.51545E-01 8.67207E-01 8.93484E-01
 4.07380E+00 4.58221E-01 6.52428E-01 8.68382E-01 8.94695E-01
 4.12098E+00 4.58834E-01 6.53300E-01 8.69543E-01 8.95891E-01
 4.16869E+00 4.59439E-01 6.54162E-01 8.70689E-01 8.97072E-01
 4.21697E+00 4.60036E-01 6.55013E-01 8.71822E-01 8.98239E-01
 4.26580E+00 4.60627E-01 6.55853E-01 8.72940E-01 8.99391E-01
 4.31519E+00 4.61210E-01 6.56683E-01 8.74046E-01 9.00530E-01
 4.36516E+00 4.61786E-01 6.57504E-01 8.75137E-01 9.01655E-01
 4.41570E+00 4.62355E-01 6.58314E-01 8.76216E-01 9.02766E-01
 4.46684E+00 4.62917E-01 6.59114E-01 8.77281E-01 9.03864E-01
 4.51856E+00 4.63473E-01 6.59905E-01 8.78334E-01 9.04949E-01
 4.57088E+00 4.64022E-01 6.60687E-01 8.79374E-01 9.06020E-01
 4.62381E+00 4.64564E-01 6.61459E-01 8.80402E-01 9.07079E-01
 4.67735E+00 4.65100E-01 6.62222E-01 8.81418E-01 9.08126E-01
 4.73151E+00 4.65629E-01 6.62976E-01 8.82421E-01 9.09160E-01
 4.78630E+00 4.66153E-01 6.63721E-01 8.83413E-01 9.10181E-01
 4.84172E+00 4.66670E-01 6.64458E-01 8.84393E-01 9.11191E-01
 4.89779E+00 4.67181E-01 6.65185E-01 8.85361E-01 9.12189E-01
 4.95450E+00 4.67686E-01 6.65904E-01 8.86319E-01 9.13175E-01
 5.01187E+00 4.68185E-01 6.66615E-01 8.87265E-01 9.14150E-01
 5.06991E+00 4.68678E-01 6.67318E-01 8.88200E-01 9.15113E-01
 5.12861E+00 4.69166E-01 6.68012E-01 8.89124E-01 9.16065E-01
 5.18800E+00 4.69648E-01 6.68698E-01 8.90037E-01 9.17006E-01
 5.24807E+00 4.70124E-01 6.69376E-01 8.90940E-01 9.17936E-01
 5.30884E+00 4.70595E-01 6.70047E-01 8.91832E-01 9.18856E-01
 5.37032E+00 4.71061E-01 6.70710E-01 8.92715E-01 9.19765E-01
 5.43250E+00 4.71521E-01 6.71365E-01 8.93587E-01 9.20663E-01
 5.49541E+00 4.71976E-01 6.72013E-01 8.94449E-01 9.21551E-01
 5.55904E+00 4.72426E-01 6.72653E-01 8.95301E-01 9.22429E-01
 5.62341E+00 4.72870E-01 6.73286E-01 8.96143E-01 9.23297E-01
 5.68853E+00 4.73310E-01 6.73912E-01 8.96976E-01 9.24156E-01
 5.75440E+00 4.73744E-01 6.74530E-01 8.97800E-01 9.25004E-01
 5.82103E+00 4.74174E-01 6.75142E-01 8.98614E-01 9.25843E-01
 5.88844E+00 4.74598E-01 6.75746E-01 8.99419E-01 9.26672E-01
 5.95662E+00 4.75018E-01 6.76344E-01 9.00214E-01 9.27492E-01
 6.02560E+00 4.75433E-01 6.76935E-01 9.01001E-01 9.28302E-01
 6.09537E+00 4.75844E-01 6.77520E-01 9.01779E-01 9.29104E-01
 6.16595E+00 4.76250E-01 6.78098E-01 9.02548E-01 9.29896E-01
 6.23735E+00 4.76651E-01 6.78669E-01 9.03308E-01 9.30680E-01
 6.30957E+00 4.77048E-01 6.79234E-01 9.04060E-01 9.31454E-01
 6.38263E+00 4.77440E-01 6.79792E-01 9.04804E-01 9.32220E-01
 6.45654E+00 4.77828E-01 6.80345E-01 9.05539E-01 9.32978E-01
 6.53131E+00 4.78211E-01 6.80891E-01 9.06266E-01 9.33727E-01
 6.60693E+00 4.78591E-01 6.81431E-01 9.06985E-01 9.34467E-01
 6.68344E+00 4.78966E-01 6.81965E-01 9.07695E-01 9.35199E-01
 6.76083E+00 4.79337E-01 6.82493E-01 9.08398E-01 9.35924E-01
 6.83912E+00 4.79703E-01 6.83015E-01 9.09093E-01 9.36640E-01
 6.91831E+00 4.80066E-01 6.83531E-01 9.09780E-01 9.37348E-01
 6.99842E+00 4.80425E-01 6.84042E-01 9.10460E-01 9.38048E-01
 7.07946E+00 4.80779E-01 6.84547E-01 9.11132E-01 9.38740E-01
 7.16143E+00 4.81130E-01 6.85046E-01 9.11796E-01 9.39425E-01
 7.24436E+00 4.81476E-01 6.85540E-01 9.12453E-01 9.40102E-01
 7.32825E+00 4.81819E-01 6.86028E-01 9.13103E-01 9.40771E-01
 7.41310E+00 4.82158E-01 6.86511E-01 9.13746E-01 9.41433E-01
 7.49894E+00 4.82494E-01 6.86988E-01 9.14381E-01 9.42088E-01
 7.58578E+00 4.82825E-01 6.87460E-01 9.15009E-01 9.42735E-01
 7.67361E+00 4.83153E-01 6.87927E-01 9.15631E-01 9.43375E-01
 7.76247E+00 4.83477E-01 6.88389E-01 9.16245E-01 9.44009E-01
 7.85236E+00 4.83798E-01 6.88845E-01 9.16853E-01 9.44635E-01
 7.94328E+00 4.84115E-01 6.89297E-01 9.17454E-01 9.45254E-01
 8.03526E+00 4.84429E-01 6.89743E-01 9.18048E-01 9.45866E-01
 8.12831E+00 4.84739E-01 6.90185E-01 9.18636E-01 9.46471E-01
 8.22243E+00 4.85045E-01 6.90621E-01 9.19217E-01 9.47070E-01
 8.31764E+00 4.85349E-01 6.91053E-01 9.19792E-01 9.47662E-01
 8.41395E+00 4.85649E-01 6.91480E-01 9.20360E-01 9.48248E-01
 8.51138E+00 4.85945E-01 6.91902E-01 9.20922E-01 9.48827E-01
 8.60994E+00 4.86238E-01 6.92320E-01 9.21478E-01 9.49399E-01
 8.70964E+00 4.86528E-01 6.92733E-01 9.22027E-01 9.49966E-01
 8.81049E+00 4.86815E-01 6.93141E-01 9.22571E-01 9.50526E-01
 8.91251E+00 4.87099E-01 6.93545E-01 9.23108E-01 9.51079E-01
 9.01571E+00 4.87379E-01 6.93944E-01 9.23640E-01 9.51627E-01
 9.12011E+00 4.87657E-01 6.94339E-01 9.24165E-01 9.52168E-01
 9.22571E+00 4.87931E-01 6.94730E-01 9.24685E-01 9.52704E-01
 9.33254E+00 4.88202E-01 6.95116E-01 9.25199E-01 9.53234E-01
 9.44061E+00 4.88470E-01 6.95498E-01 9.25707E-01 9.53757E-01
 9.54993E+00 4.88735E-01 6.95875E-01 9.26210E-01 9.54275E-01
 9.66051E+00 4.88998E-01 6.96249E-01 9.26707E-01 9.54787E-01
 9.77237E+00 4.89257E-01 6.96618E-01 9.27199E-01 9.55294E-01
 9.88553E+00 4.89514E-01 6.96983E-01 9.27685E-01 9.55794E-01
 1.00000E+01 4.89767E-01 6.97344E-01 9.28165E-01 9.56290E-01
 1.01158E+01 4.90018E-01 6.97701E-01 9.28641E-01 9.56779E-01
 1.02329E+01 4.90266E-01 6.98055E-01 9.29111E-01 9.57264E-01
 1.03514E+01 4.90511E-01 6.98404E-01 9.29575E-01 9.57742E-01
 1.04713E+01 4.90754E-01 6.98749E-01 9.30035E-01 9.58216E-01
 1.05925E+01 4.90994E-01 6.99091E-01 9.30490E-01 9.58684E-01
 1.07152E+01 4.91231E-01 6.99428E-01 9.30939E-01 9.59147E-01
 1.08393E+01 4.91465E-01 6.99762E-01 9.31383E-01 9.59605E-01
 1.09648E+01 4.91697E-01 7.00092E-01 9.31823E-01 9.60058E-01
 1.10917E+01 4.91927E-01 7.00419E-01 9.32257E-01 9.60506E-01
 1.12202E+01 4.92153E-01 7.00742E-01 9.32687E-01 9.60949E-01
 1.13501E+01 4.92378E-01 7.01061E-01 9.33112E-01 9.61386E-01
 1.14815E+01 4.92599E-01 7.01377E-01 9.33532E-01 9.61819E-01
 1.16145E+01 4.92819E-01 7.01689E-01 9.33948E-01 9.62247E-01
 1.17490E+01 4.93035E-01 7.01998E-01 9.34359E-01 9.62671E-01
 1.18850E+01 4.93250E-01 7.02303E-01 9.34765E-01 9.63089E-01
 1.20226E+01 4.93462E-01 7.02605E-01 9.35167E-01 9.63503E-01
 1.21619E+01 4.93671E-01 7.02903E-01 9.35564E-01 9.63913E-01
 1.23027E+01 4.93879E-01 7.03198E-01 9.35957E-01 9.64317E-01
 1.24451E+01 4.94084E-01 7.03490E-01 9.36345E-01 9.64718E-01
 1.25893E+01 4.94286E-01 7.03779E-01 9.36730E-01 9.65113E-01
 1.27350E+01 4.94487E-01 7.04064E-01 9.37109E-01 9.65505E-01
 1.28825E+01 4.94685E-01 7.04346E-01 9.37485E-01 9.65892E-01
 1.30317E+01 4.94881E-01 7.04625E-01 9.37856E-01 9.66274E-01
 1.31826E+01 4.95075E-01 7.04901E-01 9.38224E-01 9.66653E-01
 1.33352E+01 4.95266E-01 7.05174E-01 9.38587E-01 9.67027E-01
 1.34896E+01 4.95456E-01 7.05444E-01 9.38946E-01 9.67397E-01
 1.36458E+01 4.95643E-01 7.05711E-01 9.39301E-01 9.67762E-01
 1.38038E+01 4.95828E-01 7.05974E-01 9.39652E-01 9.68124E-01
 1.39637E+01 4.96011E-01 7.06235E-01 9.39999E-01 9.68482E-01
 1.41254E+01 4.96193E-01 7.06493E-01 9.40342E-01 9.68835E-01
 1.42889E+01 4.96372E-01 7.06748E-01 9.40682E-01 9.69185E-01
 1.44544E+01 4.96549E-01 7.07000E-01 9.41017E-01 9.69531E-01
 1.46218E+01 4.96724E-01 7.07249E-01 9.41349E-01 9.69873E-01
 1.47911E+01 4.96897E-01 7.07496E-01 9.41677E-01 9.70211E-01
 1.49624E+01 4.97068E-01 7.07740E-01 9.42001E-01 9.70545E-01
 1.51356E+01 4.97237E-01 7.07981E-01 9.42322E-01 9.70875E-01
 1.53109E+01 4.97405E-01 7.08219E-01 9.42639E-01 9.71202E-01
 1.54882E+01 4.97570E-01 7.08454E-01 9.42953E-01 9.71525E-01
 1.56675E+01 4.97734E-01 7.08687E-01 9.43263E-01 9.71845E-01
 1.58489E+01 4.97896E-01 7.08918E-01 9.43570E-01 9.72161E-01
 1.60325E+01 4.98056E-01 7.09146E-01 9.43873E-01 9.72473E-01
 1.62181E+01 4.98214E-01 7.09371E-01 9.44173E-01 9.72782E-01
 1.64059E+01 4.98370E-01 7.09593E-01 9.44469E-01 9.73087E-01
 1.65959E+01 4.98525E-01 7.09814E-01 9.44762E-01 9.73389E-01
 1.67880E+01 4.98678E-01 7.10031E-01 9.45052E-01 9.73688E-01
 1.69824E+01 4.98829E-01 7.10247E-01 9.45338E-01 9.73983E-01
 1.71791E+01 4.98978E-01 7.10459E-01 9.45621E-01 9.74275E-01
 1.73780E+01 4.99126E-01 7.10670E-01 9.45902E-01 9.74563E-01
 1.75792E+01 4.99272E-01 7.10878E-01 9.46178E-01 9.74849E-01
 1.77828E+01 4.99417E-01 7.11084E-01 9.46452E-01 9.75131E-01
 1.79887E+01 4.99560E-01 7.11287E-01 9.46723E-01 9.75410E-01
 1.81970E+01 4.99701E-01 7.11488E-01 9.46991E-01 9.75685E-01
 1.84077E+01 4.99841E-01 7.11687E-01 9.47255E-01 9.75958E-01
 1.86209E+01 4.99979E-01 7.11884E-01 9.47517E-01 9.76228E-01
 1.88365E+01 5.00115E-01 7.12078E-01 9.47776E-01 9.76494E-01
 1.90546E+01 5.00250E-01 7.12270E-01 9.48032E-01 9.76758E-01
 1.92752E+01 5.00384E-01 7.12460E-01 9.48285E-01 9.77019E-01
 1.94984E+01 5.00516E-01 7.12648E-01 9.48535E-01 9.77276E-01
 1.97242E+01 5.00646E-01 7.12834E-01 9.48782E-01 9.77531E-01
 1.99526E+01 5.00775E-01 7.13018E-01 9.49026E-01 9.77783E-01
 2.01837E+01 5.00903E-01 7.13199E-01 9.49268E-01 9.78032E-01
 2.04174E+01 5.01029E-01 7.13379E-01 9.49507E-01 9.78278E-01
 2.06538E+01 5.01153E-01 7.13556E-01 9.49743E-01 9.78522E-01
 2.08930E+01 5.01277E-01 7.13732E-01 9.49977E-01 9.78762E-01
 2.11349E+01 5.01399E-01 7.13905E-01 9.50208E-01 9.79000E-01
 2.13796E+01 5.01519E-01 7.14077E-01 9.50437E-01 9.79236E-01
 2.16272E+01 5.01638E-01 7.14247E-01 9.50662E-01 9.79468E-01
 2.18776E+01 5.01756E-01 7.14414E-01 9.50886E-01 9.79698E-01
 2.21309E+01 5.01873E-01 7.14580E-01 9.51106E-01 9.79926E-01
 2.23872E+01 5.01988E-01 7.14744E-01 9.51325E-01 9.80151E-01
 2.26464E+01 5.02102E-01 7.14906E-01 9.51540E-01 9.80373E-01
 2.29087E+01 5.02214E-01 7.15067E-01 9.51754E-01 9.80593E-01
 2.31739E+01 5.02325E-01 7.15225E-01 9.51965E-01 9.80810E-01
 2.34423E+01 5.02436E-01 7.15382E-01 9.52173E-01 9.81025E-01
 2.37137E+01 5.02544E-01 7.15537E-01 9.52379E-01 9.81237E-01
 2.39883E+01 5.02652E-01 7.15690E-01 9.52583E-01 9.81448E-01
 2.42661E+01 5.02758E-01 7.15841E-01 9.52785E-01 9.81655E-01
 2.45471E+01 5.02863E-01 7.15991E-01 9.52984E-01 9.81861E-01
 2.48313E+01 5.02967E-01 7.16139E-01 9.53181E-01 9.82064E-01
 2.51189E+01 5.03070E-01 7.16285E-01 9.53376E-01 9.82264E-01
 2.54097E+01 5.03172E-01 7.16430E-01 9.53569E-01 9.82463E-01
 2.57040E+01 5.03272E-01 7.16573E-01 9.53759E-01 9.82659E-01
 2.60016E+01 5.03372E-01 7.16715E-01 9.53947E-01 9.82853E-01
 2.63027E+01 5.03470E-01 7.16855E-01 9.54133E-01 9.83045E-01
 2.66073E+01 5.03567E-01 7.16993E-01 9.54317E-01 9.83234E-01
 2.69153E+01 5.03663E-01 7.17129E-01 9.54499E-01 9.83422E-01
 2.72270E+01 5.03758E-01 7.17265E-01 9.54679E-01 9.83607E-01
 2.75423E+01 5.03852E-01 7.17398E-01 9.54857E-01 9.83790E-01
 2.78612E+01 5.03944E-01 7.17530E-01 9.55033E-01 9.83971E-01
 2.81838E+01 5.04036E-01 7.17661E-01 9.55207E-01 9.84150E-01
 2.85102E+01 5.04127E-01 7.17790E-01 9.55379E-01 9.84328E-01
 2.88403E+01 5.04217E-01 7.17918E-01 9.55549E-01 9.84503E-01
 2.91743E+01 5.04305E-01 7.18044E-01 9.55716E-01 9.84676E-01
 2.95121E+01 5.04393E-01 7.18169E-01 9.55883E-01 9.84847E-01
 2.98538E+01 5.04480E-01 7.18292E-01 9.56047E-01 9.85016E-01
 3.01995E+01 5.04565E-01 7.18414E-01 9.56209E-01 9.85183E-01
 3.05492E+01 5.04650E-01 7.18535E-01 9.56370E-01 9.85349E-01
 3.09030E+01 5.04734E-01 7.18654E-01 9.56528E-01 9.85512E-01
 3.12608E+01 5.04816E-01 7.18772E-01 9.56685E-01 9.85674E-01
 3.16228E+01 5.04898E-01 7.18888E-01 9.56840E-01 9.85834E-01
 3.19890E+01 5.04979E-01 7.19004E-01 9.56994E-01 9.85992E-01
 3.23594E+01 5.05059E-01 7.19117E-01 9.57145E-01 9.86148E-01
 3.27341E+01 5.05138E-01 7.19230E-01 9.57295E-01 9.86302E-01
 3.31131E+01 5.05216E-01 7.19341E-01 9.57443E-01 9.86455E-01
 3.34965E+01 5.05294E-01 7.19451E-01 9.57590E-01 9.86606E-01
 3.38844E+01 5.05370E-01 7.19560E-01 9.57735E-01 9.86755E-01
 3.42768E+01 5.05446E-01 7.19668E-01 9.57878E-01 9.86903E-01
 3.46737E+01 5.05520E-01 7.19774E-01 9.58020E-01 9.87048E-01
 3.50752E+01 5.05594E-01 7.19879E-01 9.58160E-01 9.87193E-01
 3.54813E+01 5.05667E-01 7.19983E-01 9.58298E-01 9.87335E-01
 3.58922E+01 5.05740E-01 7.20086E-01 9.58435E-01 9.87476E-01
 3.63078E+01 5.05811E-01 7.20188E-01 9.58570E-01 9.87616E-01
 3.67282E+01 5.05881E-01 7.20288E-01 9.58704E-01 9.87753E-01
 3.71535E+01 5.05951E-01 7.20388E-01 9.58836E-01 9.87890E-01
 3.75837E+01 5.06020E-01 7.20486E-01 9.58967E-01 9.88024E-01
 3.80189E+01 5.06088E-01 7.20583E-01 9.59096E-01 9.88157E-01
 3.84592E+01 5.06156E-01 7.20679E-01 9.59224E-01 9.88289E-01
 3.89045E+01 5.06222E-01 7.20774E-01 9.59350E-01 9.88419E-01
 3.93550E+01 5.06288E-01 7.20868E-01 9.59475E-01 9.88548E-01
 3.98107E+01 5.06353E-01 7.20960E-01 9.59598E-01 9.88675E-01
 4.02717E+01 5.06418E-01 7.21052E-01 9.59720E-01 9.88801E-01
 4.07380E+01 5.06482E-01 7.21143E-01 9.59841E-01 9.88925E-01
 4.12098E+01 5.06544E-01 7.21232E-01 9.59960E-01 9.89048E-01
 4.16869E+01 5.06607E-01 7.21321E-01 9.60078E-01 9.89169E-01
 4.21697E+01 5.06668E-01 7.21408E-01 9.60195E-01 9.89290E-01
 4.26580E+01 5.06729E-01 7.21495E-01 9.60310E-01 9.89408E-01
 4.31519E+01 5.06789E-01 7.21581E-01 9.60424E-01 9.89526E-01
 4.36516E+01 5.06849E-01 7.21665E-01 9.60537E-01 9.89642E-01
 4.41570E+01 5.06907E-01 7.21749E-01 9.60648E-01 9.89757E-01
 4.46684E+01 5.06966E-01 7.21832E-01 9.60758E-01 9.89870E-01
 4.51856E+01 5.07023E-01 7.21914E-01 9.60867E-01 9.89982E-01
 4.57088E+01 5.07080E-01 7.21994E-01 9.60975E-01 9.90093E-01
 4.62381E+01 5.07136E-01 7.22074E-01 9.61081E-01 9.90203E-01
 4.67735E+01 5.07191E-01 7.22153E-01 9.61186E-01 9.90311E-01
 4.73151E+01 5.07246E-01 7.22231E-01 9.61290E-01 9.90418E-01
 4.78630E+01 5.07301E-01 7.22309E-01 9.61393E-01 9.90524E-01
 4.84172E+01 5.07354E-01 7.22385E-01 9.61495E-01 9.90629E-01
 4.89779E+01 5.07407E-01 7.22461E-01 9.61595E-01 9.90732E-01
 4.95450E+01 5.07460E-01 7.22535E-01 9.61694E-01 9.90835E-01
 5.01187E+01 5.07511E-01 7.22609E-01 9.61793E-01 9.90936E-01
 5.06991E+01 5.07563E-01 7.22682E-01 9.61890E-01 9.91036E-01
 5.12861E+01 5.07613E-01 7.22754E-01 9.61986E-01 9.91135E-01
 5.18800E+01 5.07663E-01 7.22825E-01 9.62081E-01 9.91233E-01
 5.24807E+01 5.07713E-01 7.22896E-01 9.62174E-01 9.91329E-01
 5.30884E+01 5.07762E-01 7.22966E-01 9.62267E-01 9.91425E-01
 5.37032E+01 5.07810E-01 7.23034E-01 9.62359E-01 9.91519E-01
 5.43250E+01 5.07858E-01 7.23103E-01 9.62449E-01 9.91613E-01
 5.49541E+01 5.07905E-01 7.23170E-01 9.62539E-01 9.91705E-01
 5.55904E+01 5.07952E-01 7.23236E-01 9.62628E-01 9.91796E-01
 5.62341E+01 5.07998E-01 7.23302E-01 9.62715E-01 9.91886E-01
 5.68853E+01 5.08044E-01 7.23367E-01 9.62802E-01 9.91976E-01
 5.75440E+01 5.08089E-01 7.23432E-01 9.62887E-01 9.92064E-01
 5.82103E+01 5.08134E-01 7.23495E-01 9.62972E-01 9.92151E-01
 5.88844E+01 5.08178E-01 7.23558E-01 9.63056E-01 9.92237E-01
 5.95662E+01 5.08222E-01 7.23620E-01 9.63138E-01 9.92322E-01
 6.02560E+01 5.08265E-01 7.23682E-01 9.63220E-01 9.92407E-01
 6.09537E+01 5.08307E-01 7.23742E-01 9.63301E-01 9.92490E-01
 6.16595E+01 5.08350E-01 7.23802E-01 9.63381E-01 9.92572E-01
 6.23735E+01 5.08391E-01 7.23862E-01 9.63460E-01 9.92654E-01
 6.30957E+01 5.08432E-01 7.23920E-01 9.63538E-01 9.92734E-01
 6.38263E+01 5.08473E-01 7.23978E-01 9.63615E-01 9.92814E-01
 6.45654E+01 5.08513E-01 7.24036E-01 9.63692E-01 9.92892E-01
 6.53131E+01 5.08553E-01 7.24092E-01 9.63767E-01 9.92970E-01
 6.60693E+01 5.08593E-01 7.24148E-01 9.63842E-01 9.93047E-01
 6.68344E+01 5.08632E-01 7.24204E-01 9.63915E-01 9.93123E-01
 6.76083E+01 5.08670E-01 7.24259E-01 9.63988E-01 9.93198E-01
 6.83912E+01 5.08708E-01 7.24313E-01 9.64060E-01 9.93272E-01
 6.91831E+01 5.08746E-01 7.24366E-01 9.64132E-01 9.93346E-01
 6.99842E+01 5.08783E-01 7.24419E-01 9.64202E-01 9.93418E-01
 7.07946E+01 5.08820E-01 7.24472E-01 9.64272E-01 9.93490E-01
 7.16143E+01 5.08856E-01 7.24523E-01 9.64341E-01 9.93561E-01
 7.24436E+01 5.08892E-01 7.24575E-01 9.64409E-01 9.93631E-01
 7.32825E+01 5.08927E-01 7.24625E-01 9.64476E-01 9.93701E-01
 7.41310E+01 5.08962E-01 7.24675E-01 9.64542E-01 9.93769E-01
 7.49894E+01 5.08997E-01 7.24724E-01 9.64608E-01 9.93837E-01
 7.58578E+01 5.09031E-01 7.24773E-01 9.64673E-01 9.93904E-01
 7.67361E+01 5.09065E-01 7.24822E-01 9.64738E-01 9.93970E-01
 7.76247E+01 5.09099E-01 7.24869E-01 9.64801E-01 9.94036E-01
 7.85236E+01 5.09132E-01 7.24917E-01 9.64864E-01 9.94100E-01
 7.94328E+01 5.09165E-01 7.24963E-01 9.64926E-01 9.94164E-01
 8.03526E+01 5.09197E-01 7.25009E-01 9.64987E-01 9.94227E-01
 8.12831E+01 5.09229E-01 7.25055E-01 9.65048E-01 9.94290E-01
 8.22243E+01 5.09261E-01 7.25100E-01 9.65108E-01 9.94352E-01
 8.31764E+01 5.09292E-01 7.25145E-01 9.65167E-01 9.94413E-01
 8.41395E+01 5.09323E-01 7.25189E-01 9.65226E-01 9.94473E-01
 8.51138E+01 5.09354E-01 7.25232E-01 9.65284E-01 9.94533E-01
 8.60994E+01 5.09384E-01 7.25275E-01 9.65341E-01 9.94592E-01
 8.70964E+01 5.09414E-01 7.25318E-01 9.65398E-01 9.94650E-01
 8.81049E+01 5.09443E-01 7.25360E-01 9.65454E-01 9.94708E-01
 8.91251E+01 5.09473E-01 7.25401E-01 9.65509E-01 9.94765E-01
 9.01571E+01 5.09502E-01 7.25443E-01 9.65564E-01 9.94822E-01
 9.12011E+01 5.09530E-01 7.25483E-01 9.65618E-01 9.94877E-01
 9.22571E+01 5.09558E-01 7.25523E-01 9.65672E-01 9.94933E-01
 9.33254E+01 5.09586E-01 7.25563E-01 9.65725E-01 9.94987E-01
 9.44061E+01 5.09614E-01 7.25602E-01 9.65777E-01 9.95041E-01
 9.54993E+01 5.09641E-01 7.25641E-01 9.65829E-01 9.95094E-01
 9.66051E+01 5.09668E-01 7.25680E-01 9.65880E-01 9.95147E-01
 9.77237E+01 5.09695E-01 7.25718E-01 9.65930E-01 9.95199E-01
 9.88553E+01 5.09721E-01 7.25755E-01 9.65980E-01 9.95250E-01
 1.00000E+02 5.09747E-01 7.25792E-01 9.66029E-01 9.95301E-01
