 1.00000E-02 1.93577E-02 3.59250E-02 6.61215E-02 7.10885E-02
 2.00000E-02 1.98422E-02 3.76503E-02 6.85187E-02 7.36472E-02
 3.00000E-02 2.03958E-02 3.86526E-02 7.08964E-02 7.61831E-02
 4.00000E-02 2.09632E-02 3.98163E-02 7.32550E-02 7.91084E-02
 5.00000E-02 2.14926E-02 4.09739E-02 7.58904E-02 8.18828E-02
 6.00000E-02 2.20715E-02 4.21310E-02 7.84324E-02 8.49047E-02
 7.00000E-02 2.26398E-02 4.33045E-02 8.11333E-02 8.79617E-02
 8.00000E-02 2.32146E-02 4.44955E-02 8.38733E-02 9.10951E-02
 9.00000E-02 2.38119E-02 4.57015E-02 8.66658E-02 9.43324E-02
 1.00000E-01 2.44140E-02 4.69285E-02 8.95143E-02 9.76802E-02
 1.10000E-01 2.50237E-02 4.81832E-02 9.24121E-02 1.01098E-01
 1.20000E-01 2.56419E-02 4.94422E-02 9.53955E-02 1.04617E-01
 1.30000E-01 2.62684E-02 5.07158E-02 9.84126E-02 1.08240E-01
 1.40000E-01 2.69029E-02 5.20085E-02 1.01478E-01 1.11950E-01
 1.50000E-01 2.75448E-02 5.33072E-02 1.04586E-01 1.15769E-01
 1.60000E-01 2.81935E-02 5.46230E-02 1.07741E-01 1.19673E-01
 1.70000E-01 2.88506E-02 5.59480E-02 1.10922E-01 1.23673E-01
 1.80000E-01 2.95160E-02 5.72785E-02 1.14131E-01 1.27764E-01
 1.90000E-01 3.01863E-02 5.86269E-02 1.17380E-01 1.31948E-01
 2.00000E-01 3.08612E-02 5.99795E-02 1.20647E-01 1.36222E-01
 2.10000E-01 3.15450E-02 6.13373E-02 1.23931E-01 1.40581E-01
 2.20000E-01 3.22332E-02 6.27060E-02 1.27228E-01 1.45028E-01
 2.30000E-01 3.29255E-02 6.40822E-02 1.30535E-01 1.49555E-01
 2.40000E-01 3.36256E-02 6.54629E-02 1.33848E-01 1.54153E-01
 2.50000E-01 3.43280E-02 6.68482E-02 1.37165E-01 1.58815E-01
 2.60000E-01 3.50375E-02 6.82379E-02 1.40483E-01 1.63527E-01
 2.70000E-01 3.57495E-02 6.96318E-02 1.43798E-01 1.68267E-01
 2.80000E-01 3.64675E-02 7.10322E-02 1.47109E-01 1.73018E-01
 2.90000E-01 3.71879E-02 7.24361E-02 1.50413E-01 1.77761E-01
 3.00000E-01 3.79141E-02 7.38427E-02 1.53708E-01 1.82490E-01
 3.10000E-01 3.86418E-02 7.52519E-02 1.56994E-01 1.87187E-01
 3.20000E-01 3.93756E-02 7.66635E-02 1.60267E-01 1.91849E-01
 3.30000E-01 4.01111E-02 7.80771E-02 1.63528E-01 1.96473E-01
 3.40000E-01 4.08506E-02 7.94925E-02 1.66775E-01 2.01058E-01
 3.50000E-01 4.15933E-02 8.09095E-02 1.70007E-01 2.05601E-01
 3.60000E-01 4.23378E-02 8.23277E-02 1.73223E-01 2.10101E-01
 3.70000E-01 4.30871E-02 8.37471E-02 1.76424E-01 2.14557E-01
 3.80000E-01 4.38381E-02 8.51673E-02 1.79608E-01 2.18968E-01
 3.90000E-01 4.45914E-02 8.65881E-02 1.82775E-01 2.23334E-01
 4.00000E-01 4.53483E-02 8.80094E-02 1.85924E-01 2.27654E-01
 4.10000E-01 4.61067E-02 8.94310E-02 1.89055E-01 2.31936E-01
 4.20000E-01 4.68673E-02 9.08526E-02 1.92167E-01 2.36174E-01
 4.30000E-01 4.76311E-02 9.22742E-02 1.95261E-01 2.40366E-01
 4.40000E-01 4.83962E-02 9.36955E-02 1.98336E-01 2.44513E-01
 4.50000E-01 4.91629E-02 9.51165E-02 2.01391E-01 2.48626E-01
 4.60000E-01 4.99328E-02 9.65369E-02 2.04428E-01 2.52694E-01
 4.70000E-01 5.07040E-02 9.79567E-02 2.07445E-01 2.56719E-01
 4.80000E-01 5.14764E-02 9.93757E-02 2.10443E-01 2.60704E-01
 4.90000E-01 5.22510E-02 1.00794E-01 2.13422E-01 2.64653E-01
 5.00000E-01 5.30274E-02 1.02211E-01 2.16381E-01 2.68559E-01
 5.10000E-01 5.38050E-02 1.03627E-01 2.19322E-01 2.72424E-01
 5.20000E-01 5.45836E-02 1.05042E-01 2.22243E-01 2.76257E-01
 5.30000E-01 5.53644E-02 1.06455E-01 2.25147E-01 2.80050E-01
 5.40000E-01 5.61464E-02 1.07868E-01 2.28033E-01 2.83801E-01
 5.50000E-01 5.69294E-02 1.09279E-01 2.30900E-01 2.87523E-01
 5.60000E-01 5.77132E-02 1.10689E-01 2.33748E-01 2.91206E-01
 5.70000E-01 5.84987E-02 1.12098E-01 2.36577E-01 2.94850E-01
 5.80000E-01 5.92854E-02 1.13505E-01 2.39388E-01 2.98464E-01
 5.90000E-01 6.00728E-02 1.14910E-01 2.42181E-01 3.02042E-01
 6.00000E-01 6.08609E-02 1.16313E-01 2.44955E-01 3.05583E-01
 6.10000E-01 6.16498E-02 1.17715E-01 2.47711E-01 3.09094E-01
 6.20000E-01 6.24402E-02 1.19114E-01 2.50450E-01 3.12572E-01
 6.30000E-01 6.32313E-02 1.20512E-01 2.53170E-01 3.16014E-01
 6.40000E-01 6.40228E-02 1.21908E-01 2.55873E-01 3.19427E-01
 6.50000E-01 6.48149E-02 1.23301E-01 2.58558E-01 3.22809E-01
 6.60000E-01 6.56075E-02 1.24694E-01 2.61228E-01 3.26156E-01
 6.70000E-01 6.64012E-02 1.26084E-01 2.63881E-01 3.29476E-01
 6.80000E-01 6.71954E-02 1.27472E-01 2.66517E-01 3.32765E-01
 6.90000E-01 6.79899E-02 1.28858E-01 2.69135E-01 3.36021E-01
 7.00000E-01 6.87848E-02 1.30241E-01 2.71737E-01 3.39251E-01
 7.10000E-01 6.95799E-02 1.31622E-01 2.74323E-01 3.42452E-01
 7.20000E-01 7.03753E-02 1.33001E-01 2.76892E-01 3.45621E-01
 7.30000E-01 7.11715E-02 1.34378E-01 2.79444E-01 3.48765E-01
 7.40000E-01 7.19679E-02 1.35753E-01 2.81981E-01 3.51882E-01
 7.50000E-01 7.27644E-02 1.37125E-01 2.84501E-01 3.54967E-01
 7.60000E-01 7.35611E-02 1.38495E-01 2.87006E-01 3.58029E-01
 7.70000E-01 7.43578E-02 1.39863E-01 2.89495E-01 3.61064E-01
 7.80000E-01 7.51546E-02 1.41228E-01 2.91970E-01 3.64069E-01
 7.90000E-01 7.59513E-02 1.42590E-01 2.94430E-01 3.67053E-01
 8.00000E-01 7.67482E-02 1.43950E-01 2.96874E-01 3.70009E-01
 8.10000E-01 7.75454E-02 1.45308E-01 2.99304E-01 3.72937E-01
 8.20000E-01 7.83424E-02 1.46664E-01 3.01718E-01 3.75845E-01
 8.30000E-01 7.91394E-02 1.48016E-01 3.04118E-01 3.78727E-01
 8.40000E-01 7.99361E-02 1.49366E-01 3.06503E-01 3.81581E-01
 8.50000E-01 8.07327E-02 1.50714E-01 3.08874E-01 3.84417E-01
 8.60000E-01 8.15291E-02 1.52058E-01 3.11230E-01 3.87226E-01
 8.70000E-01 8.23252E-02 1.53401E-01 3.13572E-01 3.90009E-01
 8.80000E-01 8.31211E-02 1.54741E-01 3.15900E-01 3.92775E-01
 8.90000E-01 8.39166E-02 1.56078E-01 3.18214E-01 3.95515E-01
 9.00000E-01 8.47119E-02 1.57412E-01 3.20514E-01 3.98231E-01
 9.10000E-01 8.55068E-02 1.58744E-01 3.22802E-01 4.00929E-01
 9.20000E-01 8.63013E-02 1.60072E-01 3.25077E-01 4.03602E-01
 9.30000E-01 8.70956E-02 1.61399E-01 3.27337E-01 4.06253E-01
 9.40000E-01 8.78894E-02 1.62723E-01 3.29585E-01 4.08886E-01
 9.50000E-01 8.86828E-02 1.64043E-01 3.31819E-01 4.11495E-01
 9.60000E-01 8.94756E-02 1.65361E-01 3.34041E-01 4.14083E-01
 9.70000E-01 9.02679E-02 1.66676E-01 3.36249E-01 4.16653E-01
 9.80000E-01 9.10597E-02 1.67989E-01 3.38445E-01 4.19201E-01
 9.90000E-01 9.18508E-02 1.69298E-01 3.40628E-01 4.21728E-01
 1.00000E+00 9.26414E-02 1.70605E-01 3.42798E-01 4.24239E-01
 1.01158E+00 9.35560E-02 1.72114E-01 3.45295E-01 4.27117E-01
 1.02329E+00 9.44801E-02 1.73638E-01 3.47806E-01 4.30006E-01
 1.03514E+00 9.54143E-02 1.75174E-01 3.50329E-01 4.32900E-01
 1.04713E+00 9.63581E-02 1.76725E-01 3.52863E-01 4.35800E-01
 1.05925E+00 9.73115E-02 1.78288E-01 3.55409E-01 4.38710E-01
 1.07152E+00 9.82753E-02 1.79866E-01 3.57969E-01 4.41622E-01
 1.08393E+00 9.92485E-02 1.81458E-01 3.60539E-01 4.44545E-01
 1.09648E+00 1.00232E-01 1.83064E-01 3.63121E-01 4.47471E-01
 1.10917E+00 1.01225E-01 1.84683E-01 3.65716E-01 4.50404E-01
 1.12202E+00 1.02229E-01 1.86316E-01 3.68321E-01 4.53343E-01
 1.13501E+00 1.03242E-01 1.87963E-01 3.70939E-01 4.56287E-01
 1.14815E+00 1.04266E-01 1.89624E-01 3.73568E-01 4.59238E-01
 1.16145E+00 1.05299E-01 1.91299E-01 3.76207E-01 4.62191E-01
 1.17490E+00 1.06344E-01 1.92987E-01 3.78860E-01 4.65154E-01
 1.18850E+00 1.07398E-01 1.94691E-01 3.81522E-01 4.68118E-01
 1.20226E+00 1.08462E-01 1.96408E-01 3.84197E-01 4.71091E-01
 1.21619E+00 1.09537E-01 1.98138E-01 3.86882E-01 4.74065E-01
 1.23027E+00 1.10621E-01 1.99884E-01 3.89578E-01 4.77046E-01
 1.24451E+00 1.11716E-01 2.01642E-01 3.92285E-01 4.80030E-01
 1.25893E+00 1.12822E-01 2.03415E-01 3.95003E-01 4.83019E-01
 1.27350E+00 1.13937E-01 2.05202E-01 3.97732E-01 4.86011E-01
 1.28825E+00 1.15063E-01 2.07003E-01 4.00471E-01 4.89009E-01
 1.30317E+00 1.16200E-01 2.08818E-01 4.03220E-01 4.92008E-01
 1.31826E+00 1.17346E-01 2.10647E-01 4.05981E-01 4.95013E-01
 1.33352E+00 1.18503E-01 2.12490E-01 4.08750E-01 4.98019E-01
 1.34896E+00 1.19670E-01 2.14347E-01 4.11531E-01 5.01031E-01
 1.36458E+00 1.20848E-01 2.16217E-01 4.14322E-01 5.04043E-01
 1.38038E+00 1.22035E-01 2.18102E-01 4.17121E-01 5.07061E-01
 1.39637E+00 1.23234E-01 2.20001E-01 4.19932E-01 5.10079E-01
 1.41254E+00 1.24442E-01 2.21913E-01 4.22752E-01 5.13102E-01
 1.42889E+00 1.25661E-01 2.23839E-01 4.25580E-01 5.16125E-01
 1.44544E+00 1.26889E-01 2.25779E-01 4.28419E-01 5.19151E-01
 1.46218E+00 1.28128E-01 2.27732E-01 4.31267E-01 5.22180E-01
 1.47911E+00 1.29377E-01 2.29700E-01 4.34124E-01 5.25209E-01
 1.49624E+00 1.30637E-01 2.31680E-01 4.36990E-01 5.28241E-01
 1.51356E+00 1.31906E-01 2.33674E-01 4.39865E-01 5.31273E-01
 1.53109E+00 1.33186E-01 2.35682E-01 4.42749E-01 5.34308E-01
 1.54882E+00 1.34475E-01 2.37703E-01 4.45641E-01 5.37343E-01
 1.56675E+00 1.35775E-01 2.39737E-01 4.48542E-01 5.40378E-01
 1.58489E+00 1.37084E-01 2.41784E-01 4.51451E-01 5.43416E-01
 1.60325E+00 1.38404E-01 2.43844E-01 4.54367E-01 5.46453E-01
 1.62181E+00 1.39733E-01 2.45918E-01 4.57292E-01 5.49490E-01
 1.64059E+00 1.41072E-01 2.48004E-01 4.60225E-01 5.52529E-01
 1.65959E+00 1.42420E-01 2.50103E-01 4.63165E-01 5.55566E-01
 1.67880E+00 1.43779E-01 2.52215E-01 4.66113E-01 5.58603E-01
 1.69824E+00 1.45146E-01 2.54339E-01 4.69069E-01 5.61641E-01
 1.71791E+00 1.46523E-01 2.56476E-01 4.72031E-01 5.64676E-01
 1.73780E+00 1.47910E-01 2.58625E-01 4.75001E-01 5.67712E-01
 1.75792E+00 1.49305E-01 2.60787E-01 4.77977E-01 5.70747E-01
 1.77828E+00 1.50710E-01 2.62960E-01 4.80960E-01 5.73780E-01
 1.79887E+00 1.52125E-01 2.65145E-01 4.83950E-01 5.76812E-01
 1.81970E+00 1.53548E-01 2.67342E-01 4.86946E-01 5.79843E-01
 1.84077E+00 1.54979E-01 2.69551E-01 4.89947E-01 5.82872E-01
 1.86209E+00 1.56420E-01 2.71771E-01 4.92955E-01 5.85898E-01
 1.88365E+00 1.57870E-01 2.74003E-01 4.95969E-01 5.88923E-01
 1.90546E+00 1.59327E-01 2.76245E-01 4.98987E-01 5.91946E-01
 1.92752E+00 1.60794E-01 2.78499E-01 5.02011E-01 5.94966E-01
 1.94984E+00 1.62268E-01 2.80763E-01 5.05041E-01 5.97982E-01
 1.97242E+00 1.63751E-01 2.83038E-01 5.08075E-01 6.00996E-01
 1.99526E+00 1.65242E-01 2.85324E-01 5.11114E-01 6.04008E-01
 2.01837E+00 1.66741E-01 2.87619E-01 5.14157E-01 6.07017E-01
 2.04174E+00 1.68247E-01 2.89925E-01 5.17206E-01 6.10021E-01
 2.06538E+00 1.69762E-01 2.92240E-01 5.20257E-01 6.13022E-01
 2.08930E+00 1.71283E-01 2.94565E-01 5.23313E-01 6.16019E-01
 2.11349E+00 1.72812E-01 2.96900E-01 5.26373E-01 6.19012E-01
 2.13796E+00 1.74348E-01 2.99243E-01 5.29435E-01 6.22001E-01
 2.16272E+00 1.75891E-01 3.01596E-01 5.32501E-01 6.24986E-01
 2.18776E+00 1.77441E-01 3.03957E-01 5.35571E-01 6.27966E-01
 2.21309E+00 1.78998E-01 3.06327E-01 5.38642E-01 6.30942E-01
 2.23872E+00 1.80561E-01 3.08705E-01 5.41717E-01 6.33912E-01
 2.26464E+00 1.82130E-01 3.11091E-01 5.44793E-01 6.36877E-01
 2.29087E+00 1.83706E-01 3.13485E-01 5.47872E-01 6.39837E-01
 2.31739E+00 1.85287E-01 3.15886E-01 5.50952E-01 6.42791E-01
 2.34423E+00 1.86874E-01 3.18294E-01 5.54034E-01 6.45740E-01
 2.37137E+00 1.88467E-01 3.20710E-01 5.57117E-01 6.48683E-01
 2.39883E+00 1.90065E-01 3.23132E-01 5.60201E-01 6.51620E-01
 2.42661E+00 1.91669E-01 3.25561E-01 5.63287E-01 6.54551E-01
 2.45471E+00 1.93277E-01 3.27995E-01 5.66372E-01 6.57475E-01
 2.48313E+00 1.94890E-01 3.30436E-01 5.69458E-01 6.60393E-01
 2.51189E+00 1.96508E-01 3.32882E-01 5.72544E-01 6.63304E-01
 2.54097E+00 1.98130E-01 3.35334E-01 5.75630E-01 6.66208E-01
 2.57040E+00 1.99756E-01 3.37790E-01 5.78715E-01 6.69105E-01
 2.60016E+00 2.01386E-01 3.40251E-01 5.81800E-01 6.71994E-01
 2.63027E+00 2.03020E-01 3.42717E-01 5.84883E-01 6.74876E-01
 2.66073E+00 2.04658E-01 3.45187E-01 5.87966E-01 6.77751E-01
 2.69153E+00 2.06298E-01 3.47660E-01 5.91046E-01 6.80617E-01
 2.72270E+00 2.07942E-01 3.50137E-01 5.94125E-01 6.83476E-01
 2.75423E+00 2.09589E-01 3.52618E-01 5.97202E-01 6.86326E-01
 2.78612E+00 2.11238E-01 3.55101E-01 6.00277E-01 6.89169E-01
 2.81838E+00 2.12890E-01 3.57586E-01 6.03348E-01 6.92002E-01
 2.85102E+00 2.14544E-01 3.60074E-01 6.06417E-01 6.94827E-01
 2.88403E+00 2.16199E-01 3.62564E-01 6.09483E-01 6.97642E-01
 2.91743E+00 2.17857E-01 3.65056E-01 6.12545E-01 7.00449E-01
 2.95121E+00 2.19516E-01 3.67549E-01 6.15603E-01 7.03247E-01
 2.98538E+00 2.21176E-01 3.70042E-01 6.18657E-01 7.06035E-01
 3.01995E+00 2.22837E-01 3.72537E-01 6.21707E-01 7.08814E-01
 3.05492E+00 2.24499E-01 3.75032E-01 6.24752E-01 7.11583E-01
 3.09030E+00 2.26161E-01 3.77526E-01 6.27792E-01 7.14342E-01
 3.12608E+00 2.27824E-01 3.80021E-01 6.30828E-01 7.17091E-01
 3.16228E+00 2.29487E-01 3.82514E-01 6.33857E-01 7.19830E-01
 3.19890E+00 2.31149E-01 3.85007E-01 6.36881E-01 7.22558E-01
 3.23594E+00 2.32812E-01 3.87499E-01 6.39899E-01 7.25276E-01
 3.27341E+00 2.34473E-01 3.89989E-01 6.42910E-01 7.27984E-01
 3.31131E+00 2.36134E-01 3.92476E-01 6.45915E-01 7.30680E-01
 3.34965E+00 2.37793E-01 3.94962E-01 6.48912E-01 7.33366E-01
 3.38844E+00 2.39451E-01 3.97445E-01 6.51903E-01 7.36040E-01
 3.42768E+00 2.41108E-01 3.99924E-01 6.54885E-01 7.38703E-01
 3.46737E+00 2.42762E-01 4.02401E-01 6.57860E-01 7.41355E-01
 3.50752E+00 2.44415E-01 4.04874E-01 6.60827E-01 7.43995E-01
 3.54813E+00 2.46065E-01 4.07343E-01 6.63786E-01 7.46623E-01
 3.58922E+00 2.47713E-01 4.09808E-01 6.66736E-01 7.49239E-01
 3.63078E+00 2.49358E-01 4.12268E-01 6.69676E-01 7.51844E-01
 3.67282E+00 2.51000E-01 4.14724E-01 6.72608E-01 7.54436E-01
 3.71535E+00 2.52639E-01 4.17174E-01 6.75530E-01 7.57016E-01
 3.75837E+00 2.54274E-01 4.19619E-01 6.78442E-01 7.59584E-01
 3.80189E+00 2.55906E-01 4.22058E-01 6.81343E-01 7.62138E-01
 3.84592E+00 2.57533E-01 4.24490E-01 6.84235E-01 7.64681E-01
 3.89045E+00 2.59157E-01 4.26917E-01 6.87116E-01 7.67210E-01
 3.93550E+00 2.60776E-01 4.29336E-01 6.89985E-01 7.69726E-01
 3.98107E+00 2.62391E-01 4.31749E-01 6.92844E-01 7.72230E-01
 4.02717E+00 2.64000E-01 4.34154E-01 6.95691E-01 7.74720E-01
 4.07380E+00 2.65605E-01 4.36551E-01 6.98526E-01 7.77197E-01
 4.12098E+00 2.67205E-01 4.38941E-01 7.01349E-01 7.79660E-01
 4.16869E+00 2.68799E-01 4.41322E-01 7.04160E-01 7.82110E-01
 4.21697E+00 2.70388E-01 4.43695E-01 7.06958E-01 7.84546E-01
 4.26580E+00 2.71970E-01 4.46059E-01 7.09744E-01 7.86968E-01
 4.31519E+00 2.73547E-01 4.48414E-01 7.12516E-01 7.89376E-01
 4.36516E+00 2.75118E-01 4.50760E-01 7.15275E-01 7.91770E-01
 4.41570E+00 2.76682E-01 4.53096E-01 7.18020E-01 7.94150E-01
 4.46684E+00 2.78239E-01 4.55422E-01 7.20752E-01 7.96516E-01
 4.51856E+00 2.79790E-01 4.57738E-01 7.23469E-01 7.98867E-01
 4.57088E+00 2.81333E-01 4.60044E-01 7.26172E-01 8.01204E-01
 4.62381E+00 2.82870E-01 4.62340E-01 7.28861E-01 8.03527E-01
 4.67735E+00 2.84399E-01 4.64624E-01 7.31535E-01 8.05834E-01
 4.73151E+00 2.85920E-01 4.66897E-01 7.34194E-01 8.08127E-01
 4.78630E+00 2.87434E-01 4.69159E-01 7.36837E-01 8.10405E-01
 4.84172E+00 2.88940E-01 4.71409E-01 7.39466E-01 8.12668E-01
 4.89779E+00 2.90438E-01 4.73648E-01 7.42078E-01 8.14916E-01
 4.95450E+00 2.91928E-01 4.75874E-01 7.44675E-01 8.17149E-01
 5.01187E+00 2.93409E-01 4.78088E-01 7.47256E-01 8.19367E-01
 5.06991E+00 2.94882E-01 4.80290E-01 7.49821E-01 8.21569E-01
 5.12861E+00 2.96346E-01 4.82479E-01 7.52369E-01 8.23757E-01
 5.18800E+00 2.97802E-01 4.84655E-01 7.54901E-01 8.25928E-01
 5.24807E+00 2.99248E-01 4.86818E-01 7.57416E-01 8.28084E-01
 5.30884E+00 3.00685E-01 4.88968E-01 7.59914E-01 8.30225E-01
 5.37032E+00 3.02113E-01 4.91105E-01 7.62395E-01 8.32349E-01
 5.43250E+00 3.03532E-01 4.93228E-01 7.64858E-01 8.34459E-01
 5.49541E+00 3.04941E-01 4.95337E-01 7.67304E-01 8.36552E-01
 5.55904E+00 3.06341E-01 4.97432E-01 7.69733E-01 8.38629E-01
 5.62341E+00 3.07730E-01 4.99513E-01 7.72145E-01 8.40691E-01
 5.68853E+00 3.09110E-01 5.01579E-01 7.74538E-01 8.42736E-01
 5.75440E+00 3.10480E-01 5.03631E-01 7.76913E-01 8.44766E-01
 5.82103E+00 3.11840E-01 5.05669E-01 7.79271E-01 8.46779E-01
 5.88844E+00 3.13189E-01 5.07691E-01 7.81610E-01 8.48776E-01
 5.95662E+00 3.14528E-01 5.09699E-01 7.83931E-01 8.50757E-01
 6.02560E+00 3.15857E-01 5.11692E-01 7.86233E-01 8.52722E-01
 6.09537E+00 3.17175E-01 5.13670E-01 7.88517E-01 8.54671E-01
 6.16595E+00 3.18483E-01 5.15632E-01 7.90783E-01 8.56603E-01
 6.23735E+00 3.19780E-01 5.17579E-01 7.93029E-01 8.58519E-01
 6.30957E+00 3.21066E-01 5.19510E-01 7.95258E-01 8.60418E-01
 6.38263E+00 3.22341E-01 5.21426E-01 7.97467E-01 8.62301E-01
 6.45654E+00 3.23606E-01 5.23326E-01 7.99657E-01 8.64168E-01
 6.53131E+00 3.24859E-01 5.25210E-01 8.01829E-01 8.66018E-01
 6.60693E+00 3.26101E-01 5.27078E-01 8.03981E-01 8.67852E-01
 6.68344E+00 3.27332E-01 5.28930E-01 8.06114E-01 8.69669E-01
 6.76083E+00 3.28552E-01 5.30766E-01 8.08229E-01 8.71469E-01
 6.83912E+00 3.29761E-01 5.32586E-01 8.10324E-01 8.73253E-01
 6.91831E+00 3.30958E-01 5.34390E-01 8.12400E-01 8.75021E-01
 6.99842E+00 3.32144E-01 5.36177E-01 8.14456E-01 8.76772E-01
 7.07946E+00 3.33319E-01 5.37947E-01 8.16494E-01 8.78506E-01
 7.16143E+00 3.34482E-01 5.39701E-01 8.18512E-01 8.80223E-01
 7.24436E+00 3.35633E-01 5.41439E-01 8.20511E-01 8.81924E-01
 7.32825E+00 3.36773E-01 5.43160E-01 8.22491E-01 8.83609E-01
 7.41310E+00 3.37901E-01 5.44865E-01 8.24452E-01 8.85276E-01
 7.49894E+00 3.39018E-01 5.46552E-01 8.26393E-01 8.86927E-01
 7.58578E+00 3.40123E-01 5.48223E-01 8.28315E-01 8.88562E-01
 7.67361E+00 3.41217E-01 5.49877E-01 8.30218E-01 8.90180E-01
 7.76247E+00 3.42299E-01 5.51515E-01 8.32102E-01 8.91781E-01
 7.85236E+00 3.43369E-01 5.53135E-01 8.33966E-01 8.93366E-01
 7.94328E+00 3.44428E-01 5.54739E-01 8.35811E-01 8.94934E-01
 8.03526E+00 3.45474E-01 5.56326E-01 8.37637E-01 8.96485E-01
 8.12831E+00 3.46509E-01 5.57896E-01 8.39445E-01 8.98020E-01
 8.22243E+00 3.47533E-01 5.59449E-01 8.41233E-01 8.99539E-01
 8.31764E+00 3.48544E-01 5.60985E-01 8.43001E-01 9.01041E-01
 8.41395E+00 3.49544E-01 5.62504E-01 8.44751E-01 9.02526E-01
 8.51138E+00 3.50533E-01 5.64007E-01 8.46483E-01 9.03995E-01
 8.60994E+00 3.51509E-01 5.65492E-01 8.48195E-01 9.05448E-01
 8.70964E+00 3.52474E-01 5.66961E-01 8.49888E-01 9.06885E-01
 8.81049E+00 3.53428E-01 5.68412E-01 8.51563E-01 9.08305E-01
 8.91251E+00 3.54369E-01 5.69847E-01 8.53219E-01 9.09709E-01
 9.01571E+00 3.55300E-01 5.71266E-01 8.54857E-01 9.11097E-01
 9.12011E+00 3.56218E-01 5.72667E-01 8.56476E-01 9.12468E-01
 9.22571E+00 3.57125E-01 5.74051E-01 8.58076E-01 9.13824E-01
 9.33254E+00 3.58021E-01 5.75419E-01 8.59658E-01 9.15163E-01
 9.44061E+00 3.58905E-01 5.76771E-01 8.61222E-01 9.16487E-01
 9.54993E+00 3.59777E-01 5.78105E-01 8.62768E-01 9.17794E-01
 9.66051E+00 3.60639E-01 5.79423E-01 8.64296E-01 9.19086E-01
 9.77237E+00 3.61489E-01 5.80725E-01 8.65805E-01 9.20362E-01
 9.88553E+00 3.62327E-01 5.82010E-01 8.67297E-01 9.21622E-01
 1.00000E+01 3.63155E-01 5.83278E-01 8.68771E-01 9.22866E-01
 1.01158E+01 3.63971E-01 5.84530E-01 8.70227E-01 9.24095E-01
 1.02329E+01 3.64776E-01 5.85766E-01 8.71665E-01 9.25309E-01
 1.03514E+01 3.65570E-01 5.86986E-01 8.73086E-01 9.26507E-01
 1.04713E+01 3.66353E-01 5.88190E-01 8.74490E-01 9.27690E-01
 1.05925E+01 3.67125E-01 5.89377E-01 8.75876E-01 9.28857E-01
 1.07152E+01 3.67887E-01 5.90549E-01 8.77245E-01 9.30010E-01
 1.08393E+01 3.68637E-01 5.91704E-01 8.78597E-01 9.31147E-01
 1.09648E+01 3.69376E-01 5.92844E-01 8.79931E-01 9.32270E-01
 1.10917E+01 3.70105E-01 5.93968E-01 8.81249E-01 9.33377E-01
 1.12202E+01 3.70824E-01 5.95076E-01 8.82550E-01 9.34470E-01
 1.13501E+01 3.71532E-01 5.96169E-01 8.83835E-01 9.35548E-01
 1.14815E+01 3.72229E-01 5.97246E-01 8.85103E-01 9.36612E-01
 1.16145E+01 3.72916E-01 5.98308E-01 8.86355E-01 9.37661E-01
 1.17490E+01 3.73593E-01 5.99355E-01 8.87590E-01 9.38696E-01
 1.18850E+01 3.74259E-01 6.00387E-01 8.88809E-01 9.39716E-01
 1.20226E+01 3.74915E-01 6.01403E-01 8.90012E-01 9.40723E-01
 1.21619E+01 3.75562E-01 6.02404E-01 8.91199E-01 9.41715E-01
 1.23027E+01 3.76198E-01 6.03391E-01 8.92370E-01 9.42694E-01
 1.24451E+01 3.76824E-01 6.04363E-01 8.93526E-01 9.43658E-01
 1.25893E+01 3.77441E-01 6.05320E-01 8.94666E-01 9.44609E-01
 1.27350E+01 3.78048E-01 6.06263E-01 8.95790E-01 9.45547E-01
 1.28825E+01 3.78645E-01 6.07191E-01 8.96900E-01 9.46471E-01
 1.30317E+01 3.79233E-01 6.08106E-01 8.97994E-01 9.47381E-01
 1.31826E+01 3.79811E-01 6.09006E-01 8.99073E-01 9.48279E-01
 1.33352E+01 3.80380E-01 6.09892E-01 9.00137E-01 9.49163E-01
 1.34896E+01 3.80940E-01 6.10764E-01 9.01186E-01 9.50035E-01
 1.36458E+01 3.81491E-01 6.11622E-01 9.02220E-01 9.50893E-01
 1.38038E+01 3.82032E-01 6.12467E-01 9.03240E-01 9.51739E-01
 1.39637E+01 3.82565E-01 6.13298E-01 9.04246E-01 9.52573E-01
 1.41254E+01 3.83089E-01 6.14116E-01 9.05237E-01 9.53394E-01
 1.42889E+01 3.83604E-01 6.14920E-01 9.06214E-01 9.54202E-01
 1.44544E+01 3.84110E-01 6.15712E-01 9.07177E-01 9.54999E-01
 1.46218E+01 3.84608E-01 6.16491E-01 9.08126E-01 9.55783E-01
 1.47911E+01 3.85098E-01 6.17256E-01 9.09061E-01 9.56555E-01
 1.49624E+01 3.85579E-01 6.18009E-01 9.09983E-01 9.57316E-01
 1.51356E+01 3.86051E-01 6.18750E-01 9.10891E-01 9.58064E-01
 1.53109E+01 3.86516E-01 6.19478E-01 9.11786E-01 9.58802E-01
 1.54882E+01 3.86973E-01 6.20194E-01 9.12667E-01 9.59528E-01
 1.56675E+01 3.87421E-01 6.20897E-01 9.13535E-01 9.60242E-01
 1.58489E+01 3.87862E-01 6.21589E-01 9.14391E-01 9.60945E-01
 1.60325E+01 3.88295E-01 6.22269E-01 9.15233E-01 9.61638E-01
 1.62181E+01 3.88720E-01 6.22937E-01 9.16063E-01 9.62319E-01
 1.64059E+01 3.89138E-01 6.23594E-01 9.16880E-01 9.62990E-01
 1.65959E+01 3.89548E-01 6.24239E-01 9.17684E-01 9.63650E-01
 1.67880E+01 3.89951E-01 6.24873E-01 9.18476E-01 9.64299E-01
 1.69824E+01 3.90347E-01 6.25495E-01 9.19256E-01 9.64938E-01
 1.71791E+01 3.90736E-01 6.26107E-01 9.20024E-01 9.65567E-01
 1.73780E+01 3.91117E-01 6.26708E-01 9.20780E-01 9.66185E-01
 1.75792E+01 3.91492E-01 6.27298E-01 9.21524E-01 9.66794E-01
 1.77828E+01 3.91860E-01 6.27878E-01 9.22256E-01 9.67393E-01
 1.79887E+01 3.92221E-01 6.28447E-01 9.22977E-01 9.67981E-01
 1.81970E+01 3.92575E-01 6.29006E-01 9.23686E-01 9.68561E-01
 1.84077E+01 3.92923E-01 6.29555E-01 9.24384E-01 9.69130E-01
 1.86209E+01 3.93264E-01 6.30094E-01 9.25070E-01 9.69691E-01
 1.88365E+01 3.93599E-01 6.30622E-01 9.25746E-01 9.70242E-01
 1.90546E+01 3.93927E-01 6.31142E-01 9.26410E-01 9.70784E-01
 1.92752E+01 3.94250E-01 6.31651E-01 9.27064E-01 9.71317E-01
 1.94984E+01 3.94566E-01 6.32152E-01 9.27707E-01 9.71841E-01
 1.97242E+01 3.94877E-01 6.32642E-01 9.28340E-01 9.72356E-01
 1.99526E+01 3.95181E-01 6.33124E-01 9.28962E-01 9.72863E-01
 2.01837E+01 3.95480E-01 6.33597E-01 9.29573E-01 9.73361E-01
 2.04174E+01 3.95773E-01 6.34061E-01 9.30175E-01 9.73850E-01
 2.06538E+01 3.96060E-01 6.34516E-01 9.30766E-01 9.74331E-01
 2.08930E+01 3.96342E-01 6.34962E-01 9.31347E-01 9.74805E-01
 2.11349E+01 3.96618E-01 6.35400E-01 9.31919E-01 9.75270E-01
 2.13796E+01 3.96890E-01 6.35830E-01 9.32481E-01 9.75727E-01
 2.16272E+01 3.97155E-01 6.36251E-01 9.33033E-01 9.76176E-01
 2.18776E+01 3.97416E-01 6.36665E-01 9.33576E-01 9.76618E-01
 2.21309E+01 3.97672E-01 6.37070E-01 9.34109E-01 9.77051E-01
 2.23872E+01 3.97922E-01 6.37468E-01 9.34633E-01 9.77478E-01
 2.26464E+01 3.98168E-01 6.37857E-01 9.35148E-01 9.77897E-01
 2.29087E+01 3.98408E-01 6.38240E-01 9.35654E-01 9.78309E-01
 2.31739E+01 3.98644E-01 6.38614E-01 9.36151E-01 9.78713E-01
 2.34423E+01 3.98876E-01 6.38982E-01 9.36639E-01 9.79111E-01
 2.37137E+01 3.99103E-01 6.39342E-01 9.37119E-01 9.79501E-01
 2.39883E+01 3.99325E-01 6.39695E-01 9.37590E-01 9.79885E-01
 2.42661E+01 3.99543E-01 6.40041E-01 9.38053E-01 9.80262E-01
 2.45471E+01 3.99756E-01 6.40381E-01 9.38508E-01 9.80632E-01
 2.48313E+01 3.99965E-01 6.40713E-01 9.38954E-01 9.80995E-01
 2.51189E+01 4.00170E-01 6.41039E-01 9.39392E-01 9.81353E-01
 2.54097E+01 4.00371E-01 6.41359E-01 9.39822E-01 9.81704E-01
 2.57040E+01 4.00568E-01 6.41672E-01 9.40245E-01 9.82048E-01
 2.60016E+01 4.00761E-01 6.41979E-01 9.40660E-01 9.82387E-01
 2.63027E+01 4.00950E-01 6.42280E-01 9.41067E-01 9.82719E-01
 2.66073E+01 4.01135E-01 6.42574E-01 9.41466E-01 9.83046E-01
 2.69153E+01 4.01316E-01 6.42863E-01 9.41859E-01 9.83366E-01
 2.72270E+01 4.01494E-01 6.43146E-01 9.42244E-01 9.83681E-01
 2.75423E+01 4.01668E-01 6.43423E-01 9.42621E-01 9.83990E-01
 2.78612E+01 4.01838E-01 6.43695E-01 9.42992E-01 9.84294E-01
 2.81838E+01 4.02005E-01 6.43961E-01 9.43356E-01 9.84592E-01
 2.85102E+01 4.02168E-01 6.44221E-01 9.43713E-01 9.84884E-01
 2.88403E+01 4.02329E-01 6.44476E-01 9.44063E-01 9.85171E-01
 2.91743E+01 4.02485E-01 6.44726E-01 9.44406E-01 9.85454E-01
 2.95121E+01 4.02639E-01 6.44971E-01 9.44743E-01 9.85730E-01
 2.98538E+01 4.02789E-01 6.45211E-01 9.45074E-01 9.86002E-01
 3.01995E+01 4.02937E-01 6.45446E-01 9.45398E-01 9.86269E-01
 3.05492E+01 4.03081E-01 6.45676E-01 9.45716E-01 9.86531E-01
 3.09030E+01 4.03222E-01 6.45901E-01 9.46027E-01 9.86788E-01
 3.12608E+01 4.03360E-01 6.46122E-01 9.46333E-01 9.87040E-01
 3.16228E+01 4.03496E-01 6.46338E-01 9.46633E-01 9.87288E-01
 3.19890E+01 4.03628E-01 6.46549E-01 9.46927E-01 9.87531E-01
 3.23594E+01 4.03758E-01 6.46756E-01 9.47215E-01 9.87770E-01
 3.27341E+01 4.03885E-01 6.46959E-01 9.47498E-01 9.88004E-01
 3.31131E+01 4.04010E-01 6.47158E-01 9.47775E-01 9.88234E-01
 3.34965E+01 4.04131E-01 6.47352E-01 9.48046E-01 9.88459E-01
 3.38844E+01 4.04251E-01 6.47543E-01 9.48313E-01 9.88681E-01
 3.42768E+01 4.04367E-01 6.47729E-01 9.48573E-01 9.88898E-01
 3.46737E+01 4.04482E-01 6.47911E-01 9.48829E-01 9.89111E-01
 3.50752E+01 4.04593E-01 6.48090E-01 9.49080E-01 9.89320E-01
 3.54813E+01 4.04703E-01 6.48265E-01 9.49325E-01 9.89525E-01
 3.58922E+01 4.04810E-01 6.48436E-01 9.49566E-01 9.89727E-01
 3.63078E+01 4.04915E-01 6.48603E-01 9.49802E-01 9.89924E-01
 3.67282E+01 4.05018E-01 6.48767E-01 9.50033E-01 9.90118E-01
 3.71535E+01 4.05118E-01 6.48928E-01 9.50259E-01 9.90308E-01
 3.75837E+01 4.05216E-01 6.49085E-01 9.50481E-01 9.90494E-01
 3.80189E+01 4.05312E-01 6.49239E-01 9.50699E-01 9.90677E-01
 3.84592E+01 4.05407E-01 6.49389E-01 9.50912E-01 9.90857E-01
 3.89045E+01 4.05499E-01 6.49536E-01 9.51120E-01 9.91033E-01
 3.93550E+01 4.05589E-01 6.49681E-01 9.51324E-01 9.91206E-01
 3.98107E+01 4.05677E-01 6.49822E-01 9.51525E-01 9.91375E-01
 4.02717E+01 4.05764E-01 6.49960E-01 9.51721E-01 9.91541E-01
 4.07380E+01 4.05848E-01 6.50095E-01 9.51913E-01 9.91704E-01
 4.12098E+01 4.05931E-01 6.50227E-01 9.52101E-01 9.91864E-01
 4.16869E+01 4.06012E-01 6.50356E-01 9.52285E-01 9.92021E-01
 4.21697E+01 4.06091E-01 6.50483E-01 9.52465E-01 9.92175E-01
 4.26580E+01 4.06168E-01 6.50607E-01 9.52642E-01 9.92326E-01
 4.31519E+01 4.06244E-01 6.50728E-01 9.52815E-01 9.92474E-01
 4.36516E+01 4.06318E-01 6.50846E-01 9.52984E-01 9.92619E-01
 4.41570E+01 4.06391E-01 6.50962E-01 9.53150E-01 9.92761E-01
 4.46684E+01 4.06462E-01 6.51076E-01 9.53312E-01 9.92900E-01
 4.51856E+01 4.06531E-01 6.51187E-01 9.53471E-01 9.93037E-01
 4.57088E+01 4.06599E-01 6.51296E-01 9.53627E-01 9.93171E-01
 4.62381E+01 4.06665E-01 6.51402E-01 9.53779E-01 9.93303E-01
 4.67735E+01 4.06730E-01 6.51506E-01 9.53928E-01 9.93432E-01
 4.73151E+01 4.06794E-01 6.51608E-01 9.54074E-01 9.93558E-01
 4.78630E+01 4.06856E-01 6.51707E-01 9.54217E-01 9.93682E-01
 4.84172E+01 4.06917E-01 6.51805E-01 9.54357E-01 9.93804E-01
 4.89779E+01 4.06977E-01 6.51900E-01 9.54494E-01 9.93923E-01
 4.95450E+01 4.07035E-01 6.51993E-01 9.54628E-01 9.94040E-01
 5.01187E+01 4.07092E-01 6.52084E-01 9.54759E-01 9.94155E-01
 5.06991E+01 4.07148E-01 6.52173E-01 9.54887E-01 9.94267E-01
 5.12861E+01 4.07202E-01 6.52261E-01 9.55013E-01 9.94377E-01
 5.18800E+01 4.07255E-01 6.52346E-01 9.55136E-01 9.94485E-01
 5.24807E+01 4.07308E-01 6.52429E-01 9.55256E-01 9.94591E-01
 5.30884E+01 4.07359E-01 6.52511E-01 9.55374E-01 9.94694E-01
 5.37032E+01 4.07408E-01 6.52591E-01 9.55489E-01 9.94796E-01
 5.43250E+01 4.07457E-01 6.52669E-01 9.55602E-01 9.94896E-01
 5.49541E+01 4.07505E-01 6.52745E-01 9.55712E-01 9.94993E-01
 5.55904E+01 4.07552E-01 6.52820E-01 9.55820E-01 9.95089E-01
 5.62341E+01 4.07597E-01 6.52893E-01 9.55925E-01 9.95183E-01
 5.68853E+01 4.07642E-01 6.52965E-01 9.56029E-01 9.95275E-01
 5.75440E+01 4.07686E-01 6.53034E-01 9.56130E-01 9.95365E-01
 5.82103E+01 4.07728E-01 6.53103E-01 9.56229E-01 9.95454E-01
 5.88844E+01 4.07770E-01 6.53170E-01 9.56326E-01 9.95540E-01
 5.95662E+01 4.07811E-01 6.53235E-01 9.56420E-01 9.95625E-01
 6.02560E+01 4.07851E-01 6.53299E-01 9.56513E-01 9.95708E-01
 6.09537E+01 4.07890E-01 6.53362E-01 9.56604E-01 9.95790E-01
 6.16595E+01 4.07928E-01 6.53423E-01 9.56692E-01 9.95870E-01
 6.23735E+01 4.07966E-01 6.53483E-01 9.56779E-01 9.95948E-01
 6.30957E+01 4.08002E-01 6.53541E-01 9.56864E-01 9.96025E-01
 6.38263E+01 4.08038E-01 6.53598E-01 9.56947E-01 9.96100E-01
 6.45654E+01 4.08073E-01 6.53654E-01 9.57028E-01 9.96173E-01
 6.53131E+01 4.08107E-01 6.53709E-01 9.57107E-01 9.96245E-01
 6.60693E+01 4.08140E-01 6.53762E-01 9.57185E-01 9.96316E-01
 6.68344E+01 4.08173E-01 6.53815E-01 9.57261E-01 9.96385E-01
 6.76083E+01 4.08205E-01 6.53866E-01 9.57335E-01 9.96453E-01
 6.83912E+01 4.08236E-01 6.53916E-01 9.57408E-01 9.96520E-01
 6.91831E+01 4.08267E-01 6.53965E-01 9.57479E-01 9.96585E-01
 6.99842E+01 4.08297E-01 6.54013E-01 9.57549E-01 9.96649E-01
 7.07946E+01 4.08326E-01 6.54059E-01 9.57617E-01 9.96711E-01
 7.16143E+01 4.08354E-01 6.54105E-01 9.57683E-01 9.96773E-01
 7.24436E+01 4.08382E-01 6.54150E-01 9.57748E-01 9.96833E-01
 7.32825E+01 4.08410E-01 6.54194E-01 9.57812E-01 9.96891E-01
 7.41310E+01 4.08436E-01 6.54236E-01 9.57874E-01 9.96949E-01
 7.49894E+01 4.08463E-01 6.54278E-01 9.57935E-01 9.97005E-01
 7.58578E+01 4.08488E-01 6.54319E-01 9.57995E-01 9.97061E-01
 7.67361E+01 4.08513E-01 6.54359E-01 9.58053E-01 9.97115E-01
 7.76247E+01 4.08537E-01 6.54398E-01 9.58110E-01 9.97168E-01
 7.85236E+01 4.08561E-01 6.54436E-01 9.58165E-01 9.97220E-01
 7.94328E+01 4.08585E-01 6.54474E-01 9.58220E-01 9.97270E-01
 8.03526E+01 4.08607E-01 6.54510E-01 9.58273E-01 9.97320E-01
 8.12831E+01 4.08630E-01 6.54546E-01 9.58325E-01 9.97369E-01
 8.22243E+01 4.08652E-01 6.54581E-01 9.58376E-01 9.97417E-01
 8.31764E+01 4.08673E-01 6.54615E-01 9.58426E-01 9.97464E-01
 8.41395E+01 4.08694E-01 6.54648E-01 9.58474E-01 9.97509E-01
 8.51138E+01 4.08714E-01 6.54681E-01 9.58522E-01 9.97554E-01
 8.60994E+01 4.08734E-01 6.54713E-01 9.58568E-01 9.97598E-01
 8.70964E+01 4.08753E-01 6.54744E-01 9.58614E-01 9.97641E-01
 8.81049E+01 4.08773E-01 6.54775E-01 9.58658E-01 9.97684E-01
 8.91251E+01 4.08791E-01 6.54805E-01 9.58702E-01 9.97725E-01
 9.01571E+01 4.08809E-01 6.54834E-01 9.58745E-01 9.97765E-01
 9.12011E+01 4.08827E-01 6.54862E-01 9.58786E-01 9.97805E-01
 9.22571E+01 4.08845E-01 6.54890E-01 9.58827E-01 9.97844E-01
 9.33254E+01 4.08862E-01 6.54917E-01 9.58867E-01 9.97881E-01
 9.44061E+01 4.08878E-01 6.54944E-01 9.58905E-01 9.97919E-01
 9.54993E+01 4.08894E-01 6.54970E-01 9.58943E-01 9.97955E-01
 9.66051E+01 4.08910E-01 6.54995E-01 9.58981E-01 9.97991E-01
 9.77237E+01 4.08926E-01 6.55020E-01 9.59017E-01 9.98025E-01
 9.88553E+01 4.08941E-01 6.55045E-01 9.59052E-01 9.98060E-01
 1.00000E+02 4.08956E-01 6.55068E-01 9.59087E-01 9.98093E-01
