 1.00000E-02 2.14018E-02 4.08328E-02 7.57004E-02 8.16928E-02
 2.00000E-02 2.40588E-02 4.63872E-02 8.88196E-02 9.69991E-02
 3.00000E-02 2.67655E-02 5.21373E-02 1.03211E-01 1.14521E-01
 4.00000E-02 2.95147E-02 5.79810E-02 1.18501E-01 1.34612E-01
 5.00000E-02 3.22812E-02 6.38503E-02 1.34187E-01 1.57291E-01
 6.00000E-02 3.50445E-02 6.96935E-02 1.49823E-01 1.80939E-01
 7.00000E-02 3.77907E-02 7.54688E-02 1.65134E-01 2.03736E-01
 8.00000E-02 4.05113E-02 8.11461E-02 1.79972E-01 2.25361E-01
 9.00000E-02 4.31975E-02 8.67135E-02 1.94271E-01 2.45828E-01
 1.00000E-01 4.58467E-02 9.21591E-02 2.08017E-01 2.65205E-01
 1.10000E-01 4.84544E-02 9.74789E-02 2.21215E-01 2.83570E-01
 1.20000E-01 5.10212E-02 1.02674E-01 2.33887E-01 3.00985E-01
 1.30000E-01 5.35455E-02 1.07743E-01 2.46053E-01 3.17533E-01
 1.40000E-01 5.60276E-02 1.12690E-01 2.57736E-01 3.33262E-01
 1.50000E-01 5.84691E-02 1.17516E-01 2.68961E-01 3.48244E-01
 1.60000E-01 6.08701E-02 1.22228E-01 2.79754E-01 3.62517E-01
 1.70000E-01 6.32322E-02 1.26829E-01 2.90142E-01 3.76145E-01
 1.80000E-01 6.55569E-02 1.31323E-01 3.00143E-01 3.89156E-01
 1.90000E-01 6.78461E-02 1.35715E-01 3.09781E-01 4.01606E-01
 2.00000E-01 7.01009E-02 1.40009E-01 3.19077E-01 4.13519E-01
 2.10000E-01 7.23233E-02 1.44211E-01 3.28047E-01 4.24938E-01
 2.20000E-01 7.45150E-02 1.48325E-01 3.36714E-01 4.35888E-01
 2.30000E-01 7.66778E-02 1.52354E-01 3.45090E-01 4.46402E-01
 2.40000E-01 7.88132E-02 1.56304E-01 3.53193E-01 4.56506E-01
 2.50000E-01 8.09232E-02 1.60178E-01 3.61038E-01 4.66219E-01
 2.60000E-01 8.30095E-02 1.63980E-01 3.68637E-01 4.75574E-01
 2.70000E-01 8.50732E-02 1.67713E-01 3.76005E-01 4.84584E-01
 2.80000E-01 8.71167E-02 1.71383E-01 3.83153E-01 4.93269E-01
 2.90000E-01 8.91408E-02 1.74991E-01 3.90092E-01 5.01651E-01
 3.00000E-01 9.11476E-02 1.78541E-01 3.96832E-01 5.09741E-01
 3.10000E-01 9.31382E-02 1.82037E-01 4.03384E-01 5.17559E-01
 3.20000E-01 9.51140E-02 1.85480E-01 4.09757E-01 5.25119E-01
 3.30000E-01 9.70764E-02 1.88875E-01 4.15960E-01 5.32432E-01
 3.40000E-01 9.90267E-02 1.92223E-01 4.22000E-01 5.39511E-01
 3.50000E-01 1.00966E-01 1.95527E-01 4.27885E-01 5.46371E-01
 3.60000E-01 1.02896E-01 1.98790E-01 4.33622E-01 5.53018E-01
 3.70000E-01 1.04818E-01 2.02014E-01 4.39218E-01 5.59464E-01
 3.80000E-01 1.06732E-01 2.05201E-01 4.44679E-01 5.65721E-01
 3.90000E-01 1.08640E-01 2.08352E-01 4.50011E-01 5.71795E-01
 4.00000E-01 1.10543E-01 2.11471E-01 4.55219E-01 5.77695E-01
 4.10000E-01 1.12441E-01 2.14559E-01 4.60310E-01 5.83428E-01
 4.20000E-01 1.14337E-01 2.17616E-01 4.65288E-01 5.89003E-01
 4.30000E-01 1.16230E-01 2.20647E-01 4.70156E-01 5.94427E-01
 4.40000E-01 1.18121E-01 2.23651E-01 4.74919E-01 5.99705E-01
 4.50000E-01 1.20012E-01 2.26630E-01 4.79582E-01 6.04844E-01
 4.60000E-01 1.21903E-01 2.29586E-01 4.84150E-01 6.09848E-01
 4.70000E-01 1.23795E-01 2.32520E-01 4.88624E-01 6.14725E-01
 4.80000E-01 1.25689E-01 2.35433E-01 4.93008E-01 6.19479E-01
 4.90000E-01 1.27586E-01 2.38327E-01 4.97307E-01 6.24115E-01
 5.00000E-01 1.29486E-01 2.41202E-01 5.01523E-01 6.28637E-01
 5.10000E-01 1.31390E-01 2.44060E-01 5.05658E-01 6.33049E-01
 5.20000E-01 1.33298E-01 2.46902E-01 5.09716E-01 6.37356E-01
 5.30000E-01 1.35212E-01 2.49728E-01 5.13699E-01 6.41562E-01
 5.40000E-01 1.37132E-01 2.52541E-01 5.17611E-01 6.45670E-01
 5.50000E-01 1.39058E-01 2.55340E-01 5.21452E-01 6.49684E-01
 5.60000E-01 1.40991E-01 2.58126E-01 5.25226E-01 6.53608E-01
 5.70000E-01 1.42932E-01 2.60901E-01 5.28934E-01 6.57443E-01
 5.80000E-01 1.44881E-01 2.63665E-01 5.32579E-01 6.61193E-01
 5.90000E-01 1.46839E-01 2.66418E-01 5.36162E-01 6.64861E-01
 6.00000E-01 1.48805E-01 2.69162E-01 5.39686E-01 6.68450E-01
 6.10000E-01 1.50781E-01 2.71897E-01 5.43152E-01 6.71962E-01
 6.20000E-01 1.52768E-01 2.74624E-01 5.46562E-01 6.75399E-01
 6.30000E-01 1.54764E-01 2.77344E-01 5.49917E-01 6.78765E-01
 6.40000E-01 1.56772E-01 2.80056E-01 5.53219E-01 6.82062E-01
 6.50000E-01 1.58790E-01 2.82762E-01 5.56469E-01 6.85291E-01
 6.60000E-01 1.60820E-01 2.85462E-01 5.59670E-01 6.88454E-01
 6.70000E-01 1.62862E-01 2.88157E-01 5.62822E-01 6.91554E-01
 6.80000E-01 1.64915E-01 2.90846E-01 5.65925E-01 6.94592E-01
 6.90000E-01 1.66981E-01 2.93532E-01 5.68983E-01 6.97570E-01
 7.00000E-01 1.69060E-01 2.96212E-01 5.71996E-01 7.00491E-01
 7.10000E-01 1.71151E-01 2.98890E-01 5.74965E-01 7.03354E-01
 7.20000E-01 1.73255E-01 3.01564E-01 5.77890E-01 7.06163E-01
 7.30000E-01 1.75371E-01 3.04235E-01 5.80774E-01 7.08919E-01
 7.40000E-01 1.77501E-01 3.06903E-01 5.83617E-01 7.11623E-01
 7.50000E-01 1.79644E-01 3.09569E-01 5.86421E-01 7.14276E-01
 7.60000E-01 1.81800E-01 3.12233E-01 5.89186E-01 7.16880E-01
 7.70000E-01 1.83969E-01 3.14895E-01 5.91912E-01 7.19436E-01
 7.80000E-01 1.86152E-01 3.17555E-01 5.94602E-01 7.21946E-01
 7.90000E-01 1.88347E-01 3.20214E-01 5.97255E-01 7.24411E-01
 8.00000E-01 1.90556E-01 3.22872E-01 5.99873E-01 7.26831E-01
 8.10000E-01 1.92777E-01 3.25529E-01 6.02457E-01 7.29208E-01
 8.20000E-01 1.95011E-01 3.28185E-01 6.05006E-01 7.31544E-01
 8.30000E-01 1.97258E-01 3.30840E-01 6.07523E-01 7.33839E-01
 8.40000E-01 1.99517E-01 3.33494E-01 6.10007E-01 7.36094E-01
 8.50000E-01 2.01788E-01 3.36148E-01 6.12459E-01 7.38310E-01
 8.60000E-01 2.04071E-01 3.38802E-01 6.14881E-01 7.40488E-01
 8.70000E-01 2.06366E-01 3.41455E-01 6.17272E-01 7.42629E-01
 8.80000E-01 2.08669E-01 3.44108E-01 6.19633E-01 7.44734E-01
 8.90000E-01 2.10944E-01 3.46760E-01 6.21966E-01 7.46804E-01
 9.00000E-01 2.13183E-01 3.49412E-01 6.24269E-01 7.48839E-01
 9.10000E-01 2.15386E-01 3.52064E-01 6.26545E-01 7.50841E-01
 9.20000E-01 2.17554E-01 3.54715E-01 6.28793E-01 7.52809E-01
 9.30000E-01 2.19687E-01 3.57365E-01 6.31015E-01 7.54746E-01
 9.40000E-01 2.21786E-01 3.60016E-01 6.33210E-01 7.56652E-01
 9.50000E-01 2.23851E-01 3.62665E-01 6.35380E-01 7.58527E-01
 9.60000E-01 2.25883E-01 3.65314E-01 6.37524E-01 7.60372E-01
 9.70000E-01 2.27881E-01 3.67961E-01 6.39643E-01 7.62188E-01
 9.80000E-01 2.29847E-01 3.70608E-01 6.41738E-01 7.63975E-01
 9.90000E-01 2.31782E-01 3.73254E-01 6.43810E-01 7.65734E-01
 1.00000E+00 2.33684E-01 3.75898E-01 6.45857E-01 7.67465E-01
 1.01158E+00 2.35849E-01 3.78959E-01 6.48200E-01 7.69437E-01
 1.02329E+00 2.37997E-01 3.82052E-01 6.50539E-01 7.71397E-01
 1.03514E+00 2.40128E-01 3.85179E-01 6.52874E-01 7.73343E-01
 1.04713E+00 2.42242E-01 3.88338E-01 6.55206E-01 7.75277E-01
 1.05925E+00 2.44339E-01 3.91531E-01 6.57533E-01 7.77197E-01
 1.07152E+00 2.46418E-01 3.94757E-01 6.59857E-01 7.79105E-01
 1.08393E+00 2.48478E-01 3.98016E-01 6.62177E-01 7.81000E-01
 1.09648E+00 2.50521E-01 4.01286E-01 6.64493E-01 7.82882E-01
 1.10917E+00 2.52545E-01 4.04528E-01 6.66804E-01 7.84750E-01
 1.12202E+00 2.54550E-01 4.07740E-01 6.69112E-01 7.86606E-01
 1.13501E+00 2.56536E-01 4.10921E-01 6.71415E-01 7.88448E-01
 1.14815E+00 2.58502E-01 4.14071E-01 6.73713E-01 7.90277E-01
 1.16145E+00 2.60450E-01 4.17190E-01 6.76008E-01 7.92093E-01
 1.17490E+00 2.62377E-01 4.20278E-01 6.78297E-01 7.93895E-01
 1.18850E+00 2.64285E-01 4.23334E-01 6.80582E-01 7.95685E-01
 1.20226E+00 2.66173E-01 4.26358E-01 6.82863E-01 7.97461E-01
 1.21619E+00 2.68041E-01 4.29350E-01 6.85138E-01 7.99223E-01
 1.23027E+00 2.69889E-01 4.32310E-01 6.87409E-01 8.00972E-01
 1.24451E+00 2.71717E-01 4.35238E-01 6.89675E-01 8.02708E-01
 1.25893E+00 2.73524E-01 4.38133E-01 6.91935E-01 8.04431E-01
 1.27350E+00 2.75311E-01 4.40995E-01 6.94191E-01 8.06140E-01
 1.28825E+00 2.77078E-01 4.43825E-01 6.96442E-01 8.07836E-01
 1.30317E+00 2.78824E-01 4.46621E-01 6.98687E-01 8.09518E-01
 1.31826E+00 2.80549E-01 4.49385E-01 7.00927E-01 8.11187E-01
 1.33352E+00 2.82254E-01 4.52117E-01 7.03161E-01 8.12843E-01
 1.34896E+00 2.83939E-01 4.54815E-01 7.05390E-01 8.14486E-01
 1.36458E+00 2.85603E-01 4.57481E-01 7.07614E-01 8.16115E-01
 1.38038E+00 2.87247E-01 4.60113E-01 7.09832E-01 8.17731E-01
 1.39637E+00 2.88870E-01 4.62713E-01 7.12044E-01 8.19333E-01
 1.41254E+00 2.90473E-01 4.65281E-01 7.14251E-01 8.20923E-01
 1.42889E+00 2.92055E-01 4.67816E-01 7.16451E-01 8.22499E-01
 1.44544E+00 2.93617E-01 4.70318E-01 7.18646E-01 8.24062E-01
 1.46218E+00 2.95159E-01 4.72788E-01 7.20835E-01 8.25611E-01
 1.47911E+00 2.96681E-01 4.75226E-01 7.23017E-01 8.27148E-01
 1.49624E+00 2.98183E-01 4.77632E-01 7.25194E-01 8.28672E-01
 1.51356E+00 2.99666E-01 4.80006E-01 7.27364E-01 8.30183E-01
 1.53109E+00 3.01128E-01 4.82349E-01 7.29528E-01 8.31680E-01
 1.54882E+00 3.02571E-01 4.84659E-01 7.31686E-01 8.33165E-01
 1.56675E+00 3.03994E-01 4.86939E-01 7.33837E-01 8.34637E-01
 1.58489E+00 3.05397E-01 4.89188E-01 7.35982E-01 8.36096E-01
 1.60325E+00 3.06782E-01 4.91405E-01 7.38119E-01 8.37542E-01
 1.62181E+00 3.08147E-01 4.93592E-01 7.40251E-01 8.38976E-01
 1.64059E+00 3.09493E-01 4.95749E-01 7.42375E-01 8.40397E-01
 1.65959E+00 3.10821E-01 4.97875E-01 7.44493E-01 8.41805E-01
 1.67880E+00 3.12130E-01 4.99972E-01 7.46603E-01 8.43201E-01
 1.69824E+00 3.13420E-01 5.02039E-01 7.48707E-01 8.44585E-01
 1.71791E+00 3.14692E-01 5.04076E-01 7.50803E-01 8.45956E-01
 1.73780E+00 3.15946E-01 5.06085E-01 7.52892E-01 8.47315E-01
 1.75792E+00 3.17182E-01 5.08065E-01 7.54974E-01 8.48662E-01
 1.77828E+00 3.18401E-01 5.10016E-01 7.57049E-01 8.49997E-01
 1.79887E+00 3.19601E-01 5.11940E-01 7.59116E-01 8.51320E-01
 1.81970E+00 3.20785E-01 5.13835E-01 7.61175E-01 8.52630E-01
 1.84077E+00 3.21951E-01 5.15703E-01 7.63227E-01 8.53929E-01
 1.86209E+00 3.23100E-01 5.17544E-01 7.65271E-01 8.55217E-01
 1.88365E+00 3.24232E-01 5.19357E-01 7.67307E-01 8.56492E-01
 1.90546E+00 3.25348E-01 5.21144E-01 7.69335E-01 8.57756E-01
 1.92752E+00 3.26447E-01 5.22905E-01 7.71355E-01 8.59009E-01
 1.94984E+00 3.27530E-01 5.24640E-01 7.73367E-01 8.60250E-01
 1.97242E+00 3.28597E-01 5.26350E-01 7.75371E-01 8.61480E-01
 1.99526E+00 3.29649E-01 5.28034E-01 7.77366E-01 8.62698E-01
 2.01837E+00 3.30685E-01 5.29693E-01 7.79353E-01 8.63906E-01
 2.04174E+00 3.31705E-01 5.31327E-01 7.81332E-01 8.65103E-01
 2.06538E+00 3.32710E-01 5.32938E-01 7.83302E-01 8.66288E-01
 2.08930E+00 3.33701E-01 5.34524E-01 7.85263E-01 8.67463E-01
 2.11349E+00 3.34676E-01 5.36087E-01 7.87216E-01 8.68628E-01
 2.13796E+00 3.35637E-01 5.37626E-01 7.89159E-01 8.69781E-01
 2.16272E+00 3.36584E-01 5.39143E-01 7.91094E-01 8.70925E-01
 2.18776E+00 3.37517E-01 5.40637E-01 7.93020E-01 8.72057E-01
 2.21309E+00 3.38435E-01 5.42108E-01 7.94936E-01 8.73180E-01
 2.23872E+00 3.39341E-01 5.43558E-01 7.96844E-01 8.74293E-01
 2.26464E+00 3.40232E-01 5.44986E-01 7.98742E-01 8.75395E-01
 2.29087E+00 3.41110E-01 5.46393E-01 8.00630E-01 8.76488E-01
 2.31739E+00 3.41976E-01 5.47779E-01 8.02509E-01 8.77570E-01
 2.34423E+00 3.42828E-01 5.49144E-01 8.04379E-01 8.78643E-01
 2.37137E+00 3.43668E-01 5.50489E-01 8.06239E-01 8.79707E-01
 2.39883E+00 3.44495E-01 5.51814E-01 8.08089E-01 8.80761E-01
 2.42661E+00 3.45310E-01 5.53120E-01 8.09929E-01 8.81805E-01
 2.45471E+00 3.46113E-01 5.54406E-01 8.11760E-01 8.82840E-01
 2.48313E+00 3.46904E-01 5.55673E-01 8.13580E-01 8.83866E-01
 2.51189E+00 3.47683E-01 5.56921E-01 8.15391E-01 8.84883E-01
 2.54097E+00 3.48451E-01 5.58151E-01 8.17189E-01 8.85891E-01
 2.57040E+00 3.49208E-01 5.59363E-01 8.18964E-01 8.86890E-01
 2.60016E+00 3.49953E-01 5.60557E-01 8.20712E-01 8.87881E-01
 2.63027E+00 3.50688E-01 5.61734E-01 8.22435E-01 8.88863E-01
 2.66073E+00 3.51412E-01 5.62893E-01 8.24132E-01 8.89836E-01
 2.69153E+00 3.52125E-01 5.64036E-01 8.25805E-01 8.90801E-01
 2.72270E+00 3.52828E-01 5.65162E-01 8.27453E-01 8.91757E-01
 2.75423E+00 3.53520E-01 5.66271E-01 8.29078E-01 8.92705E-01
 2.78612E+00 3.54203E-01 5.67365E-01 8.30679E-01 8.93645E-01
 2.81838E+00 3.54876E-01 5.68443E-01 8.32257E-01 8.94577E-01
 2.85102E+00 3.55539E-01 5.69505E-01 8.33812E-01 8.95501E-01
 2.88403E+00 3.56193E-01 5.70552E-01 8.35346E-01 8.96418E-01
 2.91743E+00 3.56837E-01 5.71584E-01 8.36857E-01 8.97326E-01
 2.95121E+00 3.57473E-01 5.72602E-01 8.38346E-01 8.98227E-01
 2.98538E+00 3.58099E-01 5.73605E-01 8.39815E-01 8.99121E-01
 3.01995E+00 3.58716E-01 5.74594E-01 8.41263E-01 9.00007E-01
 3.05492E+00 3.59325E-01 5.75569E-01 8.42690E-01 9.00885E-01
 3.09030E+00 3.59925E-01 5.76530E-01 8.44097E-01 9.01757E-01
 3.12608E+00 3.60517E-01 5.77478E-01 8.45485E-01 9.02621E-01
 3.16228E+00 3.61100E-01 5.78412E-01 8.46854E-01 9.03478E-01
 3.19890E+00 3.61675E-01 5.79334E-01 8.48203E-01 9.04328E-01
 3.23594E+00 3.62243E-01 5.80243E-01 8.49534E-01 9.05171E-01
 3.27341E+00 3.62802E-01 5.81139E-01 8.50846E-01 9.06008E-01
 3.31131E+00 3.63354E-01 5.82024E-01 8.52141E-01 9.06837E-01
 3.34965E+00 3.63899E-01 5.82896E-01 8.53417E-01 9.07660E-01
 3.38844E+00 3.64436E-01 5.83756E-01 8.54677E-01 9.08477E-01
 3.42768E+00 3.64966E-01 5.84604E-01 8.55919E-01 9.09287E-01
 3.46737E+00 3.65488E-01 5.85441E-01 8.57145E-01 9.10090E-01
 3.50752E+00 3.66004E-01 5.86267E-01 8.58354E-01 9.10887E-01
 3.54813E+00 3.66513E-01 5.87082E-01 8.59547E-01 9.11678E-01
 3.58922E+00 3.67015E-01 5.87886E-01 8.60724E-01 9.12463E-01
 3.63078E+00 3.67510E-01 5.88680E-01 8.61886E-01 9.13242E-01
 3.67282E+00 3.67999E-01 5.89463E-01 8.63032E-01 9.14014E-01
 3.71535E+00 3.68481E-01 5.90235E-01 8.64163E-01 9.14781E-01
 3.75837E+00 3.68957E-01 5.90998E-01 8.65280E-01 9.15541E-01
 3.80189E+00 3.69427E-01 5.91750E-01 8.66382E-01 9.16296E-01
 3.84592E+00 3.69891E-01 5.92493E-01 8.67469E-01 9.17045E-01
 3.89045E+00 3.70348E-01 5.93227E-01 8.68543E-01 9.17788E-01
 3.93550E+00 3.70800E-01 5.93950E-01 8.69603E-01 9.18526E-01
 3.98107E+00 3.71246E-01 5.94665E-01 8.70649E-01 9.19258E-01
 4.02717E+00 3.71687E-01 5.95371E-01 8.71682E-01 9.19985E-01
 4.07380E+00 3.72122E-01 5.96067E-01 8.72702E-01 9.20706E-01
 4.12098E+00 3.72551E-01 5.96755E-01 8.73709E-01 9.21421E-01
 4.16869E+00 3.72975E-01 5.97434E-01 8.74703E-01 9.22131E-01
 4.21697E+00 3.73394E-01 5.98105E-01 8.75685E-01 9.22836E-01
 4.26580E+00 3.73807E-01 5.98767E-01 8.76655E-01 9.23536E-01
 4.31519E+00 3.74216E-01 5.99421E-01 8.77612E-01 9.24230E-01
 4.36516E+00 3.74619E-01 6.00067E-01 8.78558E-01 9.24919E-01
 4.41570E+00 3.75017E-01 6.00705E-01 8.79492E-01 9.25603E-01
 4.46684E+00 3.75411E-01 6.01335E-01 8.80415E-01 9.26282E-01
 4.51856E+00 3.75799E-01 6.01958E-01 8.81326E-01 9.26956E-01
 4.57088E+00 3.76183E-01 6.02572E-01 8.82226E-01 9.27625E-01
 4.62381E+00 3.76562E-01 6.03180E-01 8.83116E-01 9.28289E-01
 4.67735E+00 3.76937E-01 6.03780E-01 8.83994E-01 9.28948E-01
 4.73151E+00 3.77307E-01 6.04373E-01 8.84862E-01 9.29602E-01
 4.78630E+00 3.77673E-01 6.04959E-01 8.85720E-01 9.30251E-01
 4.84172E+00 3.78034E-01 6.05537E-01 8.86567E-01 9.30895E-01
 4.89779E+00 3.78391E-01 6.06109E-01 8.87404E-01 9.31535E-01
 4.95450E+00 3.78744E-01 6.06674E-01 8.88232E-01 9.32170E-01
 5.01187E+00 3.79092E-01 6.07233E-01 8.89049E-01 9.32800E-01
 5.06991E+00 3.79437E-01 6.07784E-01 8.89857E-01 9.33425E-01
 5.12861E+00 3.79777E-01 6.08330E-01 8.90656E-01 9.34046E-01
 5.18800E+00 3.80114E-01 6.08869E-01 8.91445E-01 9.34662E-01
 5.24807E+00 3.80446E-01 6.09401E-01 8.92224E-01 9.35274E-01
 5.30884E+00 3.80775E-01 6.09928E-01 8.92995E-01 9.35881E-01
 5.37032E+00 3.81100E-01 6.10448E-01 8.93757E-01 9.36484E-01
 5.43250E+00 3.81421E-01 6.10962E-01 8.94510E-01 9.37082E-01
 5.49541E+00 3.81738E-01 6.11470E-01 8.95254E-01 9.37675E-01
 5.55904E+00 3.82052E-01 6.11973E-01 8.95989E-01 9.38264E-01
 5.62341E+00 3.82362E-01 6.12469E-01 8.96717E-01 9.38849E-01
 5.68853E+00 3.82668E-01 6.12960E-01 8.97435E-01 9.39429E-01
 5.75440E+00 3.82971E-01 6.13446E-01 8.98146E-01 9.40005E-01
 5.82103E+00 3.83271E-01 6.13925E-01 8.98848E-01 9.40577E-01
 5.88844E+00 3.83567E-01 6.14400E-01 8.99543E-01 9.41144E-01
 5.95662E+00 3.83859E-01 6.14869E-01 9.00229E-01 9.41707E-01
 6.02560E+00 3.84149E-01 6.15332E-01 9.00908E-01 9.42265E-01
 6.09537E+00 3.84435E-01 6.15790E-01 9.01579E-01 9.42820E-01
 6.16595E+00 3.84718E-01 6.16243E-01 9.02242E-01 9.43370E-01
 6.23735E+00 3.84997E-01 6.16691E-01 9.02898E-01 9.43915E-01
 6.30957E+00 3.85274E-01 6.17134E-01 9.03546E-01 9.44457E-01
 6.38263E+00 3.85547E-01 6.17572E-01 9.04187E-01 9.44994E-01
 6.45654E+00 3.85817E-01 6.18005E-01 9.04821E-01 9.45528E-01
 6.53131E+00 3.86085E-01 6.18433E-01 9.05448E-01 9.46057E-01
 6.60693E+00 3.86349E-01 6.18856E-01 9.06068E-01 9.46582E-01
 6.68344E+00 3.86610E-01 6.19275E-01 9.06680E-01 9.47103E-01
 6.76083E+00 3.86869E-01 6.19689E-01 9.07286E-01 9.47619E-01
 6.83912E+00 3.87124E-01 6.20098E-01 9.07885E-01 9.48132E-01
 6.91831E+00 3.87377E-01 6.20502E-01 9.08478E-01 9.48640E-01
 6.99842E+00 3.87626E-01 6.20902E-01 9.09063E-01 9.49145E-01
 7.07946E+00 3.87873E-01 6.21298E-01 9.09642E-01 9.49646E-01
 7.16143E+00 3.88118E-01 6.21689E-01 9.10215E-01 9.50142E-01
 7.24436E+00 3.88359E-01 6.22076E-01 9.10782E-01 9.50634E-01
 7.32825E+00 3.88598E-01 6.22459E-01 9.11342E-01 9.51123E-01
 7.41310E+00 3.88834E-01 6.22837E-01 9.11895E-01 9.51608E-01
 7.49894E+00 3.89067E-01 6.23211E-01 9.12443E-01 9.52088E-01
 7.58578E+00 3.89298E-01 6.23581E-01 9.12984E-01 9.52565E-01
 7.67361E+00 3.89527E-01 6.23946E-01 9.13520E-01 9.53038E-01
 7.76247E+00 3.89752E-01 6.24308E-01 9.14049E-01 9.53507E-01
 7.85236E+00 3.89976E-01 6.24666E-01 9.14573E-01 9.53972E-01
 7.94328E+00 3.90196E-01 6.25019E-01 9.15091E-01 9.54433E-01
 8.03526E+00 3.90415E-01 6.25369E-01 9.15603E-01 9.54890E-01
 8.12831E+00 3.90631E-01 6.25715E-01 9.16109E-01 9.55344E-01
 8.22243E+00 3.90844E-01 6.26057E-01 9.16610E-01 9.55793E-01
 8.31764E+00 3.91055E-01 6.26395E-01 9.17105E-01 9.56239E-01
 8.41395E+00 3.91264E-01 6.26729E-01 9.17594E-01 9.56681E-01
 8.51138E+00 3.91470E-01 6.27060E-01 9.18079E-01 9.57120E-01
 8.60994E+00 3.91675E-01 6.27387E-01 9.18557E-01 9.57555E-01
 8.70964E+00 3.91877E-01 6.27710E-01 9.19031E-01 9.57985E-01
 8.81049E+00 3.92076E-01 6.28030E-01 9.19499E-01 9.58413E-01
 8.91251E+00 3.92274E-01 6.28346E-01 9.19962E-01 9.58836E-01
 9.01571E+00 3.92469E-01 6.28659E-01 9.20420E-01 9.59256E-01
 9.12011E+00 3.92662E-01 6.28968E-01 9.20873E-01 9.59673E-01
 9.22571E+00 3.92853E-01 6.29274E-01 9.21320E-01 9.60085E-01
 9.33254E+00 3.93042E-01 6.29577E-01 9.21763E-01 9.60494E-01
 9.44061E+00 3.93228E-01 6.29876E-01 9.22201E-01 9.60900E-01
 9.54993E+00 3.93413E-01 6.30171E-01 9.22634E-01 9.61302E-01
 9.66051E+00 3.93596E-01 6.30464E-01 9.23062E-01 9.61700E-01
 9.77237E+00 3.93776E-01 6.30753E-01 9.23486E-01 9.62095E-01
 9.88553E+00 3.93955E-01 6.31039E-01 9.23904E-01 9.62486E-01
 1.00000E+01 3.94131E-01 6.31322E-01 9.24318E-01 9.62874E-01
 1.01158E+01 3.94306E-01 6.31601E-01 9.24728E-01 9.63259E-01
 1.02329E+01 3.94478E-01 6.31878E-01 9.25133E-01 9.63640E-01
 1.03514E+01 3.94649E-01 6.32151E-01 9.25533E-01 9.64017E-01
 1.04713E+01 3.94818E-01 6.32422E-01 9.25929E-01 9.64391E-01
 1.05925E+01 3.94985E-01 6.32689E-01 9.26320E-01 9.64762E-01
 1.07152E+01 3.95150E-01 6.32954E-01 9.26707E-01 9.65129E-01
 1.08393E+01 3.95313E-01 6.33215E-01 9.27090E-01 9.65493E-01
 1.09648E+01 3.95474E-01 6.33474E-01 9.27469E-01 9.65854E-01
 1.10917E+01 3.95634E-01 6.33729E-01 9.27843E-01 9.66212E-01
 1.12202E+01 3.95792E-01 6.33982E-01 9.28213E-01 9.66566E-01
 1.13501E+01 3.95948E-01 6.34232E-01 9.28579E-01 9.66917E-01
 1.14815E+01 3.96102E-01 6.34479E-01 9.28941E-01 9.67264E-01
 1.16145E+01 3.96255E-01 6.34724E-01 9.29299E-01 9.67609E-01
 1.17490E+01 3.96406E-01 6.34965E-01 9.29653E-01 9.67950E-01
 1.18850E+01 3.96555E-01 6.35204E-01 9.30003E-01 9.68288E-01
 1.20226E+01 3.96702E-01 6.35441E-01 9.30349E-01 9.68623E-01
 1.21619E+01 3.96848E-01 6.35674E-01 9.30691E-01 9.68954E-01
 1.23027E+01 3.96993E-01 6.35905E-01 9.31029E-01 9.69283E-01
 1.24451E+01 3.97135E-01 6.36134E-01 9.31364E-01 9.69608E-01
 1.25893E+01 3.97276E-01 6.36360E-01 9.31694E-01 9.69931E-01
 1.27350E+01 3.97416E-01 6.36583E-01 9.32022E-01 9.70250E-01
 1.28825E+01 3.97554E-01 6.36804E-01 9.32345E-01 9.70567E-01
 1.30317E+01 3.97690E-01 6.37023E-01 9.32665E-01 9.70880E-01
 1.31826E+01 3.97825E-01 6.37239E-01 9.32981E-01 9.71190E-01
 1.33352E+01 3.97958E-01 6.37452E-01 9.33294E-01 9.71498E-01
 1.34896E+01 3.98090E-01 6.37663E-01 9.33603E-01 9.71802E-01
 1.36458E+01 3.98220E-01 6.37872E-01 9.33909E-01 9.72104E-01
 1.38038E+01 3.98349E-01 6.38079E-01 9.34211E-01 9.72402E-01
 1.39637E+01 3.98477E-01 6.38283E-01 9.34510E-01 9.72698E-01
 1.41254E+01 3.98603E-01 6.38485E-01 9.34805E-01 9.72991E-01
 1.42889E+01 3.98727E-01 6.38684E-01 9.35098E-01 9.73281E-01
 1.44544E+01 3.98851E-01 6.38882E-01 9.35387E-01 9.73568E-01
 1.46218E+01 3.98973E-01 6.39077E-01 9.35672E-01 9.73853E-01
 1.47911E+01 3.99093E-01 6.39270E-01 9.35955E-01 9.74134E-01
 1.49624E+01 3.99212E-01 6.39461E-01 9.36234E-01 9.74413E-01
 1.51356E+01 3.99330E-01 6.39649E-01 9.36511E-01 9.74689E-01
 1.53109E+01 3.99446E-01 6.39836E-01 9.36784E-01 9.74963E-01
 1.54882E+01 3.99562E-01 6.40020E-01 9.37054E-01 9.75234E-01
 1.56675E+01 3.99675E-01 6.40203E-01 9.37321E-01 9.75502E-01
 1.58489E+01 3.99788E-01 6.40383E-01 9.37585E-01 9.75767E-01
 1.60325E+01 3.99899E-01 6.40561E-01 9.37846E-01 9.76030E-01
 1.62181E+01 4.00009E-01 6.40738E-01 9.38104E-01 9.76290E-01
 1.64059E+01 4.00118E-01 6.40912E-01 9.38359E-01 9.76548E-01
 1.65959E+01 4.00226E-01 6.41084E-01 9.38611E-01 9.76803E-01
 1.67880E+01 4.00332E-01 6.41255E-01 9.38861E-01 9.77056E-01
 1.69824E+01 4.00437E-01 6.41423E-01 9.39108E-01 9.77306E-01
 1.71791E+01 4.00541E-01 6.41590E-01 9.39352E-01 9.77553E-01
 1.73780E+01 4.00644E-01 6.41754E-01 9.39593E-01 9.77798E-01
 1.75792E+01 4.00746E-01 6.41917E-01 9.39831E-01 9.78041E-01
 1.77828E+01 4.00846E-01 6.42078E-01 9.40067E-01 9.78281E-01
 1.79887E+01 4.00946E-01 6.42238E-01 9.40300E-01 9.78519E-01
 1.81970E+01 4.01044E-01 6.42395E-01 9.40531E-01 9.78754E-01
 1.84077E+01 4.01141E-01 6.42551E-01 9.40758E-01 9.78987E-01
 1.86209E+01 4.01237E-01 6.42705E-01 9.40984E-01 9.79218E-01
 1.88365E+01 4.01332E-01 6.42857E-01 9.41207E-01 9.79446E-01
 1.90546E+01 4.01426E-01 6.43007E-01 9.41427E-01 9.79672E-01
 1.92752E+01 4.01519E-01 6.43156E-01 9.41645E-01 9.79895E-01
 1.94984E+01 4.01611E-01 6.43303E-01 9.41860E-01 9.80117E-01
 1.97242E+01 4.01702E-01 6.43448E-01 9.42073E-01 9.80336E-01
 1.99526E+01 4.01791E-01 6.43592E-01 9.42283E-01 9.80553E-01
 2.01837E+01 4.01880E-01 6.43734E-01 9.42491E-01 9.80767E-01
 2.04174E+01 4.01968E-01 6.43875E-01 9.42697E-01 9.80980E-01
 2.06538E+01 4.02055E-01 6.44014E-01 9.42901E-01 9.81190E-01
 2.08930E+01 4.02140E-01 6.44151E-01 9.43102E-01 9.81398E-01
 2.11349E+01 4.02225E-01 6.44287E-01 9.43301E-01 9.81604E-01
 2.13796E+01 4.02309E-01 6.44421E-01 9.43497E-01 9.81808E-01
 2.16272E+01 4.02392E-01 6.44554E-01 9.43692E-01 9.82010E-01
 2.18776E+01 4.02474E-01 6.44686E-01 9.43884E-01 9.82210E-01
 2.21309E+01 4.02555E-01 6.44815E-01 9.44074E-01 9.82407E-01
 2.23872E+01 4.02635E-01 6.44944E-01 9.44262E-01 9.82603E-01
 2.26464E+01 4.02714E-01 6.45071E-01 9.44448E-01 9.82796E-01
 2.29087E+01 4.02793E-01 6.45196E-01 9.44632E-01 9.82987E-01
 2.31739E+01 4.02870E-01 6.45320E-01 9.44813E-01 9.83176E-01
 2.34423E+01 4.02947E-01 6.45443E-01 9.44993E-01 9.83363E-01
 2.37137E+01 4.03022E-01 6.45564E-01 9.45170E-01 9.83548E-01
 2.39883E+01 4.03097E-01 6.45684E-01 9.45346E-01 9.83731E-01
 2.42661E+01 4.03171E-01 6.45802E-01 9.45519E-01 9.83911E-01
 2.45471E+01 4.03244E-01 6.45920E-01 9.45691E-01 9.84090E-01
 2.48313E+01 4.03317E-01 6.46035E-01 9.45860E-01 9.84266E-01
 2.51189E+01 4.03388E-01 6.46150E-01 9.46028E-01 9.84441E-01
 2.54097E+01 4.03459E-01 6.46263E-01 9.46194E-01 9.84613E-01
 2.57040E+01 4.03529E-01 6.46375E-01 9.46358E-01 9.84784E-01
 2.60016E+01 4.03598E-01 6.46486E-01 9.46520E-01 9.84953E-01
 2.63027E+01 4.03666E-01 6.46595E-01 9.46680E-01 9.85119E-01
 2.66073E+01 4.03734E-01 6.46704E-01 9.46839E-01 9.85284E-01
 2.69153E+01 4.03801E-01 6.46811E-01 9.46995E-01 9.85447E-01
 2.72270E+01 4.03867E-01 6.46916E-01 9.47150E-01 9.85608E-01
 2.75423E+01 4.03932E-01 6.47021E-01 9.47303E-01 9.85768E-01
 2.78612E+01 4.03997E-01 6.47124E-01 9.47455E-01 9.85925E-01
 2.81838E+01 4.04060E-01 6.47227E-01 9.47604E-01 9.86081E-01
 2.85102E+01 4.04123E-01 6.47328E-01 9.47752E-01 9.86235E-01
 2.88403E+01 4.04186E-01 6.47427E-01 9.47899E-01 9.86387E-01
 2.91743E+01 4.04247E-01 6.47526E-01 9.48043E-01 9.86538E-01
 2.95121E+01 4.04308E-01 6.47624E-01 9.48186E-01 9.86686E-01
 2.98538E+01 4.04369E-01 6.47720E-01 9.48328E-01 9.86833E-01
 3.01995E+01 4.04428E-01 6.47816E-01 9.48467E-01 9.86979E-01
 3.05492E+01 4.04487E-01 6.47910E-01 9.48606E-01 9.87123E-01
 3.09030E+01 4.04545E-01 6.48004E-01 9.48742E-01 9.87265E-01
 3.12608E+01 4.04603E-01 6.48096E-01 9.48877E-01 9.87405E-01
 3.16228E+01 4.04660E-01 6.48187E-01 9.49011E-01 9.87544E-01
 3.19890E+01 4.04716E-01 6.48277E-01 9.49143E-01 9.87682E-01
 3.23594E+01 4.04772E-01 6.48366E-01 9.49273E-01 9.87818E-01
 3.27341E+01 4.04827E-01 6.48455E-01 9.49402E-01 9.87952E-01
 3.31131E+01 4.04881E-01 6.48542E-01 9.49530E-01 9.88085E-01
 3.34965E+01 4.04935E-01 6.48628E-01 9.49656E-01 9.88216E-01
 3.38844E+01 4.04988E-01 6.48713E-01 9.49781E-01 9.88346E-01
 3.42768E+01 4.05041E-01 6.48797E-01 9.49904E-01 9.88474E-01
 3.46737E+01 4.05093E-01 6.48880E-01 9.50026E-01 9.88601E-01
 3.50752E+01 4.05144E-01 6.48963E-01 9.50146E-01 9.88726E-01
 3.54813E+01 4.05195E-01 6.49044E-01 9.50266E-01 9.88850E-01
 3.58922E+01 4.05245E-01 6.49125E-01 9.50383E-01 9.88973E-01
 3.63078E+01 4.05295E-01 6.49204E-01 9.50500E-01 9.89094E-01
 3.67282E+01 4.05344E-01 6.49283E-01 9.50615E-01 9.89214E-01
 3.71535E+01 4.05393E-01 6.49360E-01 9.50729E-01 9.89332E-01
 3.75837E+01 4.05441E-01 6.49437E-01 9.50841E-01 9.89449E-01
 3.80189E+01 4.05488E-01 6.49513E-01 9.50952E-01 9.89565E-01
 3.84592E+01 4.05535E-01 6.49588E-01 9.51062E-01 9.89679E-01
 3.89045E+01 4.05581E-01 6.49663E-01 9.51171E-01 9.89792E-01
 3.93550E+01 4.05627E-01 6.49736E-01 9.51279E-01 9.89904E-01
 3.98107E+01 4.05672E-01 6.49809E-01 9.51385E-01 9.90015E-01
 4.02717E+01 4.05717E-01 6.49880E-01 9.51490E-01 9.90124E-01
 4.07380E+01 4.05761E-01 6.49951E-01 9.51594E-01 9.90232E-01
 4.12098E+01 4.05805E-01 6.50022E-01 9.51697E-01 9.90339E-01
 4.16869E+01 4.05849E-01 6.50091E-01 9.51798E-01 9.90445E-01
 4.21697E+01 4.05891E-01 6.50159E-01 9.51898E-01 9.90549E-01
 4.26580E+01 4.05934E-01 6.50227E-01 9.51998E-01 9.90653E-01
 4.31519E+01 4.05975E-01 6.50294E-01 9.52096E-01 9.90755E-01
 4.36516E+01 4.06017E-01 6.50360E-01 9.52193E-01 9.90856E-01
 4.41570E+01 4.06058E-01 6.50426E-01 9.52289E-01 9.90955E-01
 4.46684E+01 4.06098E-01 6.50491E-01 9.52383E-01 9.91054E-01
 4.51856E+01 4.06138E-01 6.50555E-01 9.52477E-01 9.91151E-01
 4.57088E+01 4.06178E-01 6.50618E-01 9.52570E-01 9.91248E-01
 4.62381E+01 4.06217E-01 6.50680E-01 9.52661E-01 9.91343E-01
 4.67735E+01 4.06255E-01 6.50742E-01 9.52752E-01 9.91437E-01
 4.73151E+01 4.06293E-01 6.50803E-01 9.52841E-01 9.91531E-01
 4.78630E+01 4.06331E-01 6.50864E-01 9.52930E-01 9.91623E-01
 4.84172E+01 4.06368E-01 6.50924E-01 9.53017E-01 9.91714E-01
 4.89779E+01 4.06405E-01 6.50983E-01 9.53104E-01 9.91804E-01
 4.95450E+01 4.06442E-01 6.51041E-01 9.53189E-01 9.91893E-01
 5.01187E+01 4.06478E-01 6.51099E-01 9.53274E-01 9.91981E-01
 5.06991E+01 4.06513E-01 6.51156E-01 9.53358E-01 9.92068E-01
 5.12861E+01 4.06549E-01 6.51212E-01 9.53440E-01 9.92154E-01
 5.18800E+01 4.06584E-01 6.51268E-01 9.53522E-01 9.92239E-01
 5.24807E+01 4.06618E-01 6.51323E-01 9.53603E-01 9.92323E-01
 5.30884E+01 4.06652E-01 6.51378E-01 9.53682E-01 9.92406E-01
 5.37032E+01 4.06686E-01 6.51432E-01 9.53761E-01 9.92488E-01
 5.43250E+01 4.06719E-01 6.51485E-01 9.53839E-01 9.92569E-01
 5.49541E+01 4.06752E-01 6.51538E-01 9.53917E-01 9.92649E-01
 5.55904E+01 4.06784E-01 6.51590E-01 9.53993E-01 9.92729E-01
 5.62341E+01 4.06817E-01 6.51641E-01 9.54068E-01 9.92807E-01
 5.68853E+01 4.06848E-01 6.51692E-01 9.54143E-01 9.92885E-01
 5.75440E+01 4.06880E-01 6.51743E-01 9.54216E-01 9.92961E-01
 5.82103E+01 4.06911E-01 6.51792E-01 9.54289E-01 9.93037E-01
 5.88844E+01 4.06941E-01 6.51842E-01 9.54361E-01 9.93112E-01
 5.95662E+01 4.06972E-01 6.51890E-01 9.54432E-01 9.93186E-01
 6.02560E+01 4.07002E-01 6.51938E-01 9.54503E-01 9.93259E-01
 6.09537E+01 4.07032E-01 6.51986E-01 9.54572E-01 9.93332E-01
 6.16595E+01 4.07061E-01 6.52033E-01 9.54641E-01 9.93403E-01
 6.23735E+01 4.07090E-01 6.52079E-01 9.54709E-01 9.93474E-01
 6.30957E+01 4.07119E-01 6.52125E-01 9.54776E-01 9.93544E-01
 6.38263E+01 4.07147E-01 6.52171E-01 9.54843E-01 9.93613E-01
 6.45654E+01 4.07175E-01 6.52215E-01 9.54909E-01 9.93682E-01
 6.53131E+01 4.07203E-01 6.52260E-01 9.54974E-01 9.93749E-01
 6.60693E+01 4.07230E-01 6.52304E-01 9.55038E-01 9.93816E-01
 6.68344E+01 4.07257E-01 6.52347E-01 9.55101E-01 9.93882E-01
 6.76083E+01 4.07284E-01 6.52390E-01 9.55164E-01 9.93948E-01
 6.83912E+01 4.07310E-01 6.52432E-01 9.55226E-01 9.94012E-01
 6.91831E+01 4.07336E-01 6.52474E-01 9.55287E-01 9.94076E-01
 6.99842E+01 4.07362E-01 6.52516E-01 9.55348E-01 9.94139E-01
 7.07946E+01 4.07388E-01 6.52557E-01 9.55408E-01 9.94201E-01
 7.16143E+01 4.07413E-01 6.52597E-01 9.55467E-01 9.94263E-01
 7.24436E+01 4.07438E-01 6.52637E-01 9.55526E-01 9.94324E-01
 7.32825E+01 4.07463E-01 6.52677E-01 9.55584E-01 9.94384E-01
 7.41310E+01 4.07487E-01 6.52716E-01 9.55641E-01 9.94444E-01
 7.49894E+01 4.07511E-01 6.52754E-01 9.55698E-01 9.94503E-01
 7.58578E+01 4.07535E-01 6.52793E-01 9.55754E-01 9.94561E-01
 7.67361E+01 4.07559E-01 6.52830E-01 9.55809E-01 9.94619E-01
 7.76247E+01 4.07582E-01 6.52868E-01 9.55864E-01 9.94676E-01
 7.85236E+01 4.07605E-01 6.52905E-01 9.55918E-01 9.94732E-01
 7.94328E+01 4.07628E-01 6.52941E-01 9.55971E-01 9.94787E-01
 8.03526E+01 4.07651E-01 6.52977E-01 9.56024E-01 9.94842E-01
 8.12831E+01 4.07673E-01 6.53013E-01 9.56076E-01 9.94897E-01
 8.22243E+01 4.07695E-01 6.53048E-01 9.56128E-01 9.94951E-01
 8.31764E+01 4.07717E-01 6.53083E-01 9.56179E-01 9.95004E-01
 8.41395E+01 4.07738E-01 6.53118E-01 9.56229E-01 9.95056E-01
 8.51138E+01 4.07759E-01 6.53152E-01 9.56279E-01 9.95108E-01
 8.60994E+01 4.07780E-01 6.53185E-01 9.56329E-01 9.95159E-01
 8.70964E+01 4.07801E-01 6.53219E-01 9.56377E-01 9.95210E-01
 8.81049E+01 4.07822E-01 6.53252E-01 9.56426E-01 9.95260E-01
 8.91251E+01 4.07842E-01 6.53284E-01 9.56473E-01 9.95310E-01
 9.01571E+01 4.07862E-01 6.53316E-01 9.56520E-01 9.95359E-01
 9.12011E+01 4.07882E-01 6.53348E-01 9.56567E-01 9.95407E-01
 9.22571E+01 4.07902E-01 6.53380E-01 9.56613E-01 9.95455E-01
 9.33254E+01 4.07921E-01 6.53411E-01 9.56659E-01 9.95503E-01
 9.44061E+01 4.07940E-01 6.53441E-01 9.56704E-01 9.95550E-01
 9.54993E+01 4.07959E-01 6.53472E-01 9.56748E-01 9.95596E-01
 9.66051E+01 4.07978E-01 6.53502E-01 9.56792E-01 9.95642E-01
 9.77237E+01 4.07997E-01 6.53532E-01 9.56836E-01 9.95687E-01
 9.88553E+01 4.08015E-01 6.53561E-01 9.56879E-01 9.95732E-01
 1.00000E+02 4.08033E-01 6.53590E-01 9.56921E-01 9.95776E-01
