 1.00000E-02 1.68889E-01 1.96965E-01 2.25163E-01 2.28467E-01
 2.00000E-02 1.71713E-01 2.00341E-01 2.29231E-01 2.32643E-01
 3.00000E-02 1.74727E-01 2.03954E-01 2.33535E-01 2.37064E-01
 4.00000E-02 1.77946E-01 2.07790E-01 2.38092E-01 2.41703E-01
 5.00000E-02 1.81352E-01 2.11814E-01 2.42846E-01 2.46559E-01
 6.00000E-02 1.84924E-01 2.16019E-01 2.47792E-01 2.51605E-01
 7.00000E-02 1.88649E-01 2.20380E-01 2.52901E-01 2.56816E-01
 8.00000E-02 1.92510E-01 2.24883E-01 2.58157E-01 2.62175E-01
 9.00000E-02 1.96490E-01 2.29510E-01 2.63542E-01 2.67665E-01
 1.00000E-01 2.00577E-01 2.34244E-01 2.69037E-01 2.73266E-01
 1.10000E-01 2.04757E-01 2.39074E-01 2.74630E-01 2.78966E-01
 1.20000E-01 2.09019E-01 2.43985E-01 2.80304E-01 2.84749E-01
 1.30000E-01 2.13349E-01 2.48963E-01 2.86045E-01 2.90600E-01
 1.40000E-01 2.17739E-01 2.54000E-01 2.91842E-01 2.96508E-01
 1.50000E-01 2.22179E-01 2.59084E-01 2.97684E-01 3.02460E-01
 1.60000E-01 2.26660E-01 2.64205E-01 3.03561E-01 3.08448E-01
 1.70000E-01 2.31173E-01 2.69356E-01 3.09462E-01 3.14461E-01
 1.80000E-01 2.35712E-01 2.74527E-01 3.15379E-01 3.20491E-01
 1.90000E-01 2.40270E-01 2.79713E-01 3.21305E-01 3.26529E-01
 2.00000E-01 2.44841E-01 2.84907E-01 3.27232E-01 3.32570E-01
 2.10000E-01 2.49420E-01 2.90102E-01 3.33154E-01 3.38605E-01
 2.20000E-01 2.54000E-01 2.95294E-01 3.39066E-01 3.44629E-01
 2.30000E-01 2.58579E-01 3.00478E-01 3.44961E-01 3.50638E-01
 2.40000E-01 2.63152E-01 3.05649E-01 3.50835E-01 3.56625E-01
 2.50000E-01 2.67714E-01 3.10804E-01 3.56684E-01 3.62587E-01
 2.60000E-01 2.72264E-01 3.15939E-01 3.62505E-01 3.68520E-01
 2.70000E-01 2.76798E-01 3.21050E-01 3.68292E-01 3.74421E-01
 2.80000E-01 2.81313E-01 3.26137E-01 3.74045E-01 3.80285E-01
 2.90000E-01 2.85806E-01 3.31195E-01 3.79759E-01 3.86111E-01
 3.00000E-01 2.90277E-01 3.36222E-01 3.85432E-01 3.91895E-01
 3.10000E-01 2.94722E-01 3.41218E-01 3.91063E-01 3.97635E-01
 3.20000E-01 2.99140E-01 3.46179E-01 3.96648E-01 4.03330E-01
 3.30000E-01 3.03531E-01 3.51105E-01 4.02187E-01 4.08978E-01
 3.40000E-01 3.07891E-01 3.55993E-01 4.07678E-01 4.14577E-01
 3.50000E-01 3.12220E-01 3.60843E-01 4.13120E-01 4.20125E-01
 3.60000E-01 3.16518E-01 3.65655E-01 4.18512E-01 4.25621E-01
 3.70000E-01 3.20783E-01 3.70426E-01 4.23852E-01 4.31065E-01
 3.80000E-01 3.25014E-01 3.75156E-01 4.29139E-01 4.36456E-01
 3.90000E-01 3.29211E-01 3.79845E-01 4.34374E-01 4.41792E-01
 4.00000E-01 3.33372E-01 3.84492E-01 4.39556E-01 4.47073E-01
 4.10000E-01 3.37499E-01 3.89096E-01 4.44683E-01 4.52298E-01
 4.20000E-01 3.41589E-01 3.93657E-01 4.49756E-01 4.57468E-01
 4.30000E-01 3.45644E-01 3.98175E-01 4.54775E-01 4.62582E-01
 4.40000E-01 3.49662E-01 4.02650E-01 4.59740E-01 4.67639E-01
 4.50000E-01 3.53643E-01 4.07081E-01 4.64649E-01 4.72639E-01
 4.60000E-01 3.57587E-01 4.11469E-01 4.69504E-01 4.77583E-01
 4.70000E-01 3.61495E-01 4.15812E-01 4.74305E-01 4.82471E-01
 4.80000E-01 3.65365E-01 4.20113E-01 4.79050E-01 4.87302E-01
 4.90000E-01 3.69198E-01 4.24369E-01 4.83742E-01 4.92076E-01
 5.00000E-01 3.72994E-01 4.28583E-01 4.88380E-01 4.96794E-01
 5.10000E-01 3.76754E-01 4.32752E-01 4.92963E-01 5.01456E-01
 5.20000E-01 3.80476E-01 4.36879E-01 4.97493E-01 5.06063E-01
 5.30000E-01 3.84161E-01 4.40962E-01 5.01971E-01 5.10614E-01
 5.40000E-01 3.87809E-01 4.45003E-01 5.06395E-01 5.15110E-01
 5.50000E-01 3.91421E-01 4.49001E-01 5.10767E-01 5.19552E-01
 5.60000E-01 3.94996E-01 4.52957E-01 5.15087E-01 5.23939E-01
 5.70000E-01 3.98536E-01 4.56871E-01 5.19356E-01 5.28273E-01
 5.80000E-01 4.02039E-01 4.60743E-01 5.23574E-01 5.32553E-01
 5.90000E-01 4.05506E-01 4.64574E-01 5.27741E-01 5.36781E-01
 6.00000E-01 4.08938E-01 4.68363E-01 5.31858E-01 5.40956E-01
 6.10000E-01 4.12334E-01 4.72112E-01 5.35926E-01 5.45080E-01
 6.20000E-01 4.15695E-01 4.75821E-01 5.39945E-01 5.49152E-01
 6.30000E-01 4.19022E-01 4.79489E-01 5.43916E-01 5.53174E-01
 6.40000E-01 4.22314E-01 4.83119E-01 5.47839E-01 5.57146E-01
 6.50000E-01 4.25572E-01 4.86708E-01 5.51715E-01 5.61069E-01
 6.60000E-01 4.28795E-01 4.90259E-01 5.55544E-01 5.64942E-01
 6.70000E-01 4.31985E-01 4.93772E-01 5.59327E-01 5.68768E-01
 6.80000E-01 4.35142E-01 4.97246E-01 5.63064E-01 5.72546E-01
 6.90000E-01 4.38266E-01 5.00683E-01 5.66757E-01 5.76276E-01
 7.00000E-01 4.41357E-01 5.04082E-01 5.70405E-01 5.79961E-01
 7.10000E-01 4.44416E-01 5.07445E-01 5.74009E-01 5.83599E-01
 7.20000E-01 4.47442E-01 5.10771E-01 5.77571E-01 5.87193E-01
 7.30000E-01 4.50437E-01 5.14061E-01 5.81089E-01 5.90742E-01
 7.40000E-01 4.53400E-01 5.17315E-01 5.84566E-01 5.94246E-01
 7.50000E-01 4.56333E-01 5.20535E-01 5.88001E-01 5.97708E-01
 7.60000E-01 4.59234E-01 5.23719E-01 5.91395E-01 6.01127E-01
 7.70000E-01 4.62105E-01 5.26869E-01 5.94749E-01 6.04503E-01
 7.80000E-01 4.64946E-01 5.29985E-01 5.98063E-01 6.07838E-01
 7.90000E-01 4.67757E-01 5.33067E-01 6.01337E-01 6.11133E-01
 8.00000E-01 4.70538E-01 5.36117E-01 6.04573E-01 6.14386E-01
 8.10000E-01 4.73291E-01 5.39133E-01 6.07771E-01 6.17600E-01
 8.20000E-01 4.76014E-01 5.42117E-01 6.10931E-01 6.20775E-01
 8.30000E-01 4.78709E-01 5.45068E-01 6.14054E-01 6.23911E-01
 8.40000E-01 4.81375E-01 5.47989E-01 6.17140E-01 6.27009E-01
 8.50000E-01 4.84014E-01 5.50877E-01 6.20191E-01 6.30070E-01
 8.60000E-01 4.86625E-01 5.53735E-01 6.23206E-01 6.33093E-01
 8.70000E-01 4.89209E-01 5.56563E-01 6.26185E-01 6.36080E-01
 8.80000E-01 4.91765E-01 5.59360E-01 6.29130E-01 6.39032E-01
 8.90000E-01 4.94295E-01 5.62128E-01 6.32041E-01 6.41948E-01
 9.00000E-01 4.96799E-01 5.64866E-01 6.34919E-01 6.44829E-01
 9.10000E-01 4.99276E-01 5.67575E-01 6.37763E-01 6.47676E-01
 9.20000E-01 5.01728E-01 5.70255E-01 6.40575E-01 6.50489E-01
 9.30000E-01 5.04154E-01 5.72907E-01 6.43355E-01 6.53269E-01
 9.40000E-01 5.06555E-01 5.75532E-01 6.46103E-01 6.56016E-01
 9.50000E-01 5.08931E-01 5.78128E-01 6.48819E-01 6.58730E-01
 9.60000E-01 5.11282E-01 5.80697E-01 6.51505E-01 6.61413E-01
 9.70000E-01 5.13609E-01 5.83239E-01 6.54161E-01 6.64065E-01
 9.80000E-01 5.15912E-01 5.85755E-01 6.56786E-01 6.66685E-01
 9.90000E-01 5.18191E-01 5.88244E-01 6.59382E-01 6.69276E-01
 1.00000E+00 5.20447E-01 5.90707E-01 6.61949E-01 6.71836E-01
 1.01158E+00 5.23029E-01 5.93528E-01 6.64886E-01 6.74763E-01
 1.02329E+00 5.25611E-01 5.96346E-01 6.67818E-01 6.77685E-01
 1.03514E+00 5.28190E-01 5.99163E-01 6.70745E-01 6.80601E-01
 1.04713E+00 5.30768E-01 6.01977E-01 6.73668E-01 6.83511E-01
 1.05925E+00 5.33343E-01 6.04788E-01 6.76585E-01 6.86414E-01
 1.07152E+00 5.35916E-01 6.07596E-01 6.79496E-01 6.89311E-01
 1.08393E+00 5.38485E-01 6.10400E-01 6.82401E-01 6.92200E-01
 1.09648E+00 5.41052E-01 6.13201E-01 6.85301E-01 6.95082E-01
 1.10917E+00 5.43614E-01 6.15998E-01 6.88193E-01 6.97956E-01
 1.12202E+00 5.46173E-01 6.18791E-01 6.91079E-01 7.00822E-01
 1.13501E+00 5.48727E-01 6.21578E-01 6.93958E-01 7.03680E-01
 1.14815E+00 5.51277E-01 6.24361E-01 6.96830E-01 7.06529E-01
 1.16145E+00 5.53822E-01 6.27139E-01 6.99694E-01 7.09370E-01
 1.17490E+00 5.56362E-01 6.29911E-01 7.02550E-01 7.12201E-01
 1.18850E+00 5.58896E-01 6.32677E-01 7.05398E-01 7.15024E-01
 1.20226E+00 5.61424E-01 6.35436E-01 7.08237E-01 7.17836E-01
 1.21619E+00 5.63947E-01 6.38189E-01 7.11068E-01 7.20639E-01
 1.23027E+00 5.66462E-01 6.40935E-01 7.13890E-01 7.23432E-01
 1.24451E+00 5.68971E-01 6.43674E-01 7.16702E-01 7.26215E-01
 1.25893E+00 5.71473E-01 6.46406E-01 7.19505E-01 7.28987E-01
 1.27350E+00 5.73967E-01 6.49129E-01 7.22299E-01 7.31748E-01
 1.28825E+00 5.76888E-01 6.51844E-01 7.25082E-01 7.34498E-01
 1.30317E+00 5.79845E-01 6.54551E-01 7.27856E-01 7.37237E-01
 1.31826E+00 5.82786E-01 6.57249E-01 7.30618E-01 7.39964E-01
 1.33352E+00 5.85709E-01 6.59938E-01 7.33371E-01 7.42680E-01
 1.34896E+00 5.88614E-01 6.62618E-01 7.36112E-01 7.45383E-01
 1.36458E+00 5.91502E-01 6.65439E-01 7.38842E-01 7.48075E-01
 1.38038E+00 5.94371E-01 6.68667E-01 7.41560E-01 7.50754E-01
 1.39637E+00 5.97221E-01 6.71873E-01 7.44267E-01 7.53420E-01
 1.41254E+00 6.00051E-01 6.75058E-01 7.46962E-01 7.56074E-01
 1.42889E+00 6.02863E-01 6.78220E-01 7.49645E-01 7.58714E-01
 1.44544E+00 6.05654E-01 6.81360E-01 7.52316E-01 7.61341E-01
 1.46218E+00 6.08425E-01 6.84478E-01 7.54974E-01 7.63955E-01
 1.47911E+00 6.11175E-01 6.87572E-01 7.57620E-01 7.66555E-01
 1.49624E+00 6.13904E-01 6.90642E-01 7.60252E-01 7.69141E-01
 1.51356E+00 6.16612E-01 6.93689E-01 7.63058E-01 7.71713E-01
 1.53109E+00 6.19299E-01 6.96711E-01 7.66382E-01 7.74271E-01
 1.54882E+00 6.21964E-01 6.99709E-01 7.69680E-01 7.77377E-01
 1.56675E+00 6.24606E-01 7.02682E-01 7.72950E-01 7.80680E-01
 1.58489E+00 6.27226E-01 7.05630E-01 7.76193E-01 7.83955E-01
 1.60325E+00 6.29824E-01 7.08552E-01 7.79407E-01 7.87201E-01
 1.62181E+00 6.32399E-01 7.11448E-01 7.82593E-01 7.90419E-01
 1.64059E+00 6.34950E-01 7.14319E-01 7.85751E-01 7.93608E-01
 1.65959E+00 6.37478E-01 7.17163E-01 7.88879E-01 7.96768E-01
 1.67880E+00 6.39983E-01 7.19981E-01 7.91979E-01 7.99899E-01
 1.69824E+00 6.42464E-01 7.22772E-01 7.95049E-01 8.02999E-01
 1.71791E+00 6.44921E-01 7.25536E-01 7.98089E-01 8.06070E-01
 1.73780E+00 6.47354E-01 7.28273E-01 8.01100E-01 8.09111E-01
 1.75792E+00 6.49762E-01 7.30982E-01 8.04081E-01 8.12121E-01
 1.77828E+00 6.52146E-01 7.33664E-01 8.07031E-01 8.15101E-01
 1.79887E+00 6.54506E-01 7.36319E-01 8.09951E-01 8.18050E-01
 1.81970E+00 6.56840E-01 7.38945E-01 8.12840E-01 8.20968E-01
 1.84077E+00 6.59150E-01 7.41544E-01 8.15699E-01 8.23855E-01
 1.86209E+00 6.61435E-01 7.44115E-01 8.18526E-01 8.26711E-01
 1.88365E+00 6.63695E-01 7.46657E-01 8.21323E-01 8.29536E-01
 1.90546E+00 6.65930E-01 7.49171E-01 8.24088E-01 8.32329E-01
 1.92752E+00 6.68140E-01 7.51657E-01 8.26823E-01 8.35091E-01
 1.94984E+00 6.70324E-01 7.54114E-01 8.29526E-01 8.37821E-01
 1.97242E+00 6.72483E-01 7.56543E-01 8.32198E-01 8.40519E-01
 1.99526E+00 6.74616E-01 7.58944E-01 8.34838E-01 8.43186E-01
 2.01837E+00 6.76725E-01 7.61315E-01 8.37447E-01 8.45821E-01
 2.04174E+00 6.78807E-01 7.63658E-01 8.40024E-01 8.48424E-01
 2.06538E+00 6.80865E-01 7.65973E-01 8.42570E-01 8.50996E-01
 2.08930E+00 6.82897E-01 7.68259E-01 8.45085E-01 8.53536E-01
 2.11349E+00 6.84903E-01 7.70516E-01 8.47568E-01 8.56043E-01
 2.13796E+00 6.86884E-01 7.72745E-01 8.50019E-01 8.58520E-01
 2.16272E+00 6.88840E-01 7.74945E-01 8.52440E-01 8.60964E-01
 2.18776E+00 6.90771E-01 7.77117E-01 8.54829E-01 8.63377E-01
 2.21309E+00 6.92676E-01 7.79260E-01 8.57186E-01 8.65758E-01
 2.23872E+00 6.94556E-01 7.81375E-01 8.59513E-01 8.68108E-01
 2.26464E+00 6.96410E-01 7.83462E-01 8.61808E-01 8.70426E-01
 2.29087E+00 6.98240E-01 7.85520E-01 8.64072E-01 8.72713E-01
 2.31739E+00 7.00045E-01 7.87550E-01 8.66305E-01 8.74969E-01
 2.34423E+00 7.01825E-01 7.89553E-01 8.68508E-01 8.77193E-01
 2.37137E+00 7.03580E-01 7.91527E-01 8.70680E-01 8.79387E-01
 2.39883E+00 7.05310E-01 7.93474E-01 8.72821E-01 8.81549E-01
 2.42661E+00 7.07016E-01 7.95393E-01 8.74932E-01 8.83681E-01
 2.45471E+00 7.08697E-01 7.97284E-01 8.77013E-01 8.85783E-01
 2.48313E+00 7.10354E-01 7.99148E-01 8.79063E-01 8.87854E-01
 2.51189E+00 7.11987E-01 8.00985E-01 8.81084E-01 8.89895E-01
 2.54097E+00 7.13596E-01 8.02795E-01 8.83075E-01 8.91905E-01
 2.57040E+00 7.15181E-01 8.04578E-01 8.85036E-01 8.93886E-01
 2.60016E+00 7.16742E-01 8.06335E-01 8.86968E-01 8.95838E-01
 2.63027E+00 7.18280E-01 8.08064E-01 8.88871E-01 8.97760E-01
 2.66073E+00 7.19794E-01 8.09768E-01 8.90745E-01 8.99652E-01
 2.69153E+00 7.21285E-01 8.11446E-01 8.92590E-01 9.01516E-01
 2.72270E+00 7.22753E-01 8.13097E-01 8.94407E-01 9.03351E-01
 2.75423E+00 7.24198E-01 8.14723E-01 8.96195E-01 9.05157E-01
 2.78612E+00 7.25621E-01 8.16323E-01 8.97956E-01 9.06935E-01
 2.81838E+00 7.27021E-01 8.17898E-01 8.99688E-01 9.08685E-01
 2.85102E+00 7.28399E-01 8.19449E-01 9.01393E-01 9.10407E-01
 2.88403E+00 7.29755E-01 8.20974E-01 9.03071E-01 9.12102E-01
 2.91743E+00 7.31088E-01 8.22475E-01 9.04722E-01 9.13769E-01
 2.95121E+00 7.32401E-01 8.23951E-01 9.06346E-01 9.15409E-01
 2.98538E+00 7.33692E-01 8.25403E-01 9.07944E-01 9.17023E-01
 3.01995E+00 7.34961E-01 8.26832E-01 9.09515E-01 9.18610E-01
 3.05492E+00 7.36210E-01 8.28236E-01 9.11060E-01 9.20171E-01
 3.09030E+00 7.37438E-01 8.29618E-01 9.12580E-01 9.21705E-01
 3.12608E+00 7.38646E-01 8.30976E-01 9.14074E-01 9.23215E-01
 3.16228E+00 7.39833E-01 8.32312E-01 9.15543E-01 9.24698E-01
 3.19890E+00 7.41000E-01 8.33625E-01 9.16987E-01 9.26157E-01
 3.23594E+00 7.42147E-01 8.34915E-01 9.18407E-01 9.27591E-01
 3.27341E+00 7.43274E-01 8.36184E-01 9.19802E-01 9.29000E-01
 3.31131E+00 7.44383E-01 8.37430E-01 9.21173E-01 9.30385E-01
 3.34965E+00 7.45472E-01 8.38655E-01 9.22521E-01 9.31746E-01
 3.38844E+00 7.46542E-01 8.39859E-01 9.23845E-01 9.33084E-01
 3.42768E+00 7.47593E-01 8.41042E-01 9.25146E-01 9.34398E-01
 3.46737E+00 7.48626E-01 8.42204E-01 9.26425E-01 9.35689E-01
 3.50752E+00 7.49641E-01 8.43346E-01 9.27680E-01 9.36957E-01
 3.54813E+00 7.50638E-01 8.44467E-01 9.28914E-01 9.38203E-01
 3.58922E+00 7.51617E-01 8.45569E-01 9.30126E-01 9.39427E-01
 3.63078E+00 7.52578E-01 8.46651E-01 9.31316E-01 9.40629E-01
 3.67282E+00 7.53523E-01 8.47713E-01 9.32484E-01 9.41809E-01
 3.71535E+00 7.54450E-01 8.48756E-01 9.33632E-01 9.42968E-01
 3.75837E+00 7.55360E-01 8.49781E-01 9.34759E-01 9.44106E-01
 3.80189E+00 7.56255E-01 8.50786E-01 9.35865E-01 9.45224E-01
 3.84592E+00 7.57132E-01 8.51774E-01 9.36951E-01 9.46321E-01
 3.89045E+00 7.57994E-01 8.52743E-01 9.38017E-01 9.47398E-01
 3.93550E+00 7.58840E-01 8.53695E-01 9.39064E-01 9.48455E-01
 3.98107E+00 7.59670E-01 8.54629E-01 9.40091E-01 9.49492E-01
 4.02717E+00 7.60485E-01 8.55545E-01 9.41100E-01 9.50511E-01
 4.07380E+00 7.61284E-01 8.56445E-01 9.42089E-01 9.51510E-01
 4.12098E+00 7.62069E-01 8.57328E-01 9.43061E-01 9.52491E-01
 4.16869E+00 7.62839E-01 8.58194E-01 9.44014E-01 9.53454E-01
 4.21697E+00 7.63595E-01 8.59044E-01 9.44949E-01 9.54398E-01
 4.26580E+00 7.64336E-01 8.59879E-01 9.45866E-01 9.55325E-01
 4.31519E+00 7.65064E-01 8.60697E-01 9.46767E-01 9.56234E-01
 4.36516E+00 7.65778E-01 8.61500E-01 9.47650E-01 9.57126E-01
 4.41570E+00 7.66478E-01 8.62287E-01 9.48516E-01 9.58001E-01
 4.46684E+00 7.67164E-01 8.63060E-01 9.49366E-01 9.58860E-01
 4.51856E+00 7.67838E-01 8.63818E-01 9.50200E-01 9.59702E-01
 4.57088E+00 7.68499E-01 8.64561E-01 9.51017E-01 9.60528E-01
 4.62381E+00 7.69147E-01 8.65290E-01 9.51819E-01 9.61338E-01
 4.67735E+00 7.69782E-01 8.66005E-01 9.52606E-01 9.62132E-01
 4.73151E+00 7.70406E-01 8.66706E-01 9.53377E-01 9.62911E-01
 4.78630E+00 7.71017E-01 8.67394E-01 9.54134E-01 9.63675E-01
 4.84172E+00 7.71616E-01 8.68068E-01 9.54875E-01 9.64424E-01
 4.89779E+00 7.72204E-01 8.68730E-01 9.55602E-01 9.65159E-01
 4.95450E+00 7.72780E-01 8.69378E-01 9.56316E-01 9.65879E-01
 5.01187E+00 7.73345E-01 8.70013E-01 9.57015E-01 9.66585E-01
 5.06991E+00 7.73899E-01 8.70636E-01 9.57700E-01 9.67277E-01
 5.12861E+00 7.74442E-01 8.71247E-01 9.58372E-01 9.67956E-01
 5.18800E+00 7.74974E-01 8.71846E-01 9.59031E-01 9.68621E-01
 5.24807E+00 7.75496E-01 8.72433E-01 9.59677E-01 9.69273E-01
 5.30884E+00 7.76008E-01 8.73009E-01 9.60310E-01 9.69913E-01
 5.37032E+00 7.76509E-01 8.73573E-01 9.60930E-01 9.70539E-01
 5.43250E+00 7.77000E-01 8.74126E-01 9.61538E-01 9.71153E-01
 5.49541E+00 7.77482E-01 8.74667E-01 9.62134E-01 9.71755E-01
 5.55904E+00 7.77954E-01 8.75198E-01 9.62718E-01 9.72345E-01
 5.62341E+00 7.78417E-01 8.75719E-01 9.63291E-01 9.72924E-01
 5.68853E+00 7.78870E-01 8.76229E-01 9.63852E-01 9.73490E-01
 5.75440E+00 7.79314E-01 8.76729E-01 9.64402E-01 9.74046E-01
 5.82103E+00 7.79750E-01 8.77218E-01 9.64940E-01 9.74590E-01
 5.88844E+00 7.80176E-01 8.77698E-01 9.65468E-01 9.75123E-01
 5.95662E+00 7.80594E-01 8.78169E-01 9.65986E-01 9.75645E-01
 6.02560E+00 7.81004E-01 8.78629E-01 9.66492E-01 9.76157E-01
 6.09537E+00 7.81405E-01 8.79081E-01 9.66989E-01 9.76659E-01
 6.16595E+00 7.81798E-01 8.79523E-01 9.67475E-01 9.77150E-01
 6.23735E+00 7.82184E-01 8.79957E-01 9.67952E-01 9.77632E-01
 6.30957E+00 7.82561E-01 8.80381E-01 9.68419E-01 9.78103E-01
 6.38263E+00 7.82931E-01 8.80797E-01 9.68877E-01 9.78565E-01
 6.45654E+00 7.83293E-01 8.81204E-01 9.69325E-01 9.79018E-01
 6.53131E+00 7.83648E-01 8.81604E-01 9.69764E-01 9.79462E-01
 6.60693E+00 7.83995E-01 8.81995E-01 9.70194E-01 9.79896E-01
 6.68344E+00 7.84336E-01 8.82377E-01 9.70615E-01 9.80321E-01
 6.76083E+00 7.84669E-01 8.82753E-01 9.71028E-01 9.80738E-01
 6.83912E+00 7.84996E-01 8.83120E-01 9.71432E-01 9.81146E-01
 6.91831E+00 7.85316E-01 8.83480E-01 9.71828E-01 9.81546E-01
 6.99842E+00 7.85629E-01 8.83832E-01 9.72216E-01 9.81938E-01
 7.07946E+00 7.85936E-01 8.84178E-01 9.72595E-01 9.82321E-01
 7.16143E+00 7.86236E-01 8.84516E-01 9.72967E-01 9.82697E-01
 7.24436E+00 7.86531E-01 8.84847E-01 9.73332E-01 9.83065E-01
 7.32825E+00 7.86819E-01 8.85171E-01 9.73688E-01 9.83425E-01
 7.41310E+00 7.87101E-01 8.85489E-01 9.74038E-01 9.83778E-01
 7.49894E+00 7.87378E-01 8.85800E-01 9.74380E-01 9.84124E-01
 7.58578E+00 7.87648E-01 8.86104E-01 9.74715E-01 9.84462E-01
 7.67361E+00 7.87913E-01 8.86402E-01 9.75043E-01 9.84793E-01
 7.76247E+00 7.88173E-01 8.86695E-01 9.75364E-01 9.85118E-01
 7.85236E+00 7.88427E-01 8.86980E-01 9.75678E-01 9.85435E-01
 7.94328E+00 7.88676E-01 8.87260E-01 9.75986E-01 9.85746E-01
 8.03526E+00 7.88920E-01 8.87535E-01 9.76288E-01 9.86051E-01
 8.12831E+00 7.89158E-01 8.87803E-01 9.76583E-01 9.86349E-01
 8.22243E+00 7.89392E-01 8.88066E-01 9.76872E-01 9.86641E-01
 8.31764E+00 7.89621E-01 8.88323E-01 9.77155E-01 9.86927E-01
 8.41395E+00 7.89844E-01 8.88575E-01 9.77432E-01 9.87207E-01
 8.51138E+00 7.90064E-01 8.88822E-01 9.77704E-01 9.87481E-01
 8.60994E+00 7.90278E-01 8.89063E-01 9.77969E-01 9.87749E-01
 8.70964E+00 7.90488E-01 8.89299E-01 9.78229E-01 9.88012E-01
 8.81049E+00 7.90694E-01 8.89531E-01 9.78484E-01 9.88269E-01
 8.91251E+00 7.90895E-01 8.89757E-01 9.78733E-01 9.88520E-01
 9.01571E+00 7.91093E-01 8.89979E-01 9.78977E-01 9.88767E-01
 9.12011E+00 7.91286E-01 8.90196E-01 9.79216E-01 9.89008E-01
 9.22571E+00 7.91474E-01 8.90409E-01 9.79450E-01 9.89244E-01
 9.33254E+00 7.91659E-01 8.90617E-01 9.79678E-01 9.89475E-01
 9.44061E+00 7.91840E-01 8.90820E-01 9.79902E-01 9.89701E-01
 9.54993E+00 7.92017E-01 8.91020E-01 9.80122E-01 9.89923E-01
 9.66051E+00 7.92191E-01 8.91215E-01 9.80336E-01 9.90140E-01
 9.77237E+00 7.92361E-01 8.91406E-01 9.80546E-01 9.90352E-01
 9.88553E+00 7.92527E-01 8.91593E-01 9.80752E-01 9.90559E-01
 1.00000E+01 7.92689E-01 8.91776E-01 9.80953E-01 9.90763E-01
 1.01158E+01 7.92849E-01 8.91955E-01 9.81150E-01 9.90962E-01
 1.02329E+01 7.93004E-01 8.92130E-01 9.81343E-01 9.91156E-01
 1.03514E+01 7.93157E-01 8.92301E-01 9.81531E-01 9.91347E-01
 1.04713E+01 7.93306E-01 8.92469E-01 9.81716E-01 9.91533E-01
 1.05925E+01 7.93452E-01 8.92633E-01 9.81897E-01 9.91716E-01
 1.07152E+01 7.93595E-01 8.92794E-01 9.82074E-01 9.91894E-01
 1.08393E+01 7.93735E-01 8.92952E-01 9.82247E-01 9.92069E-01
 1.09648E+01 7.93872E-01 8.93105E-01 9.82416E-01 9.92240E-01
 1.10917E+01 7.94005E-01 8.93256E-01 9.82582E-01 9.92408E-01
 1.12202E+01 7.94137E-01 8.93404E-01 9.82744E-01 9.92571E-01
 1.13501E+01 7.94265E-01 8.93548E-01 9.82903E-01 9.92732E-01
 1.14815E+01 7.94390E-01 8.93689E-01 9.83058E-01 9.92889E-01
 1.16145E+01 7.94513E-01 8.93827E-01 9.83210E-01 9.93042E-01
 1.17490E+01 7.94633E-01 8.93962E-01 9.83359E-01 9.93192E-01
 1.18850E+01 7.94751E-01 8.94095E-01 9.83504E-01 9.93339E-01
 1.20226E+01 7.94866E-01 8.94224E-01 9.83647E-01 9.93483E-01
 1.21619E+01 7.94979E-01 8.94351E-01 9.83786E-01 9.93624E-01
 1.23027E+01 7.95089E-01 8.94475E-01 9.83922E-01 9.93762E-01
 1.24451E+01 7.95197E-01 8.94596E-01 9.84056E-01 9.93896E-01
 1.25893E+01 7.95302E-01 8.94715E-01 9.84186E-01 9.94028E-01
 1.27350E+01 7.95405E-01 8.94831E-01 9.84314E-01 9.94157E-01
 1.28825E+01 7.95506E-01 8.94945E-01 9.84439E-01 9.94283E-01
 1.30317E+01 7.95605E-01 8.95056E-01 9.84561E-01 9.94407E-01
 1.31826E+01 7.95702E-01 8.95164E-01 9.84681E-01 9.94528E-01
 1.33352E+01 7.95796E-01 8.95271E-01 9.84798E-01 9.94646E-01
 1.34896E+01 7.95889E-01 8.95375E-01 9.84912E-01 9.94762E-01
 1.36458E+01 7.95979E-01 8.95477E-01 9.85024E-01 9.94875E-01
 1.38038E+01 7.96068E-01 8.95576E-01 9.85134E-01 9.94985E-01
 1.39637E+01 7.96155E-01 8.95674E-01 9.85241E-01 9.95094E-01
 1.41254E+01 7.96239E-01 8.95769E-01 9.85346E-01 9.95200E-01
 1.42889E+01 7.96322E-01 8.95863E-01 9.85449E-01 9.95303E-01
 1.44544E+01 7.96403E-01 8.95954E-01 9.85549E-01 9.95405E-01
 1.46218E+01 7.96483E-01 8.96043E-01 9.85648E-01 9.95504E-01
 1.47911E+01 7.96560E-01 8.96131E-01 9.85744E-01 9.95601E-01
 1.49624E+01 7.96636E-01 8.96216E-01 9.85838E-01 9.95696E-01
 1.51356E+01 7.96711E-01 8.96300E-01 9.85930E-01 9.95789E-01
 1.53109E+01 7.96783E-01 8.96381E-01 9.86020E-01 9.95880E-01
 1.54882E+01 7.96855E-01 8.96461E-01 9.86108E-01 9.95969E-01
 1.56675E+01 7.96924E-01 8.96540E-01 9.86194E-01 9.96056E-01
 1.58489E+01 7.96992E-01 8.96616E-01 9.86278E-01 9.96141E-01
 1.60325E+01 7.97059E-01 8.96691E-01 9.86360E-01 9.96224E-01
 1.62181E+01 7.97124E-01 8.96764E-01 9.86441E-01 9.96305E-01
 1.64059E+01 7.97188E-01 8.96836E-01 9.86520E-01 9.96385E-01
 1.65959E+01 7.97250E-01 8.96906E-01 9.86597E-01 9.96463E-01
 1.67880E+01 7.97311E-01 8.96975E-01 9.86672E-01 9.96539E-01
 1.69824E+01 7.97370E-01 8.97042E-01 9.86746E-01 9.96613E-01
 1.71791E+01 7.97429E-01 8.97107E-01 9.86818E-01 9.96686E-01
 1.73780E+01 7.97486E-01 8.97171E-01 9.86889E-01 9.96757E-01
 1.75792E+01 7.97541E-01 8.97234E-01 9.86958E-01 9.96827E-01
 1.77828E+01 7.97596E-01 8.97296E-01 9.87025E-01 9.96895E-01
 1.79887E+01 7.97649E-01 8.97356E-01 9.87091E-01 9.96962E-01
 1.81970E+01 7.97702E-01 8.97414E-01 9.87156E-01 9.97027E-01
 1.84077E+01 7.97753E-01 8.97472E-01 9.87219E-01 9.97091E-01
 1.86209E+01 7.97803E-01 8.97528E-01 9.87281E-01 9.97153E-01
 1.88365E+01 7.97851E-01 8.97583E-01 9.87341E-01 9.97214E-01
 1.90546E+01 7.97899E-01 8.97637E-01 9.87400E-01 9.97274E-01
 1.92752E+01 7.97946E-01 8.97689E-01 9.87458E-01 9.97333E-01
 1.94984E+01 7.97992E-01 8.97740E-01 9.87515E-01 9.97390E-01
 1.97242E+01 7.98036E-01 8.97791E-01 9.87570E-01 9.97446E-01
 1.99526E+01 7.98080E-01 8.97840E-01 9.87624E-01 9.97500E-01
 2.01837E+01 7.98123E-01 8.97888E-01 9.87677E-01 9.97554E-01
 2.04174E+01 7.98164E-01 8.97935E-01 9.87729E-01 9.97606E-01
 2.06538E+01 7.98205E-01 8.97981E-01 9.87779E-01 9.97657E-01
 2.08930E+01 7.98245E-01 8.98026E-01 9.87829E-01 9.97707E-01
 2.11349E+01 7.98284E-01 8.98070E-01 9.87877E-01 9.97756E-01
 2.13796E+01 7.98323E-01 8.98113E-01 9.87924E-01 9.97803E-01
 2.16272E+01 7.98360E-01 8.98155E-01 9.87971E-01 9.97850E-01
 2.18776E+01 7.98397E-01 8.98196E-01 9.88016E-01 9.97896E-01
 2.21309E+01 7.98432E-01 8.98236E-01 9.88060E-01 9.97941E-01
 2.23872E+01 7.98467E-01 8.98276E-01 9.88103E-01 9.97984E-01
 2.26464E+01 7.98502E-01 8.98314E-01 9.88146E-01 9.98027E-01
 2.29087E+01 7.98535E-01 8.98352E-01 9.88187E-01 9.98069E-01
 2.31739E+01 7.98568E-01 8.98389E-01 9.88227E-01 9.98110E-01
 2.34423E+01 7.98600E-01 8.98425E-01 9.88267E-01 9.98150E-01
 2.37137E+01 7.98631E-01 8.98460E-01 9.88306E-01 9.98189E-01
 2.39883E+01 7.98661E-01 8.98494E-01 9.88344E-01 9.98227E-01
 2.42661E+01 7.98691E-01 8.98528E-01 9.88381E-01 9.98264E-01
 2.45471E+01 7.98721E-01 8.98561E-01 9.88417E-01 9.98301E-01
 2.48313E+01 7.98749E-01 8.98593E-01 9.88452E-01 9.98337E-01
 2.51189E+01 7.98777E-01 8.98624E-01 9.88487E-01 9.98372E-01
 2.54097E+01 7.98805E-01 8.98655E-01 9.88521E-01 9.98406E-01
 2.57040E+01 7.98831E-01 8.98685E-01 9.88554E-01 9.98439E-01
 2.60016E+01 7.98857E-01 8.98715E-01 9.88586E-01 9.98472E-01
 2.63027E+01 7.98883E-01 8.98743E-01 9.88618E-01 9.98504E-01
 2.66073E+01 7.98908E-01 8.98771E-01 9.88649E-01 9.98535E-01
 2.69153E+01 7.98932E-01 8.98799E-01 9.88679E-01 9.98566E-01
 2.72270E+01 7.98956E-01 8.98826E-01 9.88708E-01 9.98596E-01
 2.75423E+01 7.98980E-01 8.98852E-01 9.88737E-01 9.98625E-01
 2.78612E+01 7.99003E-01 8.98878E-01 9.88766E-01 9.98653E-01
 2.81838E+01 7.99025E-01 8.98903E-01 9.88793E-01 9.98681E-01
 2.85102E+01 7.99047E-01 8.98928E-01 9.88820E-01 9.98709E-01
 2.88403E+01 7.99068E-01 8.98952E-01 9.88847E-01 9.98735E-01
 2.91743E+01 7.99089E-01 8.98975E-01 9.88873E-01 9.98761E-01
 2.95121E+01 7.99109E-01 8.98998E-01 9.88898E-01 9.98787E-01
 2.98538E+01 7.99129E-01 8.99021E-01 9.88923E-01 9.98812E-01
 3.01995E+01 7.99149E-01 8.99042E-01 9.88947E-01 9.98836E-01
 3.05492E+01 7.99168E-01 8.99064E-01 9.88970E-01 9.98860E-01
 3.09030E+01 7.99187E-01 8.99085E-01 9.88993E-01 9.98883E-01
 3.12608E+01 7.99205E-01 8.99105E-01 9.89016E-01 9.98906E-01
 3.16228E+01 7.99223E-01 8.99126E-01 9.89038E-01 9.98928E-01
 3.19890E+01 7.99240E-01 8.99145E-01 9.89060E-01 9.98950E-01
 3.23594E+01 7.99257E-01 8.99164E-01 9.89081E-01 9.98972E-01
 3.27341E+01 7.99274E-01 8.99183E-01 9.89101E-01 9.98992E-01
 3.31131E+01 7.99290E-01 8.99201E-01 9.89122E-01 9.99013E-01
 3.34965E+01 7.99306E-01 8.99219E-01 9.89141E-01 9.99033E-01
 3.38844E+01 7.99322E-01 8.99237E-01 9.89161E-01 9.99052E-01
 3.42768E+01 7.99337E-01 8.99254E-01 9.89179E-01 9.99071E-01
 3.46737E+01 7.99352E-01 8.99271E-01 9.89198E-01 9.99090E-01
 3.50752E+01 7.99366E-01 8.99287E-01 9.89216E-01 9.99108E-01
 3.54813E+01 7.99381E-01 8.99303E-01 9.89234E-01 9.99126E-01
 3.58922E+01 7.99395E-01 8.99319E-01 9.89251E-01 9.99143E-01
 3.63078E+01 7.99408E-01 8.99334E-01 9.89268E-01 9.99160E-01
 3.67282E+01 7.99421E-01 8.99349E-01 9.89284E-01 9.99177E-01
 3.71535E+01 7.99435E-01 8.99364E-01 9.89300E-01 9.99193E-01
 3.75837E+01 7.99447E-01 8.99378E-01 9.89316E-01 9.99209E-01
 3.80189E+01 7.99460E-01 8.99392E-01 9.89331E-01 9.99225E-01
 3.84592E+01 7.99472E-01 8.99406E-01 9.89346E-01 9.99240E-01
 3.89045E+01 7.99484E-01 8.99419E-01 9.89361E-01 9.99255E-01
 3.93550E+01 7.99495E-01 8.99432E-01 9.89375E-01 9.99269E-01
 3.98107E+01 7.99507E-01 8.99445E-01 9.89390E-01 9.99283E-01
 4.02717E+01 7.99518E-01 8.99457E-01 9.89403E-01 9.99297E-01
 4.07380E+01 7.99529E-01 8.99470E-01 9.89417E-01 9.99311E-01
 4.12098E+01 7.99539E-01 8.99482E-01 9.89430E-01 9.99324E-01
 4.16869E+01 7.99550E-01 8.99493E-01 9.89443E-01 9.99337E-01
 4.21697E+01 7.99560E-01 8.99505E-01 9.89455E-01 9.99350E-01
 4.26580E+01 7.99570E-01 8.99516E-01 9.89467E-01 9.99362E-01
 4.31519E+01 7.99579E-01 8.99527E-01 9.89479E-01 9.99374E-01
 4.36516E+01 7.99589E-01 8.99537E-01 9.89491E-01 9.99386E-01
 4.41570E+01 7.99598E-01 8.99548E-01 9.89503E-01 9.99398E-01
 4.46684E+01 7.99607E-01 8.99558E-01 9.89514E-01 9.99409E-01
 4.51856E+01 7.99616E-01 8.99568E-01 9.89525E-01 9.99420E-01
 4.57088E+01 7.99625E-01 8.99578E-01 9.89536E-01 9.99431E-01
 4.62381E+01 7.99633E-01 8.99587E-01 9.89546E-01 9.99441E-01
 4.67735E+01 7.99641E-01 8.99597E-01 9.89556E-01 9.99452E-01
 4.73151E+01 7.99649E-01 8.99606E-01 9.89566E-01 9.99462E-01
 4.78630E+01 7.99657E-01 8.99615E-01 9.89576E-01 9.99472E-01
 4.84172E+01 7.99665E-01 8.99623E-01 9.89586E-01 9.99481E-01
 4.89779E+01 7.99673E-01 8.99632E-01 9.89595E-01 9.99491E-01
 4.95450E+01 7.99680E-01 8.99640E-01 9.89604E-01 9.99500E-01
 5.01187E+01 7.99687E-01 8.99648E-01 9.89613E-01 9.99509E-01
 5.06991E+01 7.99694E-01 8.99656E-01 9.89622E-01 9.99518E-01
 5.12861E+01 7.99701E-01 8.99664E-01 9.89630E-01 9.99527E-01
 5.18800E+01 7.99708E-01 8.99671E-01 9.89639E-01 9.99535E-01
 5.24807E+01 7.99715E-01 8.99679E-01 9.89647E-01 9.99543E-01
 5.30884E+01 7.99721E-01 8.99686E-01 9.89655E-01 9.99551E-01
 5.37032E+01 7.99727E-01 8.99693E-01 9.89663E-01 9.99559E-01
 5.43250E+01 7.99733E-01 8.99700E-01 9.89670E-01 9.99567E-01
 5.49541E+01 7.99739E-01 8.99707E-01 9.89678E-01 9.99574E-01
 5.55904E+01 7.99745E-01 8.99714E-01 9.89685E-01 9.99582E-01
 5.62341E+01 7.99751E-01 8.99720E-01 9.89692E-01 9.99589E-01
 5.68853E+01 7.99757E-01 8.99726E-01 9.89699E-01 9.99596E-01
 5.75440E+01 7.99762E-01 8.99732E-01 9.89706E-01 9.99603E-01
 5.82103E+01 7.99768E-01 8.99739E-01 9.89712E-01 9.99610E-01
 5.88844E+01 7.99773E-01 8.99744E-01 9.89719E-01 9.99616E-01
 5.95662E+01 7.99778E-01 8.99750E-01 9.89725E-01 9.99622E-01
 6.02560E+01 7.99783E-01 8.99756E-01 9.89731E-01 9.99629E-01
 6.09537E+01 7.99788E-01 8.99761E-01 9.89738E-01 9.99635E-01
 6.16595E+01 7.99793E-01 8.99767E-01 9.89743E-01 9.99641E-01
 6.23735E+01 7.99797E-01 8.99772E-01 9.89749E-01 9.99647E-01
 6.30957E+01 7.99802E-01 8.99777E-01 9.89755E-01 9.99652E-01
 6.38263E+01 7.99806E-01 8.99782E-01 9.89760E-01 9.99658E-01
 6.45654E+01 7.99811E-01 8.99787E-01 9.89766E-01 9.99664E-01
 6.53131E+01 7.99815E-01 8.99792E-01 9.89771E-01 9.99669E-01
 6.60693E+01 7.99819E-01 8.99797E-01 9.89776E-01 9.99674E-01
 6.68344E+01 7.99823E-01 8.99801E-01 9.89781E-01 9.99679E-01
 6.76083E+01 7.99827E-01 8.99806E-01 9.89786E-01 9.99684E-01
 6.83912E+01 7.99831E-01 8.99810E-01 9.89791E-01 9.99689E-01
 6.91831E+01 7.99835E-01 8.99814E-01 9.89796E-01 9.99694E-01
 6.99842E+01 7.99839E-01 8.99819E-01 9.89800E-01 9.99698E-01
 7.07946E+01 7.99842E-01 8.99823E-01 9.89805E-01 9.99703E-01
 7.16143E+01 7.99846E-01 8.99827E-01 9.89809E-01 9.99708E-01
 7.24436E+01 7.99849E-01 8.99831E-01 9.89814E-01 9.99712E-01
 7.32825E+01 7.99853E-01 8.99834E-01 9.89818E-01 9.99716E-01
 7.41310E+01 7.99856E-01 8.99838E-01 9.89822E-01 9.99720E-01
 7.49894E+01 7.99859E-01 8.99842E-01 9.89826E-01 9.99724E-01
 7.58578E+01 7.99863E-01 8.99845E-01 9.89830E-01 9.99728E-01
 7.67361E+01 7.99866E-01 8.99849E-01 9.89834E-01 9.99732E-01
 7.76247E+01 7.99869E-01 8.99852E-01 9.89838E-01 9.99736E-01
 7.85236E+01 7.99872E-01 8.99856E-01 9.89841E-01 9.99740E-01
 7.94328E+01 7.99875E-01 8.99859E-01 9.89845E-01 9.99743E-01
 8.03526E+01 7.99877E-01 8.99862E-01 9.89848E-01 9.99747E-01
 8.12831E+01 7.99880E-01 8.99865E-01 9.89852E-01 9.99750E-01
 8.22243E+01 7.99883E-01 8.99868E-01 9.89855E-01 9.99754E-01
 8.31764E+01 7.99886E-01 8.99871E-01 9.89858E-01 9.99757E-01
 8.41395E+01 7.99888E-01 8.99874E-01 9.89862E-01 9.99760E-01
 8.51138E+01 7.99891E-01 8.99877E-01 9.89865E-01 9.99763E-01
 8.60994E+01 7.99893E-01 8.99880E-01 9.89868E-01 9.99767E-01
 8.70964E+01 7.99896E-01 8.99883E-01 9.89871E-01 9.99770E-01
 8.81049E+01 7.99898E-01 8.99885E-01 9.89874E-01 9.99773E-01
 8.91251E+01 7.99900E-01 8.99888E-01 9.89877E-01 9.99775E-01
 9.01571E+01 7.99903E-01 8.99890E-01 9.89879E-01 9.99778E-01
 9.12011E+01 7.99905E-01 8.99893E-01 9.89882E-01 9.99781E-01
 9.22571E+01 7.99907E-01 8.99895E-01 9.89885E-01 9.99784E-01
 9.33254E+01 7.99909E-01 8.99898E-01 9.89887E-01 9.99786E-01
 9.44061E+01 7.99911E-01 8.99900E-01 9.89890E-01 9.99789E-01
 9.54993E+01 7.99913E-01 8.99902E-01 9.89892E-01 9.99791E-01
 9.66051E+01 7.99915E-01 8.99904E-01 9.89895E-01 9.99794E-01
 9.77237E+01 7.99917E-01 8.99907E-01 9.89897E-01 9.99796E-01
 9.88553E+01 7.99919E-01 8.99909E-01 9.89900E-01 9.99799E-01
 1.00000E+02 7.99921E-01 8.99911E-01 9.89902E-01 9.99801E-01
