 1.00000E-02 1.71623E-01 2.00239E-01 2.29116E-01 2.32528E-01
 2.00000E-02 1.77608E-01 2.07405E-01 2.37656E-01 2.41265E-01
 3.00000E-02 1.84213E-01 2.15208E-01 2.46874E-01 2.50675E-01
 4.00000E-02 1.91337E-01 2.23541E-01 2.56631E-01 2.60627E-01
 5.00000E-02 1.98882E-01 2.32298E-01 2.66813E-01 2.71004E-01
 6.00000E-02 2.06763E-01 2.41385E-01 2.77313E-01 2.81705E-01
 7.00000E-02 2.14904E-01 2.50721E-01 2.88045E-01 2.92635E-01
 8.00000E-02 2.23239E-01 2.60234E-01 2.98929E-01 3.03719E-01
 9.00000E-02 2.31712E-01 2.69864E-01 3.09902E-01 3.14889E-01
 1.00000E-01 2.40271E-01 2.79559E-01 3.20906E-01 3.26089E-01
 1.10000E-01 2.48877E-01 2.89276E-01 3.31896E-01 3.37272E-01
 1.20000E-01 2.57494E-01 2.98980E-01 3.42833E-01 3.48398E-01
 1.30000E-01 2.66093E-01 3.08641E-01 3.53687E-01 3.59436E-01
 1.40000E-01 2.74651E-01 3.18234E-01 3.64430E-01 3.70360E-01
 1.50000E-01 2.83149E-01 3.27741E-01 3.75043E-01 3.81148E-01
 1.60000E-01 2.91572E-01 3.37146E-01 3.85511E-01 3.91784E-01
 1.70000E-01 2.99906E-01 3.46436E-01 3.95818E-01 4.02254E-01
 1.80000E-01 3.08142E-01 3.55603E-01 4.05958E-01 4.12549E-01
 1.90000E-01 3.16271E-01 3.64637E-01 4.15921E-01 4.22660E-01
 2.00000E-01 3.24288E-01 3.73533E-01 4.25703E-01 4.32582E-01
 2.10000E-01 3.32188E-01 3.82288E-01 4.35299E-01 4.42311E-01
 2.20000E-01 3.39967E-01 3.90897E-01 4.44709E-01 4.51844E-01
 2.30000E-01 3.47623E-01 3.99359E-01 4.53930E-01 4.61181E-01
 2.40000E-01 3.55152E-01 4.07672E-01 4.62964E-01 4.70321E-01
 2.50000E-01 3.62555E-01 4.15836E-01 4.71809E-01 4.79266E-01
 2.60000E-01 3.69831E-01 4.23851E-01 4.80469E-01 4.88015E-01
 2.70000E-01 3.76978E-01 4.31717E-01 4.88944E-01 4.96572E-01
 2.80000E-01 3.83999E-01 4.39436E-01 4.97237E-01 5.04939E-01
 2.90000E-01 3.90892E-01 4.47008E-01 5.05352E-01 5.13119E-01
 3.00000E-01 3.97660E-01 4.54435E-01 5.13290E-01 5.21115E-01
 3.10000E-01 4.04303E-01 4.61719E-01 5.21055E-01 5.28931E-01
 3.20000E-01 4.10822E-01 4.68862E-01 5.28650E-01 5.36570E-01
 3.30000E-01 4.17220E-01 4.75866E-01 5.36079E-01 5.44036E-01
 3.40000E-01 4.23497E-01 4.82734E-01 5.43346E-01 5.51332E-01
 3.50000E-01 4.29655E-01 4.89467E-01 5.50454E-01 5.58464E-01
 3.60000E-01 4.35697E-01 4.96068E-01 5.57406E-01 5.65434E-01
 3.70000E-01 4.41623E-01 5.02540E-01 5.64207E-01 5.72247E-01
 3.80000E-01 4.47437E-01 5.08886E-01 5.70860E-01 5.78907E-01
 3.90000E-01 4.53139E-01 5.15107E-01 5.77369E-01 5.85418E-01
 4.00000E-01 4.58733E-01 5.21206E-01 5.83736E-01 5.91783E-01
 4.10000E-01 4.64219E-01 5.27186E-01 5.89967E-01 5.98006E-01
 4.20000E-01 4.69600E-01 5.33049E-01 5.96064E-01 6.04091E-01
 4.30000E-01 4.74879E-01 5.38799E-01 6.02030E-01 6.10042E-01
 4.40000E-01 4.80055E-01 5.44436E-01 6.07869E-01 6.15862E-01
 4.50000E-01 4.85133E-01 5.49964E-01 6.13585E-01 6.21555E-01
 4.60000E-01 4.90113E-01 5.55386E-01 6.19180E-01 6.27124E-01
 4.70000E-01 4.94998E-01 5.60702E-01 6.24658E-01 6.32573E-01
 4.80000E-01 4.99790E-01 5.65917E-01 6.30022E-01 6.37905E-01
 4.90000E-01 5.05484E-01 5.71031E-01 6.35275E-01 6.43122E-01
 5.00000E-01 5.11136E-01 5.76048E-01 6.40419E-01 6.48229E-01
 5.10000E-01 5.16658E-01 5.81240E-01 6.45457E-01 6.53228E-01
 5.20000E-01 5.22052E-01 5.87309E-01 6.50393E-01 6.58121E-01
 5.30000E-01 5.27321E-01 5.93237E-01 6.55228E-01 6.62912E-01
 5.40000E-01 5.32469E-01 5.99028E-01 6.59966E-01 6.67604E-01
 5.50000E-01 5.37498E-01 6.04685E-01 6.65153E-01 6.72199E-01
 5.60000E-01 5.42410E-01 6.10211E-01 6.71233E-01 6.77945E-01
 5.70000E-01 5.47209E-01 6.15611E-01 6.77172E-01 6.83943E-01
 5.80000E-01 5.51898E-01 6.20885E-01 6.82974E-01 6.89803E-01
 5.90000E-01 5.56479E-01 6.26038E-01 6.88642E-01 6.95529E-01
 6.00000E-01 5.60954E-01 6.31073E-01 6.94180E-01 7.01122E-01
 6.10000E-01 5.65326E-01 6.35992E-01 6.99591E-01 7.06587E-01
 6.20000E-01 5.69598E-01 6.40798E-01 7.04878E-01 7.11927E-01
 6.30000E-01 5.73773E-01 6.45494E-01 7.10044E-01 7.17144E-01
 6.40000E-01 5.77851E-01 6.50083E-01 7.15091E-01 7.22242E-01
 6.50000E-01 5.81837E-01 6.54567E-01 7.20023E-01 7.27224E-01
 6.60000E-01 5.85732E-01 6.58949E-01 7.24843E-01 7.32092E-01
 6.70000E-01 5.89538E-01 6.63231E-01 7.29554E-01 7.36849E-01
 6.80000E-01 5.93258E-01 6.67416E-01 7.34157E-01 7.41499E-01
 6.90000E-01 5.96894E-01 6.71506E-01 7.38657E-01 7.46043E-01
 7.00000E-01 6.00448E-01 6.75504E-01 7.43054E-01 7.50485E-01
 7.10000E-01 6.03922E-01 6.79412E-01 7.47353E-01 7.54827E-01
 7.20000E-01 6.07317E-01 6.83232E-01 7.51555E-01 7.59071E-01
 7.30000E-01 6.10637E-01 6.86966E-01 7.55663E-01 7.63220E-01
 7.40000E-01 6.13882E-01 6.90617E-01 7.59679E-01 7.67276E-01
 7.50000E-01 6.17055E-01 6.94187E-01 7.63606E-01 7.71242E-01
 7.60000E-01 6.20158E-01 6.97677E-01 7.67445E-01 7.75120E-01
 7.70000E-01 6.23191E-01 7.01090E-01 7.71199E-01 7.78911E-01
 7.80000E-01 6.26158E-01 7.04428E-01 7.74871E-01 7.82619E-01
 7.90000E-01 6.29060E-01 7.07692E-01 7.78461E-01 7.86246E-01
 8.00000E-01 6.31897E-01 7.10884E-01 7.81973E-01 7.89793E-01
 8.10000E-01 6.34673E-01 7.14007E-01 7.85408E-01 7.93262E-01
 8.20000E-01 6.37388E-01 7.17061E-01 7.88768E-01 7.96655E-01
 8.30000E-01 6.40044E-01 7.20049E-01 7.92054E-01 7.99975E-01
 8.40000E-01 6.42642E-01 7.22973E-01 7.95270E-01 8.03223E-01
 8.50000E-01 6.45185E-01 7.25833E-01 7.98416E-01 8.06400E-01
 8.60000E-01 6.47673E-01 7.28632E-01 8.01495E-01 8.09510E-01
 8.70000E-01 6.50107E-01 7.31370E-01 8.04507E-01 8.12553E-01
 8.80000E-01 6.52489E-01 7.34051E-01 8.07456E-01 8.15530E-01
 8.90000E-01 6.54821E-01 7.36674E-01 8.10341E-01 8.18445E-01
 9.00000E-01 6.57103E-01 7.39241E-01 8.13166E-01 8.21297E-01
 9.10000E-01 6.59338E-01 7.41755E-01 8.15930E-01 8.24090E-01
 9.20000E-01 6.61525E-01 7.44215E-01 8.18637E-01 8.26823E-01
 9.30000E-01 6.63666E-01 7.46624E-01 8.21287E-01 8.29499E-01
 9.40000E-01 6.65763E-01 7.48983E-01 8.23881E-01 8.32120E-01
 9.50000E-01 6.67815E-01 7.51292E-01 8.26422E-01 8.34686E-01
 9.60000E-01 6.69826E-01 7.53554E-01 8.28910E-01 8.37199E-01
 9.70000E-01 6.71795E-01 7.55769E-01 8.31346E-01 8.39660E-01
 9.80000E-01 6.73723E-01 7.57939E-01 8.33733E-01 8.42070E-01
 9.90000E-01 6.75612E-01 7.60064E-01 8.36070E-01 8.44431E-01
 1.00000E+00 6.77463E-01 7.62146E-01 8.38361E-01 8.46744E-01
 1.01158E+00 6.79559E-01 7.64504E-01 8.40954E-01 8.49364E-01
 1.02329E+00 6.81630E-01 7.66833E-01 8.43517E-01 8.51952E-01
 1.03514E+00 6.83674E-01 7.69134E-01 8.46047E-01 8.54508E-01
 1.04713E+00 6.85694E-01 7.71406E-01 8.48546E-01 8.57032E-01
 1.05925E+00 6.87688E-01 7.73649E-01 8.51014E-01 8.59524E-01
 1.07152E+00 6.89656E-01 7.75863E-01 8.53449E-01 8.61984E-01
 1.08393E+00 6.91599E-01 7.78049E-01 8.55854E-01 8.64412E-01
 1.09648E+00 6.93517E-01 7.80206E-01 8.58227E-01 8.66809E-01
 1.10917E+00 6.95409E-01 7.82335E-01 8.60568E-01 8.69174E-01
 1.12202E+00 6.97275E-01 7.84435E-01 8.62878E-01 8.71507E-01
 1.13501E+00 6.99117E-01 7.86507E-01 8.65157E-01 8.73809E-01
 1.14815E+00 7.00933E-01 7.88550E-01 8.67405E-01 8.76079E-01
 1.16145E+00 7.02725E-01 7.90565E-01 8.69622E-01 8.78318E-01
 1.17490E+00 7.04491E-01 7.92552E-01 8.71808E-01 8.80526E-01
 1.18850E+00 7.06232E-01 7.94511E-01 8.73963E-01 8.82702E-01
 1.20226E+00 7.07949E-01 7.96443E-01 8.76087E-01 8.84848E-01
 1.21619E+00 7.09641E-01 7.98346E-01 8.78181E-01 8.86962E-01
 1.23027E+00 7.11308E-01 8.00222E-01 8.80244E-01 8.89046E-01
 1.24451E+00 7.12951E-01 8.02070E-01 8.82277E-01 8.91100E-01
 1.25893E+00 7.14570E-01 8.03891E-01 8.84280E-01 8.93123E-01
 1.27350E+00 7.16165E-01 8.05685E-01 8.86254E-01 8.95116E-01
 1.28825E+00 7.17735E-01 8.07452E-01 8.88197E-01 8.97079E-01
 1.30317E+00 7.19282E-01 8.09192E-01 8.90112E-01 8.99013E-01
 1.31826E+00 7.20805E-01 8.10906E-01 8.91996E-01 9.00916E-01
 1.33352E+00 7.22305E-01 8.12593E-01 8.93852E-01 9.02791E-01
 1.34896E+00 7.23781E-01 8.14254E-01 8.95679E-01 9.04636E-01
 1.36458E+00 7.25235E-01 8.15889E-01 8.97478E-01 9.06452E-01
 1.38038E+00 7.26665E-01 8.17498E-01 8.99248E-01 9.08240E-01
 1.39637E+00 7.28072E-01 8.19081E-01 9.00990E-01 9.09999E-01
 1.41254E+00 7.29457E-01 8.20640E-01 9.02704E-01 9.11731E-01
 1.42889E+00 7.30820E-01 8.22173E-01 9.04390E-01 9.13434E-01
 1.44544E+00 7.32161E-01 8.23681E-01 9.06049E-01 9.15109E-01
 1.46218E+00 7.33479E-01 8.25164E-01 9.07681E-01 9.16757E-01
 1.47911E+00 7.34776E-01 8.26623E-01 9.09285E-01 9.18378E-01
 1.49624E+00 7.36051E-01 8.28058E-01 9.10864E-01 9.19972E-01
 1.51356E+00 7.37305E-01 8.29469E-01 9.12416E-01 9.21540E-01
 1.53109E+00 7.38538E-01 8.30856E-01 9.13941E-01 9.23081E-01
 1.54882E+00 7.39751E-01 8.32219E-01 9.15441E-01 9.24596E-01
 1.56675E+00 7.40942E-01 8.33560E-01 9.16916E-01 9.26085E-01
 1.58489E+00 7.42113E-01 8.34877E-01 9.18365E-01 9.27549E-01
 1.60325E+00 7.43264E-01 8.36172E-01 9.19789E-01 9.28987E-01
 1.62181E+00 7.44395E-01 8.37445E-01 9.21189E-01 9.30401E-01
 1.64059E+00 7.45506E-01 8.38695E-01 9.22564E-01 9.31790E-01
 1.65959E+00 7.46598E-01 8.39923E-01 9.23915E-01 9.33155E-01
 1.67880E+00 7.47671E-01 8.41130E-01 9.25243E-01 9.34495E-01
 1.69824E+00 7.48725E-01 8.42315E-01 9.26547E-01 9.35812E-01
 1.71791E+00 7.49759E-01 8.43479E-01 9.27827E-01 9.37105E-01
 1.73780E+00 7.50776E-01 8.44623E-01 9.29085E-01 9.38376E-01
 1.75792E+00 7.51774E-01 8.45745E-01 9.30320E-01 9.39623E-01
 1.77828E+00 7.52754E-01 8.46848E-01 9.31533E-01 9.40848E-01
 1.79887E+00 7.53716E-01 8.47931E-01 9.32724E-01 9.42051E-01
 1.81970E+00 7.54661E-01 8.48993E-01 9.33893E-01 9.43232E-01
 1.84077E+00 7.55588E-01 8.50037E-01 9.35040E-01 9.44391E-01
 1.86209E+00 7.56498E-01 8.51061E-01 9.36167E-01 9.45528E-01
 1.88365E+00 7.57392E-01 8.52066E-01 9.37272E-01 9.46645E-01
 1.90546E+00 7.58269E-01 8.53052E-01 9.38358E-01 9.47741E-01
 1.92752E+00 7.59129E-01 8.54020E-01 9.39422E-01 9.48817E-01
 1.94984E+00 7.59974E-01 8.54970E-01 9.40467E-01 9.49872E-01
 1.97242E+00 7.60802E-01 8.55902E-01 9.41493E-01 9.50908E-01
 1.99526E+00 7.61615E-01 8.56817E-01 9.42499E-01 9.51924E-01
 2.01837E+00 7.62412E-01 8.57714E-01 9.43485E-01 9.52920E-01
 2.04174E+00 7.63195E-01 8.58594E-01 9.44453E-01 9.53898E-01
 2.06538E+00 7.63962E-01 8.59457E-01 9.45403E-01 9.54857E-01
 2.08930E+00 7.64715E-01 8.60304E-01 9.46334E-01 9.55798E-01
 2.11349E+00 7.65453E-01 8.61134E-01 9.47248E-01 9.56720E-01
 2.13796E+00 7.66177E-01 8.61949E-01 9.48144E-01 9.57625E-01
 2.16272E+00 7.66887E-01 8.62747E-01 9.49022E-01 9.58512E-01
 2.18776E+00 7.67583E-01 8.63530E-01 9.49884E-01 9.59382E-01
 2.21309E+00 7.68265E-01 8.64298E-01 9.50728E-01 9.60235E-01
 2.23872E+00 7.68934E-01 8.65051E-01 9.51556E-01 9.61072E-01
 2.26464E+00 7.69590E-01 8.65789E-01 9.52368E-01 9.61892E-01
 2.29087E+00 7.70233E-01 8.66513E-01 9.53164E-01 9.62695E-01
 2.31739E+00 7.70864E-01 8.67222E-01 9.53944E-01 9.63483E-01
 2.34423E+00 7.71482E-01 8.67917E-01 9.54709E-01 9.64256E-01
 2.37137E+00 7.72087E-01 8.68598E-01 9.55458E-01 9.65013E-01
 2.39883E+00 7.72681E-01 8.69266E-01 9.56193E-01 9.65755E-01
 2.42661E+00 7.73263E-01 8.69920E-01 9.56912E-01 9.66482E-01
 2.45471E+00 7.73833E-01 8.70562E-01 9.57618E-01 9.67194E-01
 2.48313E+00 7.74391E-01 8.71190E-01 9.58309E-01 9.67892E-01
 2.51189E+00 7.74939E-01 8.71806E-01 9.58987E-01 9.68576E-01
 2.54097E+00 7.75475E-01 8.72409E-01 9.59650E-01 9.69247E-01
 2.57040E+00 7.76000E-01 8.73000E-01 9.60300E-01 9.69903E-01
 2.60016E+00 7.76515E-01 8.73580E-01 9.60938E-01 9.70547E-01
 2.63027E+00 7.77019E-01 8.74147E-01 9.61562E-01 9.71177E-01
 2.66073E+00 7.77514E-01 8.74703E-01 9.62173E-01 9.71795E-01
 2.69153E+00 7.77997E-01 8.75247E-01 9.62772E-01 9.72400E-01
 2.72270E+00 7.78472E-01 8.75780E-01 9.63359E-01 9.72992E-01
 2.75423E+00 7.78936E-01 8.76303E-01 9.63933E-01 9.73572E-01
 2.78612E+00 7.79391E-01 8.76814E-01 9.64496E-01 9.74141E-01
 2.81838E+00 7.79836E-01 8.77316E-01 9.65047E-01 9.74698E-01
 2.85102E+00 7.80272E-01 8.77806E-01 9.65587E-01 9.75243E-01
 2.88403E+00 7.80699E-01 8.78287E-01 9.66115E-01 9.75777E-01
 2.91743E+00 7.81118E-01 8.78757E-01 9.66633E-01 9.76299E-01
 2.95121E+00 7.81527E-01 8.79218E-01 9.67140E-01 9.76811E-01
 2.98538E+00 7.81928E-01 8.79669E-01 9.67636E-01 9.77313E-01
 3.01995E+00 7.82321E-01 8.80111E-01 9.68122E-01 9.77804E-01
 3.05492E+00 7.82706E-01 8.80544E-01 9.68598E-01 9.78284E-01
 3.09030E+00 7.83082E-01 8.80967E-01 9.69064E-01 9.78755E-01
 3.12608E+00 7.83451E-01 8.81382E-01 9.69520E-01 9.79216E-01
 3.16228E+00 7.83812E-01 8.81788E-01 9.69967E-01 9.79667E-01
 3.19890E+00 7.84165E-01 8.82186E-01 9.70404E-01 9.80108E-01
 3.23594E+00 7.84511E-01 8.82575E-01 9.70832E-01 9.80540E-01
 3.27341E+00 7.84849E-01 8.82956E-01 9.71251E-01 9.80964E-01
 3.31131E+00 7.85181E-01 8.83328E-01 9.71661E-01 9.81378E-01
 3.34965E+00 7.85505E-01 8.83693E-01 9.72063E-01 9.81783E-01
 3.38844E+00 7.85823E-01 8.84050E-01 9.72455E-01 9.82180E-01
 3.42768E+00 7.86133E-01 8.84400E-01 9.72840E-01 9.82568E-01
 3.46737E+00 7.86438E-01 8.84742E-01 9.73216E-01 9.82949E-01
 3.50752E+00 7.86735E-01 8.85077E-01 9.73585E-01 9.83321E-01
 3.54813E+00 7.87027E-01 8.85405E-01 9.73945E-01 9.83685E-01
 3.58922E+00 7.87312E-01 8.85726E-01 9.74298E-01 9.84041E-01
 3.63078E+00 7.87591E-01 8.86040E-01 9.74644E-01 9.84390E-01
 3.67282E+00 7.87864E-01 8.86347E-01 9.74981E-01 9.84731E-01
 3.71535E+00 7.88131E-01 8.86647E-01 9.75312E-01 9.85065E-01
 3.75837E+00 7.88393E-01 8.86942E-01 9.75636E-01 9.85392E-01
 3.80189E+00 7.88648E-01 8.87229E-01 9.75952E-01 9.85712E-01
 3.84592E+00 7.88899E-01 8.87511E-01 9.76262E-01 9.86025E-01
 3.89045E+00 7.89144E-01 8.87787E-01 9.76565E-01 9.86331E-01
 3.93550E+00 7.89384E-01 8.88056E-01 9.76862E-01 9.86631E-01
 3.98107E+00 7.89618E-01 8.88320E-01 9.77152E-01 9.86924E-01
 4.02717E+00 7.89848E-01 8.88579E-01 9.77436E-01 9.87211E-01
 4.07380E+00 7.90072E-01 8.88831E-01 9.77714E-01 9.87491E-01
 4.12098E+00 7.90292E-01 8.89078E-01 9.77986E-01 9.87766E-01
 4.16869E+00 7.90507E-01 8.89320E-01 9.78252E-01 9.88035E-01
 4.21697E+00 7.90717E-01 8.89557E-01 9.78512E-01 9.88297E-01
 4.26580E+00 7.90923E-01 8.89788E-01 9.78767E-01 9.88554E-01
 4.31519E+00 7.91124E-01 8.90014E-01 9.79016E-01 9.88806E-01
 4.36516E+00 7.91321E-01 8.90236E-01 9.79259E-01 9.89052E-01
 4.41570E+00 7.91513E-01 8.90452E-01 9.79498E-01 9.89293E-01
 4.46684E+00 7.91702E-01 8.90664E-01 9.79731E-01 9.89528E-01
 4.51856E+00 7.91886E-01 8.90872E-01 9.79959E-01 9.89758E-01
 4.57088E+00 7.92066E-01 8.91074E-01 9.80182E-01 9.89984E-01
 4.62381E+00 7.92243E-01 8.91273E-01 9.80400E-01 9.90204E-01
 4.67735E+00 7.92415E-01 8.91467E-01 9.80614E-01 9.90420E-01
 4.73151E+00 7.92584E-01 8.91657E-01 9.80822E-01 9.90631E-01
 4.78630E+00 7.92749E-01 8.91842E-01 9.81027E-01 9.90837E-01
 4.84172E+00 7.92910E-01 8.92024E-01 9.81226E-01 9.91039E-01
 4.89779E+00 7.93068E-01 8.92202E-01 9.81422E-01 9.91236E-01
 4.95450E+00 7.93222E-01 8.92375E-01 9.81613E-01 9.91429E-01
 5.01187E+00 7.93373E-01 8.92545E-01 9.81800E-01 9.91618E-01
 5.06991E+00 7.93521E-01 8.92711E-01 9.81982E-01 9.91802E-01
 5.12861E+00 7.93666E-01 8.92874E-01 9.82161E-01 9.91983E-01
 5.18800E+00 7.93807E-01 8.93033E-01 9.82336E-01 9.92159E-01
 5.24807E+00 7.93945E-01 8.93188E-01 9.82507E-01 9.92332E-01
 5.30884E+00 7.94080E-01 8.93340E-01 9.82674E-01 9.92501E-01
 5.37032E+00 7.94212E-01 8.93489E-01 9.82838E-01 9.92666E-01
 5.43250E+00 7.94342E-01 8.93634E-01 9.82998E-01 9.92828E-01
 5.49541E+00 7.94468E-01 8.93777E-01 9.83154E-01 9.92986E-01
 5.55904E+00 7.94592E-01 8.93916E-01 9.83307E-01 9.93140E-01
 5.62341E+00 7.94713E-01 8.94052E-01 9.83457E-01 9.93291E-01
 5.68853E+00 7.94831E-01 8.94185E-01 9.83603E-01 9.93439E-01
 5.75440E+00 7.94946E-01 8.94315E-01 9.83746E-01 9.93584E-01
 5.82103E+00 7.95059E-01 8.94442E-01 9.83886E-01 9.93725E-01
 5.88844E+00 7.95170E-01 8.94566E-01 9.84023E-01 9.93863E-01
 5.95662E+00 7.95278E-01 8.94688E-01 9.84157E-01 9.93998E-01
 6.02560E+00 7.95384E-01 8.94807E-01 9.84287E-01 9.94130E-01
 6.09537E+00 7.95487E-01 8.94923E-01 9.84415E-01 9.94259E-01
 6.16595E+00 7.95588E-01 8.95037E-01 9.84540E-01 9.94386E-01
 6.23735E+00 7.95687E-01 8.95148E-01 9.84663E-01 9.94509E-01
 6.30957E+00 7.95784E-01 8.95257E-01 9.84782E-01 9.94630E-01
 6.38263E+00 7.95878E-01 8.95363E-01 9.84899E-01 9.94748E-01
 6.45654E+00 7.95971E-01 8.95467E-01 9.85014E-01 9.94864E-01
 6.53131E+00 7.96061E-01 8.95569E-01 9.85125E-01 9.94977E-01
 6.60693E+00 7.96149E-01 8.95668E-01 9.85235E-01 9.95087E-01
 6.68344E+00 7.96236E-01 8.95765E-01 9.85342E-01 9.95195E-01
 6.76083E+00 7.96320E-01 8.95860E-01 9.85446E-01 9.95301E-01
 6.83912E+00 7.96403E-01 8.95953E-01 9.85548E-01 9.95404E-01
 6.91831E+00 7.96483E-01 8.96044E-01 9.85648E-01 9.95505E-01
 6.99842E+00 7.96562E-01 8.96133E-01 9.85746E-01 9.95603E-01
 7.07946E+00 7.96640E-01 8.96220E-01 9.85842E-01 9.95700E-01
 7.16143E+00 7.96715E-01 8.96304E-01 9.85935E-01 9.95794E-01
 7.24436E+00 7.96789E-01 8.96388E-01 9.86026E-01 9.95887E-01
 7.32825E+00 7.96861E-01 8.96469E-01 9.86116E-01 9.95977E-01
 7.41310E+00 7.96932E-01 8.96548E-01 9.86203E-01 9.96065E-01
 7.49894E+00 7.97001E-01 8.96626E-01 9.86288E-01 9.96151E-01
 7.58578E+00 7.97068E-01 8.96701E-01 9.86372E-01 9.96235E-01
 7.67361E+00 7.97134E-01 8.96776E-01 9.86453E-01 9.96318E-01
 7.76247E+00 7.97198E-01 8.96848E-01 9.86533E-01 9.96398E-01
 7.85236E+00 7.97261E-01 8.96919E-01 9.86611E-01 9.96477E-01
 7.94328E+00 7.97323E-01 8.96988E-01 9.86687E-01 9.96554E-01
 8.03526E+00 7.97383E-01 8.97056E-01 9.86762E-01 9.96629E-01
 8.12831E+00 7.97442E-01 8.97122E-01 9.86835E-01 9.96703E-01
 8.22243E+00 7.97500E-01 8.97187E-01 9.86906E-01 9.96775E-01
 8.31764E+00 7.97556E-01 8.97250E-01 9.86975E-01 9.96845E-01
 8.41395E+00 7.97611E-01 8.97312E-01 9.87044E-01 9.96914E-01
 8.51138E+00 7.97665E-01 8.97373E-01 9.87110E-01 9.96981E-01
 8.60994E+00 7.97717E-01 8.97432E-01 9.87175E-01 9.97047E-01
 8.70964E+00 7.97769E-01 8.97490E-01 9.87239E-01 9.97111E-01
 8.81049E+00 7.97819E-01 8.97546E-01 9.87301E-01 9.97174E-01
 8.91251E+00 7.97868E-01 8.97602E-01 9.87362E-01 9.97235E-01
 9.01571E+00 7.97916E-01 8.97656E-01 9.87421E-01 9.97295E-01
 9.12011E+00 7.97963E-01 8.97708E-01 9.87479E-01 9.97354E-01
 9.22571E+00 7.98009E-01 8.97760E-01 9.87536E-01 9.97411E-01
 9.33254E+00 7.98054E-01 8.97811E-01 9.87592E-01 9.97468E-01
 9.44061E+00 7.98098E-01 8.97860E-01 9.87646E-01 9.97522E-01
 9.54993E+00 7.98141E-01 8.97908E-01 9.87699E-01 9.97576E-01
 9.66051E+00 7.98183E-01 8.97955E-01 9.87751E-01 9.97628E-01
 9.77237E+00 7.98223E-01 8.98001E-01 9.87802E-01 9.97680E-01
 9.88553E+00 7.98264E-01 8.98046E-01 9.87851E-01 9.97730E-01
 1.00000E+01 7.98303E-01 8.98091E-01 9.87900E-01 9.97779E-01
 1.01158E+01 7.98341E-01 8.98134E-01 9.87947E-01 9.97826E-01
 1.02329E+01 7.98378E-01 8.98176E-01 9.87993E-01 9.97873E-01
 1.03514E+01 7.98415E-01 8.98217E-01 9.88039E-01 9.97919E-01
 1.04713E+01 7.98451E-01 8.98257E-01 9.88083E-01 9.97964E-01
 1.05925E+01 7.98486E-01 8.98296E-01 9.88126E-01 9.98007E-01
 1.07152E+01 7.98520E-01 8.98335E-01 9.88168E-01 9.98050E-01
 1.08393E+01 7.98553E-01 8.98372E-01 9.88210E-01 9.98092E-01
 1.09648E+01 7.98586E-01 8.98409E-01 9.88250E-01 9.98133E-01
 1.10917E+01 7.98618E-01 8.98445E-01 9.88290E-01 9.98173E-01
 1.12202E+01 7.98649E-01 8.98480E-01 9.88328E-01 9.98212E-01
 1.13501E+01 7.98680E-01 8.98515E-01 9.88366E-01 9.98250E-01
 1.14815E+01 7.98709E-01 8.98548E-01 9.88403E-01 9.98287E-01
 1.16145E+01 7.98739E-01 8.98581E-01 9.88439E-01 9.98323E-01
 1.17490E+01 7.98767E-01 8.98613E-01 9.88474E-01 9.98359E-01
 1.18850E+01 7.98795E-01 8.98644E-01 9.88509E-01 9.98394E-01
 1.20226E+01 7.98822E-01 8.98675E-01 9.88542E-01 9.98428E-01
 1.21619E+01 7.98849E-01 8.98705E-01 9.88575E-01 9.98461E-01
 1.23027E+01 7.98875E-01 8.98734E-01 9.88607E-01 9.98494E-01
 1.24451E+01 7.98900E-01 8.98763E-01 9.88639E-01 9.98525E-01
 1.25893E+01 7.98925E-01 8.98791E-01 9.88670E-01 9.98556E-01
 1.27350E+01 7.98949E-01 8.98818E-01 9.88700E-01 9.98587E-01
 1.28825E+01 7.98973E-01 8.98845E-01 9.88729E-01 9.98616E-01
 1.30317E+01 7.98996E-01 8.98871E-01 9.88758E-01 9.98645E-01
 1.31826E+01 7.99019E-01 8.98896E-01 9.88786E-01 9.98674E-01
 1.33352E+01 7.99041E-01 8.98921E-01 9.88813E-01 9.98702E-01
 1.34896E+01 7.99063E-01 8.98946E-01 9.88840E-01 9.98729E-01
 1.36458E+01 7.99084E-01 8.98969E-01 9.88866E-01 9.98755E-01
 1.38038E+01 7.99105E-01 8.98993E-01 9.88892E-01 9.98781E-01
 1.39637E+01 7.99125E-01 8.99016E-01 9.88917E-01 9.98806E-01
 1.41254E+01 7.99145E-01 8.99038E-01 9.88942E-01 9.98831E-01
 1.42889E+01 7.99164E-01 8.99060E-01 9.88966E-01 9.98855E-01
 1.44544E+01 7.99183E-01 8.99081E-01 9.88989E-01 9.98879E-01
 1.46218E+01 7.99201E-01 8.99102E-01 9.89012E-01 9.98902E-01
 1.47911E+01 7.99220E-01 8.99122E-01 9.89034E-01 9.98925E-01
 1.49624E+01 7.99237E-01 8.99142E-01 9.89056E-01 9.98947E-01
 1.51356E+01 7.99254E-01 8.99161E-01 9.89077E-01 9.98968E-01
 1.53109E+01 7.99271E-01 8.99180E-01 9.89098E-01 9.98989E-01
 1.54882E+01 7.99288E-01 8.99199E-01 9.89119E-01 9.99010E-01
 1.56675E+01 7.99304E-01 8.99217E-01 9.89139E-01 9.99030E-01
 1.58489E+01 7.99320E-01 8.99235E-01 9.89158E-01 9.99050E-01
 1.60325E+01 7.99335E-01 8.99252E-01 9.89177E-01 9.99069E-01
 1.62181E+01 7.99350E-01 8.99269E-01 9.89196E-01 9.99088E-01
 1.64059E+01 7.99365E-01 8.99285E-01 9.89214E-01 9.99106E-01
 1.65959E+01 7.99379E-01 8.99302E-01 9.89232E-01 9.99124E-01
 1.67880E+01 7.99393E-01 8.99317E-01 9.89249E-01 9.99142E-01
 1.69824E+01 7.99407E-01 8.99333E-01 9.89266E-01 9.99159E-01
 1.71791E+01 7.99420E-01 8.99348E-01 9.89283E-01 9.99176E-01
 1.73780E+01 7.99434E-01 8.99363E-01 9.89299E-01 9.99192E-01
 1.75792E+01 7.99446E-01 8.99377E-01 9.89315E-01 9.99208E-01
 1.77828E+01 7.99459E-01 8.99391E-01 9.89330E-01 9.99224E-01
 1.79887E+01 7.99471E-01 8.99405E-01 9.89346E-01 9.99239E-01
 1.81970E+01 7.99483E-01 8.99419E-01 9.89360E-01 9.99254E-01
 1.84077E+01 7.99495E-01 8.99432E-01 9.89375E-01 9.99269E-01
 1.86209E+01 7.99506E-01 8.99445E-01 9.89389E-01 9.99283E-01
 1.88365E+01 7.99517E-01 8.99457E-01 9.89403E-01 9.99297E-01
 1.90546E+01 7.99528E-01 8.99469E-01 9.89416E-01 9.99311E-01
 1.92752E+01 7.99539E-01 8.99481E-01 9.89430E-01 9.99324E-01
 1.94984E+01 7.99549E-01 8.99493E-01 9.89443E-01 9.99337E-01
 1.97242E+01 7.99560E-01 8.99505E-01 9.89455E-01 9.99350E-01
 1.99526E+01 7.99570E-01 8.99516E-01 9.89467E-01 9.99362E-01
 2.01837E+01 7.99579E-01 8.99527E-01 9.89480E-01 9.99374E-01
 2.04174E+01 7.99589E-01 8.99538E-01 9.89491E-01 9.99386E-01
 2.06538E+01 7.99598E-01 8.99548E-01 9.89503E-01 9.99398E-01
 2.08930E+01 7.99607E-01 8.99558E-01 9.89514E-01 9.99409E-01
 2.11349E+01 7.99616E-01 8.99568E-01 9.89525E-01 9.99420E-01
 2.13796E+01 7.99625E-01 8.99578E-01 9.89536E-01 9.99431E-01
 2.16272E+01 7.99633E-01 8.99588E-01 9.89546E-01 9.99442E-01
 2.18776E+01 7.99642E-01 8.99597E-01 9.89557E-01 9.99452E-01
 2.21309E+01 7.99650E-01 8.99606E-01 9.89567E-01 9.99462E-01
 2.23872E+01 7.99658E-01 8.99615E-01 9.89577E-01 9.99472E-01
 2.26464E+01 7.99666E-01 8.99624E-01 9.89586E-01 9.99482E-01
 2.29087E+01 7.99673E-01 8.99632E-01 9.89596E-01 9.99491E-01
 2.31739E+01 7.99681E-01 8.99641E-01 9.89605E-01 9.99501E-01
 2.34423E+01 7.99688E-01 8.99649E-01 9.89614E-01 9.99510E-01
 2.37137E+01 7.99695E-01 8.99657E-01 9.89622E-01 9.99519E-01
 2.39883E+01 7.99702E-01 8.99665E-01 9.89631E-01 9.99527E-01
 2.42661E+01 7.99709E-01 8.99672E-01 9.89639E-01 9.99536E-01
 2.45471E+01 7.99715E-01 8.99680E-01 9.89648E-01 9.99544E-01
 2.48313E+01 7.99722E-01 8.99687E-01 9.89656E-01 9.99552E-01
 2.51189E+01 7.99728E-01 8.99694E-01 9.89663E-01 9.99560E-01
 2.54097E+01 7.99734E-01 8.99701E-01 9.89671E-01 9.99568E-01
 2.57040E+01 7.99740E-01 8.99708E-01 9.89678E-01 9.99575E-01
 2.60016E+01 7.99746E-01 8.99714E-01 9.89686E-01 9.99583E-01
 2.63027E+01 7.99752E-01 8.99721E-01 9.89693E-01 9.99590E-01
 2.66073E+01 7.99757E-01 8.99727E-01 9.89700E-01 9.99597E-01
 2.69153E+01 7.99763E-01 8.99733E-01 9.89707E-01 9.99604E-01
 2.72270E+01 7.99768E-01 8.99739E-01 9.89713E-01 9.99610E-01
 2.75423E+01 7.99774E-01 8.99745E-01 9.89720E-01 9.99617E-01
 2.78612E+01 7.99779E-01 8.99751E-01 9.89726E-01 9.99623E-01
 2.81838E+01 7.99784E-01 8.99757E-01 9.89732E-01 9.99630E-01
 2.85102E+01 7.99789E-01 8.99762E-01 9.89738E-01 9.99636E-01
 2.88403E+01 7.99793E-01 8.99768E-01 9.89744E-01 9.99642E-01
 2.91743E+01 7.99798E-01 8.99773E-01 9.89750E-01 9.99648E-01
 2.95121E+01 7.99803E-01 8.99778E-01 9.89756E-01 9.99653E-01
 2.98538E+01 7.99807E-01 8.99783E-01 9.89761E-01 9.99659E-01
 3.01995E+01 7.99812E-01 8.99788E-01 9.89767E-01 9.99664E-01
 3.05492E+01 7.99816E-01 8.99793E-01 9.89772E-01 9.99670E-01
 3.09030E+01 7.99820E-01 8.99797E-01 9.89777E-01 9.99675E-01
 3.12608E+01 7.99824E-01 8.99802E-01 9.89782E-01 9.99680E-01
 3.16228E+01 7.99828E-01 8.99807E-01 9.89787E-01 9.99685E-01
 3.19890E+01 7.99832E-01 8.99811E-01 9.89792E-01 9.99690E-01
 3.23594E+01 7.99836E-01 8.99815E-01 9.89797E-01 9.99695E-01
 3.27341E+01 7.99840E-01 8.99819E-01 9.89801E-01 9.99699E-01
 3.31131E+01 7.99843E-01 8.99824E-01 9.89806E-01 9.99704E-01
 3.34965E+01 7.99847E-01 8.99828E-01 9.89810E-01 9.99708E-01
 3.38844E+01 7.99850E-01 8.99831E-01 9.89815E-01 9.99713E-01
 3.42768E+01 7.99854E-01 8.99835E-01 9.89819E-01 9.99717E-01
 3.46737E+01 7.99857E-01 8.99839E-01 9.89823E-01 9.99721E-01
 3.50752E+01 7.99860E-01 8.99843E-01 9.89827E-01 9.99725E-01
 3.54813E+01 7.99863E-01 8.99846E-01 9.89831E-01 9.99729E-01
 3.58922E+01 7.99866E-01 8.99850E-01 9.89835E-01 9.99733E-01
 3.63078E+01 7.99869E-01 8.99853E-01 9.89838E-01 9.99737E-01
 3.67282E+01 7.99872E-01 8.99856E-01 9.89842E-01 9.99741E-01
 3.71535E+01 7.99875E-01 8.99860E-01 9.89846E-01 9.99744E-01
 3.75837E+01 7.99878E-01 8.99863E-01 9.89849E-01 9.99748E-01
 3.80189E+01 7.99881E-01 8.99866E-01 9.89853E-01 9.99751E-01
 3.84592E+01 7.99884E-01 8.99869E-01 9.89856E-01 9.99755E-01
 3.89045E+01 7.99886E-01 8.99872E-01 9.89859E-01 9.99758E-01
 3.93550E+01 7.99889E-01 8.99875E-01 9.89862E-01 9.99761E-01
 3.98107E+01 7.99891E-01 8.99878E-01 9.89866E-01 9.99764E-01
 4.02717E+01 7.99894E-01 8.99881E-01 9.89869E-01 9.99767E-01
 4.07380E+01 7.99896E-01 8.99883E-01 9.89872E-01 9.99770E-01
 4.12098E+01 7.99899E-01 8.99886E-01 9.89875E-01 9.99773E-01
 4.16869E+01 7.99901E-01 8.99889E-01 9.89877E-01 9.99776E-01
 4.21697E+01 7.99903E-01 8.99891E-01 9.89880E-01 9.99779E-01
 4.26580E+01 7.99905E-01 8.99894E-01 9.89883E-01 9.99782E-01
 4.31519E+01 7.99908E-01 8.99896E-01 9.89886E-01 9.99784E-01
 4.36516E+01 7.99910E-01 8.99898E-01 9.89888E-01 9.99787E-01
 4.41570E+01 7.99912E-01 8.99901E-01 9.89891E-01 9.99790E-01
 4.46684E+01 7.99914E-01 8.99903E-01 9.89893E-01 9.99792E-01
 4.51856E+01 7.99916E-01 8.99905E-01 9.89896E-01 9.99795E-01
 4.57088E+01 7.99918E-01 8.99907E-01 9.89898E-01 9.99797E-01
 4.62381E+01 7.99919E-01 8.99909E-01 9.89900E-01 9.99799E-01
 4.67735E+01 7.99921E-01 8.99911E-01 9.89903E-01 9.99802E-01
 4.73151E+01 7.99923E-01 8.99913E-01 9.89905E-01 9.99804E-01
 4.78630E+01 7.99925E-01 8.99915E-01 9.89907E-01 9.99806E-01
 4.84172E+01 7.99926E-01 8.99917E-01 9.89909E-01 9.99808E-01
 4.89779E+01 7.99928E-01 8.99919E-01 9.89911E-01 9.99810E-01
 4.95450E+01 7.99930E-01 8.99921E-01 9.89913E-01 9.99812E-01
 5.01187E+01 7.99931E-01 8.99923E-01 9.89915E-01 9.99814E-01
 5.06991E+01 7.99933E-01 8.99925E-01 9.89917E-01 9.99816E-01
 5.12861E+01 7.99934E-01 8.99926E-01 9.89919E-01 9.99818E-01
 5.18800E+01 7.99936E-01 8.99928E-01 9.89921E-01 9.99820E-01
 5.24807E+01 7.99937E-01 8.99930E-01 9.89923E-01 9.99822E-01
 5.30884E+01 7.99939E-01 8.99931E-01 9.89924E-01 9.99824E-01
 5.37032E+01 7.99940E-01 8.99933E-01 9.89926E-01 9.99825E-01
 5.43250E+01 7.99942E-01 8.99934E-01 9.89928E-01 9.99827E-01
 5.49541E+01 7.99943E-01 8.99936E-01 9.89929E-01 9.99829E-01
 5.55904E+01 7.99944E-01 8.99937E-01 9.89931E-01 9.99830E-01
 5.62341E+01 7.99945E-01 8.99939E-01 9.89933E-01 9.99832E-01
 5.68853E+01 7.99947E-01 8.99940E-01 9.89934E-01 9.99833E-01
 5.75440E+01 7.99948E-01 8.99941E-01 9.89936E-01 9.99835E-01
 5.82103E+01 7.99949E-01 8.99943E-01 9.89937E-01 9.99836E-01
 5.88844E+01 7.99950E-01 8.99944E-01 9.89938E-01 9.99838E-01
 5.95662E+01 7.99951E-01 8.99945E-01 9.89940E-01 9.99839E-01
 6.02560E+01 7.99952E-01 8.99947E-01 9.89941E-01 9.99841E-01
 6.09537E+01 7.99954E-01 8.99948E-01 9.89943E-01 9.99842E-01
 6.16595E+01 7.99955E-01 8.99949E-01 9.89944E-01 9.99843E-01
 6.23735E+01 7.99956E-01 8.99950E-01 9.89945E-01 9.99845E-01
 6.30957E+01 7.99957E-01 8.99951E-01 9.89946E-01 9.99846E-01
 6.38263E+01 7.99958E-01 8.99952E-01 9.89948E-01 9.99847E-01
 6.45654E+01 7.99959E-01 8.99953E-01 9.89949E-01 9.99848E-01
 6.53131E+01 7.99960E-01 8.99955E-01 9.89950E-01 9.99849E-01
 6.60693E+01 7.99960E-01 8.99956E-01 9.89951E-01 9.99851E-01
 6.68344E+01 7.99961E-01 8.99957E-01 9.89952E-01 9.99852E-01
 6.76083E+01 7.99962E-01 8.99958E-01 9.89953E-01 9.99853E-01
 6.83912E+01 7.99963E-01 8.99958E-01 9.89954E-01 9.99854E-01
 6.91831E+01 7.99964E-01 8.99959E-01 9.89955E-01 9.99855E-01
 6.99842E+01 7.99965E-01 8.99960E-01 9.89956E-01 9.99856E-01
 7.07946E+01 7.99966E-01 8.99961E-01 9.89957E-01 9.99857E-01
 7.16143E+01 7.99966E-01 8.99962E-01 9.89958E-01 9.99858E-01
 7.24436E+01 7.99967E-01 8.99963E-01 9.89959E-01 9.99859E-01
 7.32825E+01 7.99968E-01 8.99964E-01 9.89960E-01 9.99860E-01
 7.41310E+01 7.99969E-01 8.99965E-01 9.89961E-01 9.99861E-01
 7.49894E+01 7.99969E-01 8.99965E-01 9.89962E-01 9.99862E-01
 7.58578E+01 7.99970E-01 8.99966E-01 9.89963E-01 9.99863E-01
 7.67361E+01 7.99971E-01 8.99967E-01 9.89964E-01 9.99863E-01
 7.76247E+01 7.99971E-01 8.99968E-01 9.89965E-01 9.99864E-01
 7.85236E+01 7.99972E-01 8.99969E-01 9.89965E-01 9.99865E-01
 7.94328E+01 7.99973E-01 8.99969E-01 9.89966E-01 9.99866E-01
 8.03526E+01 7.99973E-01 8.99970E-01 9.89967E-01 9.99867E-01
 8.12831E+01 7.99974E-01 8.99971E-01 9.89968E-01 9.99867E-01
 8.22243E+01 7.99974E-01 8.99971E-01 9.89968E-01 9.99868E-01
 8.31764E+01 7.99975E-01 8.99972E-01 9.89969E-01 9.99869E-01
 8.41395E+01 7.99976E-01 8.99973E-01 9.89970E-01 9.99870E-01
 8.51138E+01 7.99976E-01 8.99973E-01 9.89971E-01 9.99870E-01
 8.60994E+01 7.99977E-01 8.99974E-01 9.89971E-01 9.99871E-01
 8.70964E+01 7.99977E-01 8.99974E-01 9.89972E-01 9.99872E-01
 8.81049E+01 7.99978E-01 8.99975E-01 9.89972E-01 9.99872E-01
 8.91251E+01 7.99978E-01 8.99976E-01 9.89973E-01 9.99873E-01
 9.01571E+01 7.99979E-01 8.99976E-01 9.89974E-01 9.99873E-01
 9.12011E+01 7.99979E-01 8.99977E-01 9.89974E-01 9.99874E-01
 9.22571E+01 7.99980E-01 8.99977E-01 9.89975E-01 9.99875E-01
 9.33254E+01 7.99980E-01 8.99978E-01 9.89975E-01 9.99875E-01
 9.44061E+01 7.99981E-01 8.99978E-01 9.89976E-01 9.99876E-01
 9.54993E+01 7.99981E-01 8.99979E-01 9.89977E-01 9.99876E-01
 9.66051E+01 7.99981E-01 8.99979E-01 9.89977E-01 9.99877E-01
 9.77237E+01 7.99982E-01 8.99980E-01 9.89978E-01 9.99877E-01
 9.88553E+01 7.99982E-01 8.99980E-01 9.89978E-01 9.99878E-01
 1.00000E+02 7.99983E-01 8.99981E-01 9.89979E-01 9.99878E-01
