 1.00000E-02 3.75631E-02 6.11252E-02 9.65208E-02 1.01932E-01
 2.00000E-02 4.14653E-02 6.79614E-02 1.09383E-01 1.16146E-01
 3.00000E-02 4.56268E-02 7.52192E-02 1.23376E-01 1.31874E-01
 4.00000E-02 4.99868E-02 8.27663E-02 1.38285E-01 1.49098E-01
 5.00000E-02 5.45076E-02 9.05189E-02 1.53816E-01 1.67723E-01
 6.00000E-02 5.91491E-02 9.83973E-02 1.69641E-01 1.87616E-01
 7.00000E-02 6.38827E-02 1.06341E-01 1.85477E-01 2.08503E-01
 8.00000E-02 6.86824E-02 1.14300E-01 2.01103E-01 2.29650E-01
 9.00000E-02 7.35272E-02 1.22240E-01 2.16386E-01 2.50180E-01
 1.00000E-01 7.84025E-02 1.30137E-01 2.31255E-01 2.69801E-01
 1.10000E-01 8.32949E-02 1.37972E-01 2.45667E-01 2.88483E-01
 1.20000E-01 8.81932E-02 1.45731E-01 2.59619E-01 3.06263E-01
 1.30000E-01 9.30895E-02 1.53405E-01 2.73109E-01 3.23194E-01
 1.40000E-01 9.79765E-02 1.60990E-01 2.86148E-01 3.39326E-01
 1.50000E-01 1.02849E-01 1.68479E-01 2.98753E-01 3.54717E-01
 1.60000E-01 1.07702E-01 1.75872E-01 3.10941E-01 3.69411E-01
 1.70000E-01 1.12531E-01 1.83166E-01 3.22729E-01 3.83452E-01
 1.80000E-01 1.17334E-01 1.90360E-01 3.34134E-01 3.96885E-01
 1.90000E-01 1.22105E-01 1.97453E-01 3.45176E-01 4.09749E-01
 2.00000E-01 1.26844E-01 2.04447E-01 3.55871E-01 4.22078E-01
 2.10000E-01 1.31548E-01 2.11342E-01 3.66237E-01 4.33905E-01
 2.20000E-01 1.36214E-01 2.18138E-01 3.76289E-01 4.45259E-01
 2.30000E-01 1.40841E-01 2.24836E-01 3.86042E-01 4.56169E-01
 2.40000E-01 1.45427E-01 2.31436E-01 3.95509E-01 4.66661E-01
 2.50000E-01 1.49971E-01 2.37941E-01 4.04703E-01 4.76759E-01
 2.60000E-01 1.54472E-01 2.44350E-01 4.13638E-01 4.86486E-01
 2.70000E-01 1.58928E-01 2.50666E-01 4.22326E-01 4.95860E-01
 2.80000E-01 1.63339E-01 2.56888E-01 4.30776E-01 5.04901E-01
 2.90000E-01 1.67704E-01 2.63020E-01 4.39000E-01 5.13627E-01
 3.00000E-01 1.72022E-01 2.69060E-01 4.47007E-01 5.22054E-01
 3.10000E-01 1.76292E-01 2.75011E-01 4.54807E-01 5.30198E-01
 3.20000E-01 1.80514E-01 2.80873E-01 4.62408E-01 5.38072E-01
 3.30000E-01 1.84688E-01 2.86649E-01 4.69818E-01 5.45691E-01
 3.40000E-01 1.88812E-01 2.92338E-01 4.77046E-01 5.53066E-01
 3.50000E-01 1.92888E-01 2.97943E-01 4.84098E-01 5.60209E-01
 3.60000E-01 1.96915E-01 3.03464E-01 4.90981E-01 5.67132E-01
 3.70000E-01 2.00892E-01 3.08903E-01 4.97702E-01 5.73844E-01
 3.80000E-01 2.04819E-01 3.14260E-01 5.04267E-01 5.80355E-01
 3.90000E-01 2.08698E-01 3.19537E-01 5.10682E-01 5.86674E-01
 4.00000E-01 2.12526E-01 3.24735E-01 5.16952E-01 5.92810E-01
 4.10000E-01 2.16306E-01 3.29855E-01 5.23082E-01 5.98771E-01
 4.20000E-01 2.20036E-01 3.34899E-01 5.29078E-01 6.04564E-01
 4.30000E-01 2.23718E-01 3.39866E-01 5.34944E-01 6.10197E-01
 4.40000E-01 2.27351E-01 3.44760E-01 5.40684E-01 6.15676E-01
 4.50000E-01 2.30935E-01 3.49579E-01 5.46303E-01 6.21007E-01
 4.60000E-01 2.34471E-01 3.54327E-01 5.51805E-01 6.26197E-01
 4.70000E-01 2.37959E-01 3.59003E-01 5.57194E-01 6.31251E-01
 4.80000E-01 2.41400E-01 3.63608E-01 5.62472E-01 6.36174E-01
 4.90000E-01 2.44793E-01 3.68145E-01 5.67645E-01 6.40973E-01
 5.00000E-01 2.48140E-01 3.72614E-01 5.72715E-01 6.45651E-01
 5.10000E-01 2.51440E-01 3.77016E-01 5.77685E-01 6.50213E-01
 5.20000E-01 2.54695E-01 3.81352E-01 5.82558E-01 6.54664E-01
 5.30000E-01 2.57903E-01 3.85622E-01 5.87338E-01 6.59007E-01
 5.40000E-01 2.61067E-01 3.89829E-01 5.92027E-01 6.63247E-01
 5.50000E-01 2.64186E-01 3.93973E-01 5.96627E-01 6.67388E-01
 5.60000E-01 2.67261E-01 3.98055E-01 6.01141E-01 6.71432E-01
 5.70000E-01 2.70293E-01 4.02077E-01 6.05572E-01 6.75384E-01
 5.80000E-01 2.73281E-01 4.06038E-01 6.09922E-01 6.79247E-01
 5.90000E-01 2.76227E-01 4.09940E-01 6.14193E-01 6.83023E-01
 6.00000E-01 2.79130E-01 4.13784E-01 6.18388E-01 6.86716E-01
 6.10000E-01 2.81992E-01 4.17571E-01 6.22507E-01 6.90329E-01
 6.20000E-01 2.84813E-01 4.21302E-01 6.26555E-01 6.93864E-01
 6.30000E-01 2.87593E-01 4.24977E-01 6.30531E-01 6.97324E-01
 6.40000E-01 2.90333E-01 4.28598E-01 6.34438E-01 7.00711E-01
 6.50000E-01 2.93033E-01 4.32165E-01 6.38279E-01 7.04028E-01
 6.60000E-01 2.95694E-01 4.35680E-01 6.42054E-01 7.07277E-01
 6.70000E-01 2.98317E-01 4.39143E-01 6.45765E-01 7.10460E-01
 6.80000E-01 3.00901E-01 4.42555E-01 6.49413E-01 7.13579E-01
 6.90000E-01 3.03448E-01 4.45917E-01 6.53002E-01 7.16637E-01
 7.00000E-01 3.05958E-01 4.49229E-01 6.56530E-01 7.19635E-01
 7.10000E-01 3.08431E-01 4.52493E-01 6.60001E-01 7.22575E-01
 7.20000E-01 3.10869E-01 4.55709E-01 6.63416E-01 7.25459E-01
 7.30000E-01 3.13270E-01 4.58879E-01 6.66775E-01 7.28288E-01
 7.40000E-01 3.15637E-01 4.62001E-01 6.70081E-01 7.31064E-01
 7.50000E-01 3.17970E-01 4.65079E-01 6.73334E-01 7.33789E-01
 7.60000E-01 3.20268E-01 4.68112E-01 6.76536E-01 7.36465E-01
 7.70000E-01 3.22533E-01 4.71100E-01 6.79687E-01 7.39092E-01
 7.80000E-01 3.24764E-01 4.74046E-01 6.82789E-01 7.41672E-01
 7.90000E-01 3.26963E-01 4.76949E-01 6.85843E-01 7.44207E-01
 8.00000E-01 3.29130E-01 4.79809E-01 6.88850E-01 7.46697E-01
 8.10000E-01 3.31266E-01 4.82629E-01 6.91811E-01 7.49145E-01
 8.20000E-01 3.33370E-01 4.85408E-01 6.94728E-01 7.51551E-01
 8.30000E-01 3.35443E-01 4.88147E-01 6.97600E-01 7.53916E-01
 8.40000E-01 3.37487E-01 4.90847E-01 7.00429E-01 7.56242E-01
 8.50000E-01 3.39500E-01 4.93508E-01 7.03215E-01 7.58530E-01
 8.60000E-01 3.41485E-01 4.96132E-01 7.05961E-01 7.60780E-01
 8.70000E-01 3.43440E-01 4.98717E-01 7.08666E-01 7.62994E-01
 8.80000E-01 3.45367E-01 5.01266E-01 7.11331E-01 7.65173E-01
 8.90000E-01 3.47266E-01 5.03779E-01 7.13958E-01 7.67318E-01
 9.00000E-01 3.49137E-01 5.06256E-01 7.16547E-01 7.69430E-01
 9.10000E-01 3.50981E-01 5.08698E-01 7.19098E-01 7.71509E-01
 9.20000E-01 3.52799E-01 5.11106E-01 7.21613E-01 7.73557E-01
 9.30000E-01 3.54590E-01 5.13479E-01 7.24092E-01 7.75575E-01
 9.40000E-01 3.56355E-01 5.15819E-01 7.26535E-01 7.77562E-01
 9.50000E-01 3.58095E-01 5.18127E-01 7.28945E-01 7.79521E-01
 9.60000E-01 3.59810E-01 5.20402E-01 7.31320E-01 7.81451E-01
 9.70000E-01 3.61499E-01 5.22645E-01 7.33663E-01 7.83354E-01
 9.80000E-01 3.63165E-01 5.24856E-01 7.35973E-01 7.85230E-01
 9.90000E-01 3.64807E-01 5.27037E-01 7.38251E-01 7.87080E-01
 1.00000E+00 3.66425E-01 5.29188E-01 7.40498E-01 7.88905E-01
 1.01158E+00 3.68270E-01 5.31640E-01 7.43061E-01 7.90987E-01
 1.02329E+00 3.70105E-01 5.34082E-01 7.45613E-01 7.93061E-01
 1.03514E+00 3.71930E-01 5.36511E-01 7.48154E-01 7.95126E-01
 1.04713E+00 3.73744E-01 5.38928E-01 7.50683E-01 7.97183E-01
 1.05925E+00 3.75881E-01 5.41333E-01 7.53200E-01 7.99232E-01
 1.07152E+00 3.78213E-01 5.43724E-01 7.55705E-01 8.01273E-01
 1.08393E+00 3.80518E-01 5.46103E-01 7.58198E-01 8.03305E-01
 1.09648E+00 3.82796E-01 5.48468E-01 7.60678E-01 8.05330E-01
 1.10917E+00 3.85047E-01 5.50820E-01 7.63146E-01 8.07347E-01
 1.12202E+00 3.87270E-01 5.53157E-01 7.65602E-01 8.09356E-01
 1.13501E+00 3.89465E-01 5.55480E-01 7.68044E-01 8.11357E-01
 1.14815E+00 3.91633E-01 5.57789E-01 7.70474E-01 8.13350E-01
 1.16145E+00 3.93774E-01 5.60666E-01 7.72890E-01 8.15336E-01
 1.17490E+00 3.95887E-01 5.63674E-01 7.75292E-01 8.17313E-01
 1.18850E+00 3.97972E-01 5.66643E-01 7.77681E-01 8.19283E-01
 1.20226E+00 4.00029E-01 5.69573E-01 7.80057E-01 8.21244E-01
 1.21619E+00 4.02059E-01 5.72463E-01 7.82419E-01 8.23197E-01
 1.23027E+00 4.04061E-01 5.75313E-01 7.84766E-01 8.25142E-01
 1.24451E+00 4.06035E-01 5.78125E-01 7.87099E-01 8.27078E-01
 1.25893E+00 4.07982E-01 5.80897E-01 7.89418E-01 8.29006E-01
 1.27350E+00 4.09902E-01 5.83630E-01 7.91723E-01 8.30925E-01
 1.28825E+00 4.11794E-01 5.86324E-01 7.94013E-01 8.32835E-01
 1.30317E+00 4.13659E-01 5.88979E-01 7.96288E-01 8.34736E-01
 1.31826E+00 4.15496E-01 5.91595E-01 7.98548E-01 8.36628E-01
 1.33352E+00 4.17307E-01 5.94173E-01 8.00793E-01 8.38510E-01
 1.34896E+00 4.19090E-01 5.96712E-01 8.03023E-01 8.40383E-01
 1.36458E+00 4.20847E-01 5.99214E-01 8.05238E-01 8.42246E-01
 1.38038E+00 4.22577E-01 6.01677E-01 8.07437E-01 8.44099E-01
 1.39637E+00 4.24281E-01 6.04103E-01 8.09620E-01 8.45942E-01
 1.41254E+00 4.25958E-01 6.06491E-01 8.11788E-01 8.47774E-01
 1.42889E+00 4.27609E-01 6.08841E-01 8.13940E-01 8.49596E-01
 1.44544E+00 4.29234E-01 6.11155E-01 8.16076E-01 8.51407E-01
 1.46218E+00 4.30833E-01 6.13432E-01 8.18196E-01 8.53207E-01
 1.47911E+00 4.32407E-01 6.15673E-01 8.20300E-01 8.54997E-01
 1.49624E+00 4.33955E-01 6.17877E-01 8.22394E-01 8.56775E-01
 1.51356E+00 4.35478E-01 6.20045E-01 8.25280E-01 8.58541E-01
 1.53109E+00 4.36976E-01 6.22178E-01 8.28119E-01 8.60296E-01
 1.54882E+00 4.38449E-01 6.24276E-01 8.30911E-01 8.62040E-01
 1.56675E+00 4.39898E-01 6.26339E-01 8.33657E-01 8.63771E-01
 1.58489E+00 4.41322E-01 6.28367E-01 8.36356E-01 8.65491E-01
 1.60325E+00 4.42723E-01 6.30361E-01 8.39010E-01 8.67199E-01
 1.62181E+00 4.44099E-01 6.32321E-01 8.41619E-01 8.68894E-01
 1.64059E+00 4.45452E-01 6.34248E-01 8.44183E-01 8.70577E-01
 1.65959E+00 4.46782E-01 6.36141E-01 8.46703E-01 8.72359E-01
 1.67880E+00 4.48089E-01 6.38001E-01 8.49180E-01 8.74911E-01
 1.69824E+00 4.49373E-01 6.39829E-01 8.51613E-01 8.77418E-01
 1.71791E+00 4.50634E-01 6.41625E-01 8.54003E-01 8.79881E-01
 1.73780E+00 4.51873E-01 6.43390E-01 8.56352E-01 8.82300E-01
 1.75792E+00 4.53090E-01 6.45123E-01 8.58658E-01 8.84677E-01
 1.77828E+00 4.54286E-01 6.46825E-01 8.60924E-01 8.87011E-01
 1.79887E+00 4.55460E-01 6.48496E-01 8.63148E-01 8.89303E-01
 1.81970E+00 4.56612E-01 6.50138E-01 8.65333E-01 8.91554E-01
 1.84077E+00 4.57744E-01 6.51749E-01 8.67478E-01 8.93763E-01
 1.86209E+00 4.58855E-01 6.53331E-01 8.69584E-01 8.95933E-01
 1.88365E+00 4.59946E-01 6.54884E-01 8.71651E-01 8.98063E-01
 1.90546E+00 4.61017E-01 6.56409E-01 8.73680E-01 9.00154E-01
 1.92752E+00 4.62068E-01 6.57905E-01 8.75672E-01 9.02206E-01
 1.94984E+00 4.63099E-01 6.59374E-01 8.77626E-01 9.04219E-01
 1.97242E+00 4.64111E-01 6.60815E-01 8.79545E-01 9.06196E-01
 1.99526E+00 4.65104E-01 6.62229E-01 8.81427E-01 9.08135E-01
 2.01837E+00 4.66079E-01 6.63616E-01 8.83273E-01 9.10037E-01
 2.04174E+00 4.67035E-01 6.64977E-01 8.85085E-01 9.11904E-01
 2.06538E+00 4.67973E-01 6.66313E-01 8.86862E-01 9.13735E-01
 2.08930E+00 4.68893E-01 6.67623E-01 8.88606E-01 9.15531E-01
 2.11349E+00 4.69795E-01 6.68907E-01 8.90316E-01 9.17293E-01
 2.13796E+00 4.70680E-01 6.70167E-01 8.91993E-01 9.19021E-01
 2.16272E+00 4.71548E-01 6.71403E-01 8.93637E-01 9.20715E-01
 2.18776E+00 4.72399E-01 6.72615E-01 8.95250E-01 9.22377E-01
 2.21309E+00 4.73233E-01 6.73803E-01 8.96832E-01 9.24007E-01
 2.23872E+00 4.74052E-01 6.74968E-01 8.98382E-01 9.25604E-01
 2.26464E+00 4.74854E-01 6.76110E-01 8.99903E-01 9.27171E-01
 2.29087E+00 4.75640E-01 6.77230E-01 9.01393E-01 9.28706E-01
 2.31739E+00 4.76411E-01 6.78328E-01 9.02854E-01 9.30212E-01
 2.34423E+00 4.77167E-01 6.79404E-01 9.04286E-01 9.31687E-01
 2.37137E+00 4.77908E-01 6.80458E-01 9.05690E-01 9.33134E-01
 2.39883E+00 4.78634E-01 6.81492E-01 9.07066E-01 9.34551E-01
 2.42661E+00 4.79345E-01 6.82505E-01 9.08415E-01 9.35940E-01
 2.45471E+00 4.80043E-01 6.83498E-01 9.09736E-01 9.37302E-01
 2.48313E+00 4.80726E-01 6.84471E-01 9.11031E-01 9.38636E-01
 2.51189E+00 4.81395E-01 6.85424E-01 9.12300E-01 9.39943E-01
 2.54097E+00 4.82051E-01 6.86358E-01 9.13543E-01 9.41224E-01
 2.57040E+00 4.82694E-01 6.87274E-01 9.14761E-01 9.42479E-01
 2.60016E+00 4.83324E-01 6.88170E-01 9.15955E-01 9.43709E-01
 2.63027E+00 4.83941E-01 6.89049E-01 9.17124E-01 9.44913E-01
 2.66073E+00 4.84545E-01 6.89909E-01 9.18269E-01 9.46093E-01
 2.69153E+00 4.85137E-01 6.90752E-01 9.19391E-01 9.47249E-01
 2.72270E+00 4.85717E-01 6.91578E-01 9.20490E-01 9.48382E-01
 2.75423E+00 4.86285E-01 6.92386E-01 9.21566E-01 9.49491E-01
 2.78612E+00 4.86841E-01 6.93178E-01 9.22620E-01 9.50577E-01
 2.81838E+00 4.87386E-01 6.93954E-01 9.23653E-01 9.51641E-01
 2.85102E+00 4.87920E-01 6.94714E-01 9.24664E-01 9.52682E-01
 2.88403E+00 4.88442E-01 6.95458E-01 9.25654E-01 9.53703E-01
 2.91743E+00 4.88954E-01 6.96186E-01 9.26624E-01 9.54702E-01
 2.95121E+00 4.89455E-01 6.96900E-01 9.27574E-01 9.55680E-01
 2.98538E+00 4.89946E-01 6.97598E-01 9.28503E-01 9.56638E-01
 3.01995E+00 4.90426E-01 6.98282E-01 9.29414E-01 9.57576E-01
 3.05492E+00 4.90896E-01 6.98952E-01 9.30305E-01 9.58494E-01
 3.09030E+00 4.91357E-01 6.99607E-01 9.31177E-01 9.59393E-01
 3.12608E+00 4.91807E-01 7.00249E-01 9.32032E-01 9.60273E-01
 3.16228E+00 4.92249E-01 7.00878E-01 9.32868E-01 9.61135E-01
 3.19890E+00 4.92681E-01 7.01493E-01 9.33687E-01 9.61978E-01
 3.23594E+00 4.93104E-01 7.02095E-01 9.34488E-01 9.62804E-01
 3.27341E+00 4.93518E-01 7.02684E-01 9.35273E-01 9.63612E-01
 3.31131E+00 4.93923E-01 7.03261E-01 9.36041E-01 9.64404E-01
 3.34965E+00 4.94319E-01 7.03826E-01 9.36792E-01 9.65178E-01
 3.38844E+00 4.94708E-01 7.04379E-01 9.37528E-01 9.65936E-01
 3.42768E+00 4.95088E-01 7.04920E-01 9.38248E-01 9.66678E-01
 3.46737E+00 4.95459E-01 7.05449E-01 9.38953E-01 9.67404E-01
 3.50752E+00 4.95823E-01 7.05967E-01 9.39642E-01 9.68115E-01
 3.54813E+00 4.96180E-01 7.06474E-01 9.40317E-01 9.68810E-01
 3.58922E+00 4.96528E-01 7.06971E-01 9.40978E-01 9.69491E-01
 3.63078E+00 4.96869E-01 7.07456E-01 9.41624E-01 9.70156E-01
 3.67282E+00 4.97203E-01 7.07932E-01 9.42257E-01 9.70808E-01
 3.71535E+00 4.97530E-01 7.08397E-01 9.42876E-01 9.71446E-01
 3.75837E+00 4.97849E-01 7.08852E-01 9.43481E-01 9.72070E-01
 3.80189E+00 4.98162E-01 7.09297E-01 9.44074E-01 9.72680E-01
 3.84592E+00 4.98468E-01 7.09732E-01 9.44654E-01 9.73278E-01
 3.89045E+00 4.98767E-01 7.10159E-01 9.45221E-01 9.73862E-01
 3.93550E+00 4.99060E-01 7.10576E-01 9.45776E-01 9.74434E-01
 3.98107E+00 4.99347E-01 7.10984E-01 9.46320E-01 9.74994E-01
 4.02717E+00 4.99627E-01 7.11383E-01 9.46851E-01 9.75541E-01
 4.07380E+00 4.99901E-01 7.11774E-01 9.47371E-01 9.76077E-01
 4.12098E+00 5.00170E-01 7.12156E-01 9.47879E-01 9.76601E-01
 4.16869E+00 5.00432E-01 7.12530E-01 9.48377E-01 9.77114E-01
 4.21697E+00 5.00689E-01 7.12895E-01 9.48864E-01 9.77615E-01
 4.26580E+00 5.00940E-01 7.13253E-01 9.49340E-01 9.78106E-01
 4.31519E+00 5.01186E-01 7.13603E-01 9.49806E-01 9.78586E-01
 4.36516E+00 5.01427E-01 7.13945E-01 9.50261E-01 9.79055E-01
 4.41570E+00 5.01662E-01 7.14280E-01 9.50707E-01 9.79514E-01
 4.46684E+00 5.01892E-01 7.14608E-01 9.51143E-01 9.79963E-01
 4.51856E+00 5.02117E-01 7.14928E-01 9.51569E-01 9.80403E-01
 4.57088E+00 5.02337E-01 7.15241E-01 9.51986E-01 9.80833E-01
 4.62381E+00 5.02552E-01 7.15548E-01 9.52394E-01 9.81253E-01
 4.67735E+00 5.02763E-01 7.15848E-01 9.52794E-01 9.81664E-01
 4.73151E+00 5.02969E-01 7.16141E-01 9.53184E-01 9.82066E-01
 4.78630E+00 5.03170E-01 7.16428E-01 9.53566E-01 9.82460E-01
 4.84172E+00 5.03367E-01 7.16708E-01 9.53939E-01 9.82844E-01
 4.89779E+00 5.03560E-01 7.16983E-01 9.54304E-01 9.83221E-01
 4.95450E+00 5.03748E-01 7.17251E-01 9.54661E-01 9.83589E-01
 5.01187E+00 5.03933E-01 7.17514E-01 9.55011E-01 9.83948E-01
 5.06991E+00 5.04113E-01 7.17770E-01 9.55352E-01 9.84300E-01
 5.12861E+00 5.04289E-01 7.18021E-01 9.55686E-01 9.84645E-01
 5.18800E+00 5.04462E-01 7.18267E-01 9.56013E-01 9.84981E-01
 5.24807E+00 5.04630E-01 7.18507E-01 9.56333E-01 9.85310E-01
 5.30884E+00 5.04795E-01 7.18742E-01 9.56645E-01 9.85632E-01
 5.37032E+00 5.04956E-01 7.18971E-01 9.56951E-01 9.85947E-01
 5.43250E+00 5.05114E-01 7.19196E-01 9.57250E-01 9.86255E-01
 5.49541E+00 5.05268E-01 7.19415E-01 9.57542E-01 9.86556E-01
 5.55904E+00 5.05419E-01 7.19630E-01 9.57828E-01 9.86851E-01
 5.62341E+00 5.05567E-01 7.19840E-01 9.58107E-01 9.87139E-01
 5.68853E+00 5.05711E-01 7.20045E-01 9.58380E-01 9.87420E-01
 5.75440E+00 5.05852E-01 7.20246E-01 9.58647E-01 9.87695E-01
 5.82103E+00 5.05990E-01 7.20442E-01 9.58909E-01 9.87965E-01
 5.88844E+00 5.06124E-01 7.20634E-01 9.59164E-01 9.88228E-01
 5.95662E+00 5.06256E-01 7.20822E-01 9.59414E-01 9.88485E-01
 6.02560E+00 5.06385E-01 7.21005E-01 9.59658E-01 9.88737E-01
 6.09537E+00 5.06511E-01 7.21185E-01 9.59897E-01 9.88983E-01
 6.16595E+00 5.06634E-01 7.21360E-01 9.60131E-01 9.89224E-01
 6.23735E+00 5.06755E-01 7.21532E-01 9.60359E-01 9.89459E-01
 6.30957E+00 5.06873E-01 7.21700E-01 9.60582E-01 9.89689E-01
 6.38263E+00 5.06988E-01 7.21864E-01 9.60801E-01 9.89914E-01
 6.45654E+00 5.07101E-01 7.22024E-01 9.61014E-01 9.90134E-01
 6.53131E+00 5.07211E-01 7.22181E-01 9.61223E-01 9.90349E-01
 6.60693E+00 5.07318E-01 7.22334E-01 9.61427E-01 9.90559E-01
 6.68344E+00 5.07424E-01 7.22484E-01 9.61626E-01 9.90764E-01
 6.76083E+00 5.07527E-01 7.22631E-01 9.61821E-01 9.90965E-01
 6.83912E+00 5.07627E-01 7.22774E-01 9.62012E-01 9.91162E-01
 6.91831E+00 5.07726E-01 7.22914E-01 9.62198E-01 9.91354E-01
 6.99842E+00 5.07822E-01 7.23051E-01 9.62381E-01 9.91542E-01
 7.07946E+00 5.07916E-01 7.23185E-01 9.62559E-01 9.91725E-01
 7.16143E+00 5.08008E-01 7.23316E-01 9.62733E-01 9.91905E-01
 7.24436E+00 5.08098E-01 7.23444E-01 9.62904E-01 9.92080E-01
 7.32825E+00 5.08185E-01 7.23569E-01 9.63070E-01 9.92252E-01
 7.41310E+00 5.08271E-01 7.23691E-01 9.63233E-01 9.92420E-01
 7.49894E+00 5.08355E-01 7.23811E-01 9.63392E-01 9.92584E-01
 7.58578E+00 5.08438E-01 7.23928E-01 9.63548E-01 9.92744E-01
 7.67361E+00 5.08518E-01 7.24042E-01 9.63700E-01 9.92901E-01
 7.76247E+00 5.08596E-01 7.24154E-01 9.63849E-01 9.93054E-01
 7.85236E+00 5.08673E-01 7.24263E-01 9.63994E-01 9.93204E-01
 7.94328E+00 5.08748E-01 7.24370E-01 9.64136E-01 9.93350E-01
 8.03526E+00 5.08821E-01 7.24474E-01 9.64275E-01 9.93494E-01
 8.12831E+00 5.08893E-01 7.24576E-01 9.64411E-01 9.93633E-01
 8.22243E+00 5.08963E-01 7.24676E-01 9.64544E-01 9.93770E-01
 8.31764E+00 5.09032E-01 7.24773E-01 9.64673E-01 9.93904E-01
 8.41395E+00 5.09099E-01 7.24869E-01 9.64800E-01 9.94035E-01
 8.51138E+00 5.09164E-01 7.24962E-01 9.64924E-01 9.94163E-01
 8.60994E+00 5.09228E-01 7.25053E-01 9.65046E-01 9.94288E-01
 8.70964E+00 5.09291E-01 7.25142E-01 9.65164E-01 9.94410E-01
 8.81049E+00 5.09352E-01 7.25229E-01 9.65280E-01 9.94529E-01
 8.91251E+00 5.09411E-01 7.25314E-01 9.65393E-01 9.94646E-01
 9.01571E+00 5.09470E-01 7.25398E-01 9.65504E-01 9.94760E-01
 9.12011E+00 5.09527E-01 7.25479E-01 9.65612E-01 9.94872E-01
 9.22571E+00 5.09583E-01 7.25558E-01 9.65718E-01 9.94981E-01
 9.33254E+00 5.09637E-01 7.25636E-01 9.65822E-01 9.95087E-01
 9.44061E+00 5.09691E-01 7.25712E-01 9.65923E-01 9.95191E-01
 9.54993E+00 5.09743E-01 7.25786E-01 9.66022E-01 9.95293E-01
 9.66051E+00 5.09794E-01 7.25859E-01 9.66118E-01 9.95393E-01
 9.77237E+00 5.09844E-01 7.25930E-01 9.66213E-01 9.95490E-01
 9.88553E+00 5.09893E-01 7.25999E-01 9.66305E-01 9.95585E-01
 1.00000E+01 5.09940E-01 7.26067E-01 9.66395E-01 9.95678E-01
 1.01158E+01 5.09987E-01 7.26133E-01 9.66484E-01 9.95769E-01
 1.02329E+01 5.10032E-01 7.26198E-01 9.66570E-01 9.95858E-01
 1.03514E+01 5.10077E-01 7.26262E-01 9.66654E-01 9.95945E-01
 1.04713E+01 5.10120E-01 7.26324E-01 9.66737E-01 9.96030E-01
 1.05925E+01 5.10163E-01 7.26384E-01 9.66817E-01 9.96113E-01
 1.07152E+01 5.10204E-01 7.26443E-01 9.66896E-01 9.96194E-01
 1.08393E+01 5.10245E-01 7.26501E-01 9.66973E-01 9.96273E-01
 1.09648E+01 5.10285E-01 7.26558E-01 9.67048E-01 9.96351E-01
 1.10917E+01 5.10323E-01 7.26613E-01 9.67122E-01 9.96426E-01
 1.12202E+01 5.10361E-01 7.26667E-01 9.67193E-01 9.96500E-01
 1.13501E+01 5.10398E-01 7.26720E-01 9.67264E-01 9.96573E-01
 1.14815E+01 5.10435E-01 7.26771E-01 9.67332E-01 9.96644E-01
 1.16145E+01 5.10470E-01 7.26822E-01 9.67400E-01 9.96713E-01
 1.17490E+01 5.10505E-01 7.26871E-01 9.67465E-01 9.96780E-01
 1.18850E+01 5.10538E-01 7.26919E-01 9.67529E-01 9.96846E-01
 1.20226E+01 5.10572E-01 7.26966E-01 9.67592E-01 9.96911E-01
 1.21619E+01 5.10604E-01 7.27012E-01 9.67653E-01 9.96974E-01
 1.23027E+01 5.10635E-01 7.27057E-01 9.67713E-01 9.97036E-01
 1.24451E+01 5.10666E-01 7.27101E-01 9.67772E-01 9.97096E-01
 1.25893E+01 5.10697E-01 7.27144E-01 9.67829E-01 9.97155E-01
 1.27350E+01 5.10726E-01 7.27186E-01 9.67885E-01 9.97213E-01
 1.28825E+01 5.10755E-01 7.27227E-01 9.67939E-01 9.97269E-01
 1.30317E+01 5.10783E-01 7.27267E-01 9.67993E-01 9.97324E-01
 1.31826E+01 5.10811E-01 7.27307E-01 9.68045E-01 9.97378E-01
 1.33352E+01 5.10838E-01 7.27345E-01 9.68096E-01 9.97430E-01
 1.34896E+01 5.10864E-01 7.27382E-01 9.68146E-01 9.97482E-01
 1.36458E+01 5.10890E-01 7.27419E-01 9.68195E-01 9.97532E-01
 1.38038E+01 5.10915E-01 7.27455E-01 9.68242E-01 9.97581E-01
 1.39637E+01 5.10939E-01 7.27490E-01 9.68289E-01 9.97629E-01
 1.41254E+01 5.10963E-01 7.27524E-01 9.68335E-01 9.97676E-01
 1.42889E+01 5.10987E-01 7.27558E-01 9.68379E-01 9.97722E-01
 1.44544E+01 5.11010E-01 7.27590E-01 9.68423E-01 9.97767E-01
 1.46218E+01 5.11032E-01 7.27622E-01 9.68465E-01 9.97811E-01
 1.47911E+01 5.11054E-01 7.27653E-01 9.68507E-01 9.97853E-01
 1.49624E+01 5.11076E-01 7.27684E-01 9.68547E-01 9.97895E-01
 1.51356E+01 5.11097E-01 7.27714E-01 9.68587E-01 9.97936E-01
 1.53109E+01 5.11117E-01 7.27743E-01 9.68626E-01 9.97976E-01
 1.54882E+01 5.11137E-01 7.27771E-01 9.68664E-01 9.98015E-01
 1.56675E+01 5.11157E-01 7.27799E-01 9.68701E-01 9.98053E-01
 1.58489E+01 5.11176E-01 7.27826E-01 9.68737E-01 9.98091E-01
 1.60325E+01 5.11194E-01 7.27853E-01 9.68772E-01 9.98127E-01
 1.62181E+01 5.11213E-01 7.27879E-01 9.68807E-01 9.98163E-01
 1.64059E+01 5.11231E-01 7.27904E-01 9.68841E-01 9.98198E-01
 1.65959E+01 5.11248E-01 7.27929E-01 9.68874E-01 9.98232E-01
 1.67880E+01 5.11265E-01 7.27954E-01 9.68906E-01 9.98265E-01
 1.69824E+01 5.11282E-01 7.27977E-01 9.68938E-01 9.98298E-01
 1.71791E+01 5.11298E-01 7.28000E-01 9.68969E-01 9.98329E-01
 1.73780E+01 5.11314E-01 7.28023E-01 9.68999E-01 9.98360E-01
 1.75792E+01 5.11329E-01 7.28045E-01 9.69028E-01 9.98391E-01
 1.77828E+01 5.11345E-01 7.28067E-01 9.69057E-01 9.98420E-01
 1.79887E+01 5.11360E-01 7.28088E-01 9.69085E-01 9.98449E-01
 1.81970E+01 5.11374E-01 7.28109E-01 9.69113E-01 9.98478E-01
 1.84077E+01 5.11388E-01 7.28129E-01 9.69140E-01 9.98506E-01
 1.86209E+01 5.11402E-01 7.28149E-01 9.69166E-01 9.98533E-01
 1.88365E+01 5.11416E-01 7.28168E-01 9.69192E-01 9.98559E-01
 1.90546E+01 5.11429E-01 7.28187E-01 9.69217E-01 9.98585E-01
 1.92752E+01 5.11442E-01 7.28205E-01 9.69241E-01 9.98610E-01
 1.94984E+01 5.11455E-01 7.28223E-01 9.69265E-01 9.98635E-01
 1.97242E+01 5.11467E-01 7.28241E-01 9.69289E-01 9.98659E-01
 1.99526E+01 5.11479E-01 7.28258E-01 9.69312E-01 9.98683E-01
 2.01837E+01 5.11491E-01 7.28275E-01 9.69334E-01 9.98706E-01
 2.04174E+01 5.11502E-01 7.28291E-01 9.69356E-01 9.98728E-01
 2.06538E+01 5.11514E-01 7.28308E-01 9.69377E-01 9.98750E-01
 2.08930E+01 5.11525E-01 7.28323E-01 9.69398E-01 9.98772E-01
 2.11349E+01 5.11535E-01 7.28339E-01 9.69419E-01 9.98793E-01
 2.13796E+01 5.11546E-01 7.28354E-01 9.69439E-01 9.98814E-01
 2.16272E+01 5.11556E-01 7.28368E-01 9.69458E-01 9.98834E-01
 2.18776E+01 5.11566E-01 7.28383E-01 9.69477E-01 9.98853E-01
 2.21309E+01 5.11576E-01 7.28397E-01 9.69496E-01 9.98873E-01
 2.23872E+01 5.11586E-01 7.28410E-01 9.69514E-01 9.98891E-01
 2.26464E+01 5.11595E-01 7.28424E-01 9.69532E-01 9.98910E-01
 2.29087E+01 5.11604E-01 7.28437E-01 9.69549E-01 9.98928E-01
 2.31739E+01 5.11613E-01 7.28450E-01 9.69566E-01 9.98945E-01
 2.34423E+01 5.11622E-01 7.28462E-01 9.69583E-01 9.98962E-01
 2.37137E+01 5.11631E-01 7.28474E-01 9.69599E-01 9.98979E-01
 2.39883E+01 5.11639E-01 7.28486E-01 9.69615E-01 9.98995E-01
 2.42661E+01 5.11647E-01 7.28498E-01 9.69631E-01 9.99011E-01
 2.45471E+01 5.11655E-01 7.28509E-01 9.69646E-01 9.99027E-01
 2.48313E+01 5.11663E-01 7.28520E-01 9.69661E-01 9.99042E-01
 2.51189E+01 5.11671E-01 7.28531E-01 9.69675E-01 9.99057E-01
 2.54097E+01 5.11678E-01 7.28542E-01 9.69689E-01 9.99072E-01
 2.57040E+01 5.11686E-01 7.28552E-01 9.69703E-01 9.99086E-01
 2.60016E+01 5.11693E-01 7.28563E-01 9.69717E-01 9.99100E-01
 2.63027E+01 5.11700E-01 7.28572E-01 9.69730E-01 9.99114E-01
 2.66073E+01 5.11707E-01 7.28582E-01 9.69743E-01 9.99127E-01
 2.69153E+01 5.11713E-01 7.28592E-01 9.69755E-01 9.99140E-01
 2.72270E+01 5.11720E-01 7.28601E-01 9.69768E-01 9.99153E-01
 2.75423E+01 5.11726E-01 7.28610E-01 9.69780E-01 9.99165E-01
 2.78612E+01 5.11732E-01 7.28619E-01 9.69792E-01 9.99177E-01
 2.81838E+01 5.11738E-01 7.28627E-01 9.69803E-01 9.99189E-01
 2.85102E+01 5.11744E-01 7.28636E-01 9.69814E-01 9.99201E-01
 2.88403E+01 5.11750E-01 7.28644E-01 9.69825E-01 9.99212E-01
 2.91743E+01 5.11756E-01 7.28652E-01 9.69836E-01 9.99223E-01
 2.95121E+01 5.11761E-01 7.28660E-01 9.69847E-01 9.99234E-01
 2.98538E+01 5.11767E-01 7.28668E-01 9.69857E-01 9.99245E-01
 3.01995E+01 5.11772E-01 7.28675E-01 9.69867E-01 9.99255E-01
 3.05492E+01 5.11777E-01 7.28683E-01 9.69877E-01 9.99265E-01
 3.09030E+01 5.11782E-01 7.28690E-01 9.69886E-01 9.99275E-01
 3.12608E+01 5.11787E-01 7.28697E-01 9.69896E-01 9.99285E-01
 3.16228E+01 5.11792E-01 7.28704E-01 9.69905E-01 9.99294E-01
 3.19890E+01 5.11797E-01 7.28711E-01 9.69914E-01 9.99303E-01
 3.23594E+01 5.11801E-01 7.28717E-01 9.69923E-01 9.99312E-01
 3.27341E+01 5.11806E-01 7.28724E-01 9.69931E-01 9.99321E-01
 3.31131E+01 5.11810E-01 7.28730E-01 9.69940E-01 9.99330E-01
 3.34965E+01 5.11815E-01 7.28736E-01 9.69948E-01 9.99338E-01
 3.38844E+01 5.11819E-01 7.28742E-01 9.69956E-01 9.99346E-01
 3.42768E+01 5.11823E-01 7.28748E-01 9.69963E-01 9.99354E-01
 3.46737E+01 5.11827E-01 7.28754E-01 9.69971E-01 9.99362E-01
 3.50752E+01 5.11831E-01 7.28759E-01 9.69979E-01 9.99370E-01
 3.54813E+01 5.11835E-01 7.28765E-01 9.69986E-01 9.99377E-01
 3.58922E+01 5.11839E-01 7.28770E-01 9.69993E-01 9.99385E-01
 3.63078E+01 5.11842E-01 7.28775E-01 9.70000E-01 9.99392E-01
 3.67282E+01 5.11846E-01 7.28780E-01 9.70007E-01 9.99399E-01
 3.71535E+01 5.11849E-01 7.28785E-01 9.70013E-01 9.99406E-01
 3.75837E+01 5.11853E-01 7.28790E-01 9.70020E-01 9.99412E-01
 3.80189E+01 5.11856E-01 7.28795E-01 9.70026E-01 9.99419E-01
 3.84592E+01 5.11859E-01 7.28800E-01 9.70032E-01 9.99425E-01
 3.89045E+01 5.11863E-01 7.28804E-01 9.70038E-01 9.99432E-01
 3.93550E+01 5.11866E-01 7.28809E-01 9.70044E-01 9.99438E-01
 3.98107E+01 5.11869E-01 7.28813E-01 9.70050E-01 9.99444E-01
 4.02717E+01 5.11872E-01 7.28817E-01 9.70056E-01 9.99449E-01
 4.07380E+01 5.11875E-01 7.28821E-01 9.70061E-01 9.99455E-01
 4.12098E+01 5.11877E-01 7.28825E-01 9.70067E-01 9.99461E-01
 4.16869E+01 5.11880E-01 7.28829E-01 9.70072E-01 9.99466E-01
 4.21697E+01 5.11883E-01 7.28833E-01 9.70077E-01 9.99471E-01
 4.26580E+01 5.11886E-01 7.28837E-01 9.70082E-01 9.99477E-01
 4.31519E+01 5.11888E-01 7.28841E-01 9.70087E-01 9.99482E-01
 4.36516E+01 5.11891E-01 7.28844E-01 9.70092E-01 9.99487E-01
 4.41570E+01 5.11893E-01 7.28848E-01 9.70097E-01 9.99492E-01
 4.46684E+01 5.11896E-01 7.28851E-01 9.70101E-01 9.99496E-01
 4.51856E+01 5.11898E-01 7.28855E-01 9.70106E-01 9.99501E-01
 4.57088E+01 5.11900E-01 7.28858E-01 9.70110E-01 9.99505E-01
 4.62381E+01 5.11903E-01 7.28861E-01 9.70114E-01 9.99510E-01
 4.67735E+01 5.11905E-01 7.28864E-01 9.70119E-01 9.99514E-01
 4.73151E+01 5.11907E-01 7.28868E-01 9.70123E-01 9.99518E-01
 4.78630E+01 5.11909E-01 7.28871E-01 9.70127E-01 9.99523E-01
 4.84172E+01 5.11911E-01 7.28874E-01 9.70131E-01 9.99527E-01
 4.89779E+01 5.11913E-01 7.28876E-01 9.70134E-01 9.99531E-01
 4.95450E+01 5.11915E-01 7.28879E-01 9.70138E-01 9.99534E-01
 5.01187E+01 5.11917E-01 7.28882E-01 9.70142E-01 9.99538E-01
 5.06991E+01 5.11919E-01 7.28885E-01 9.70145E-01 9.99542E-01
 5.12861E+01 5.11921E-01 7.28887E-01 9.70149E-01 9.99545E-01
 5.18800E+01 5.11923E-01 7.28890E-01 9.70152E-01 9.99549E-01
 5.24807E+01 5.11924E-01 7.28892E-01 9.70156E-01 9.99552E-01
 5.30884E+01 5.11926E-01 7.28895E-01 9.70159E-01 9.99556E-01
 5.37032E+01 5.11928E-01 7.28897E-01 9.70162E-01 9.99559E-01
 5.43250E+01 5.11929E-01 7.28899E-01 9.70165E-01 9.99562E-01
 5.49541E+01 5.11931E-01 7.28902E-01 9.70168E-01 9.99565E-01
 5.55904E+01 5.11933E-01 7.28904E-01 9.70171E-01 9.99568E-01
 5.62341E+01 5.11934E-01 7.28906E-01 9.70174E-01 9.99571E-01
 5.68853E+01 5.11936E-01 7.28908E-01 9.70177E-01 9.99574E-01
 5.75440E+01 5.11937E-01 7.28910E-01 9.70180E-01 9.99577E-01
 5.82103E+01 5.11939E-01 7.28912E-01 9.70182E-01 9.99580E-01
 5.88844E+01 5.11940E-01 7.28914E-01 9.70185E-01 9.99583E-01
 5.95662E+01 5.11941E-01 7.28916E-01 9.70188E-01 9.99585E-01
 6.02560E+01 5.11943E-01 7.28918E-01 9.70190E-01 9.99588E-01
 6.09537E+01 5.11944E-01 7.28920E-01 9.70193E-01 9.99591E-01
 6.16595E+01 5.11945E-01 7.28922E-01 9.70195E-01 9.99593E-01
 6.23735E+01 5.11946E-01 7.28924E-01 9.70197E-01 9.99595E-01
 6.30957E+01 5.11948E-01 7.28925E-01 9.70200E-01 9.99598E-01
 6.38263E+01 5.11949E-01 7.28927E-01 9.70202E-01 9.99600E-01
 6.45654E+01 5.11950E-01 7.28929E-01 9.70204E-01 9.99602E-01
 6.53131E+01 5.11951E-01 7.28930E-01 9.70206E-01 9.99605E-01
 6.60693E+01 5.11952E-01 7.28932E-01 9.70209E-01 9.99607E-01
 6.68344E+01 5.11953E-01 7.28934E-01 9.70211E-01 9.99609E-01
 6.76083E+01 5.11954E-01 7.28935E-01 9.70213E-01 9.99611E-01
 6.83912E+01 5.11955E-01 7.28937E-01 9.70215E-01 9.99613E-01
 6.91831E+01 5.11956E-01 7.28938E-01 9.70216E-01 9.99615E-01
 6.99842E+01 5.11957E-01 7.28939E-01 9.70218E-01 9.99617E-01
 7.07946E+01 5.11958E-01 7.28941E-01 9.70220E-01 9.99619E-01
 7.16143E+01 5.11959E-01 7.28942E-01 9.70222E-01 9.99621E-01
 7.24436E+01 5.11960E-01 7.28943E-01 9.70224E-01 9.99622E-01
 7.32825E+01 5.11961E-01 7.28945E-01 9.70225E-01 9.99624E-01
 7.41310E+01 5.11962E-01 7.28946E-01 9.70227E-01 9.99626E-01
 7.49894E+01 5.11963E-01 7.28947E-01 9.70229E-01 9.99628E-01
 7.58578E+01 5.11964E-01 7.28948E-01 9.70230E-01 9.99629E-01
 7.67361E+01 5.11965E-01 7.28950E-01 9.70232E-01 9.99631E-01
 7.76247E+01 5.11965E-01 7.28951E-01 9.70233E-01 9.99632E-01
 7.85236E+01 5.11966E-01 7.28952E-01 9.70235E-01 9.99634E-01
 7.94328E+01 5.11967E-01 7.28953E-01 9.70236E-01 9.99636E-01
 8.03526E+01 5.11968E-01 7.28954E-01 9.70238E-01 9.99637E-01
 8.12831E+01 5.11968E-01 7.28955E-01 9.70239E-01 9.99638E-01
 8.22243E+01 5.11969E-01 7.28956E-01 9.70241E-01 9.99640E-01
 8.31764E+01 5.11970E-01 7.28957E-01 9.70242E-01 9.99641E-01
 8.41395E+01 5.11971E-01 7.28958E-01 9.70243E-01 9.99643E-01
 8.51138E+01 5.11971E-01 7.28959E-01 9.70244E-01 9.99644E-01
 8.60994E+01 5.11972E-01 7.28960E-01 9.70246E-01 9.99645E-01
 8.70964E+01 5.11973E-01 7.28961E-01 9.70247E-01 9.99646E-01
 8.81049E+01 5.11973E-01 7.28962E-01 9.70248E-01 9.99648E-01
 8.91251E+01 5.11974E-01 7.28963E-01 9.70249E-01 9.99649E-01
 9.01571E+01 5.11974E-01 7.28963E-01 9.70250E-01 9.99650E-01
 9.12011E+01 5.11975E-01 7.28964E-01 9.70251E-01 9.99651E-01
 9.22571E+01 5.11975E-01 7.28965E-01 9.70253E-01 9.99652E-01
 9.33254E+01 5.11976E-01 7.28966E-01 9.70254E-01 9.99653E-01
 9.44061E+01 5.11977E-01 7.28967E-01 9.70255E-01 9.99654E-01
 9.54993E+01 5.11977E-01 7.28967E-01 9.70256E-01 9.99655E-01
 9.66051E+01 5.11978E-01 7.28968E-01 9.70257E-01 9.99656E-01
 9.77237E+01 5.11978E-01 7.28969E-01 9.70258E-01 9.99657E-01
 9.88553E+01 5.11979E-01 7.28970E-01 9.70259E-01 9.99658E-01
 1.00000E+02 5.11979E-01 7.28970E-01 9.70259E-01 9.99659E-01
