 1.00000E-02 2.03866E-02 3.86384E-02 7.08771E-02 7.61632E-02
 2.00000E-02 2.20349E-02 4.20750E-02 7.83610E-02 8.48310E-02
 3.00000E-02 2.37304E-02 4.55780E-02 8.65124E-02 9.41847E-02
 4.00000E-02 2.54989E-02 4.92279E-02 9.51448E-02 1.04375E-01
 5.00000E-02 2.73241E-02 5.29818E-02 1.04218E-01 1.15450E-01
 6.00000E-02 2.92026E-02 5.68195E-02 1.13653E-01 1.27380E-01
 7.00000E-02 3.11238E-02 6.07275E-02 1.23317E-01 1.40173E-01
 8.00000E-02 3.30819E-02 6.46802E-02 1.33102E-01 1.53763E-01
 9.00000E-02 3.50695E-02 6.86630E-02 1.42908E-01 1.67907E-01
 1.00000E-01 3.70842E-02 7.26633E-02 1.52663E-01 1.82114E-01
 1.10000E-01 3.91192E-02 7.66743E-02 1.62315E-01 1.96053E-01
 1.20000E-01 4.11709E-02 8.06856E-02 1.71829E-01 2.09605E-01
 1.30000E-01 4.32363E-02 8.46901E-02 1.81183E-01 2.22752E-01
 1.40000E-01 4.53128E-02 8.86847E-02 1.90363E-01 2.35485E-01
 1.50000E-01 4.73977E-02 9.26636E-02 1.99362E-01 2.47827E-01
 1.60000E-01 4.94890E-02 9.66233E-02 2.08176E-01 2.59783E-01
 1.70000E-01 5.15858E-02 1.00561E-01 2.16806E-01 2.71368E-01
 1.80000E-01 5.36861E-02 1.04476E-01 2.25255E-01 2.82598E-01
 1.90000E-01 5.57878E-02 1.08368E-01 2.33526E-01 2.93488E-01
 2.00000E-01 5.78914E-02 1.12232E-01 2.41619E-01 3.04052E-01
 2.10000E-01 5.99945E-02 1.16070E-01 2.49539E-01 3.14305E-01
 2.20000E-01 6.20972E-02 1.19882E-01 2.57291E-01 3.24259E-01
 2.30000E-01 6.41979E-02 1.23665E-01 2.64878E-01 3.33928E-01
 2.40000E-01 6.62969E-02 1.27421E-01 2.72309E-01 3.43323E-01
 2.50000E-01 6.83924E-02 1.31147E-01 2.79587E-01 3.52456E-01
 2.60000E-01 7.04850E-02 1.34847E-01 2.86715E-01 3.61338E-01
 2.70000E-01 7.25736E-02 1.38517E-01 2.93698E-01 3.69978E-01
 2.80000E-01 7.46575E-02 1.42160E-01 3.00540E-01 3.78387E-01
 2.90000E-01 7.67367E-02 1.45773E-01 3.07246E-01 3.86574E-01
 3.00000E-01 7.88110E-02 1.49359E-01 3.13821E-01 3.94547E-01
 3.10000E-01 8.08796E-02 1.52917E-01 3.20269E-01 4.02315E-01
 3.20000E-01 8.29421E-02 1.56446E-01 3.26593E-01 4.09886E-01
 3.30000E-01 8.49984E-02 1.59948E-01 3.32797E-01 4.17267E-01
 3.40000E-01 8.70482E-02 1.63423E-01 3.38884E-01 4.24465E-01
 3.50000E-01 8.90911E-02 1.66869E-01 3.44859E-01 4.31487E-01
 3.60000E-01 9.11271E-02 1.70290E-01 3.50723E-01 4.38339E-01
 3.70000E-01 9.31558E-02 1.73683E-01 3.56483E-01 4.45029E-01
 3.80000E-01 9.51770E-02 1.77049E-01 3.62140E-01 4.51560E-01
 3.90000E-01 9.71905E-02 1.80389E-01 3.67696E-01 4.57940E-01
 4.00000E-01 9.91959E-02 1.83702E-01 3.73156E-01 4.64173E-01
 4.10000E-01 1.01193E-01 1.86990E-01 3.78521E-01 4.70265E-01
 4.20000E-01 1.03182E-01 1.90251E-01 3.83794E-01 4.76219E-01
 4.30000E-01 1.05162E-01 1.93487E-01 3.88978E-01 4.82042E-01
 4.40000E-01 1.07134E-01 1.96698E-01 3.94076E-01 4.87737E-01
 4.50000E-01 1.09097E-01 1.99883E-01 3.99090E-01 4.93308E-01
 4.60000E-01 1.11051E-01 2.03044E-01 4.04022E-01 4.98760E-01
 4.70000E-01 1.12995E-01 2.06179E-01 4.08875E-01 5.04097E-01
 4.80000E-01 1.14930E-01 2.09290E-01 4.13651E-01 5.09321E-01
 4.90000E-01 1.16856E-01 2.12377E-01 4.18350E-01 5.14437E-01
 5.00000E-01 1.18772E-01 2.15439E-01 4.22977E-01 5.19448E-01
 5.10000E-01 1.20679E-01 2.18477E-01 4.27531E-01 5.24357E-01
 5.20000E-01 1.22575E-01 2.21492E-01 4.32016E-01 5.29168E-01
 5.30000E-01 1.24462E-01 2.24483E-01 4.36433E-01 5.33883E-01
 5.40000E-01 1.26339E-01 2.27450E-01 4.40784E-01 5.38506E-01
 5.50000E-01 1.28206E-01 2.30394E-01 4.45071E-01 5.43038E-01
 5.60000E-01 1.30062E-01 2.33315E-01 4.49295E-01 5.47483E-01
 5.70000E-01 1.31908E-01 2.36213E-01 4.53458E-01 5.51844E-01
 5.80000E-01 1.33744E-01 2.39088E-01 4.57560E-01 5.56122E-01
 5.90000E-01 1.35570E-01 2.41941E-01 4.61604E-01 5.60320E-01
 6.00000E-01 1.37384E-01 2.44771E-01 4.65591E-01 5.64440E-01
 6.10000E-01 1.39189E-01 2.47579E-01 4.69522E-01 5.68485E-01
 6.20000E-01 1.40982E-01 2.50365E-01 4.73398E-01 5.72456E-01
 6.30000E-01 1.42766E-01 2.53129E-01 4.77222E-01 5.76356E-01
 6.40000E-01 1.44538E-01 2.55872E-01 4.80993E-01 5.80186E-01
 6.50000E-01 1.46300E-01 2.58592E-01 4.84713E-01 5.83949E-01
 6.60000E-01 1.48050E-01 2.61292E-01 4.88384E-01 5.87646E-01
 6.70000E-01 1.49790E-01 2.63970E-01 4.92006E-01 5.91279E-01
 6.80000E-01 1.51520E-01 2.66626E-01 4.95581E-01 5.94850E-01
 6.90000E-01 1.53238E-01 2.69263E-01 4.99109E-01 5.98360E-01
 7.00000E-01 1.54945E-01 2.71877E-01 5.02592E-01 6.01811E-01
 7.10000E-01 1.56641E-01 2.74472E-01 5.06030E-01 6.05204E-01
 7.20000E-01 1.58327E-01 2.77046E-01 5.09424E-01 6.08541E-01
 7.30000E-01 1.60001E-01 2.79600E-01 5.12776E-01 6.11823E-01
 7.40000E-01 1.61665E-01 2.82133E-01 5.16086E-01 6.15052E-01
 7.50000E-01 1.63317E-01 2.84646E-01 5.19355E-01 6.18229E-01
 7.60000E-01 1.64959E-01 2.87140E-01 5.22584E-01 6.21355E-01
 7.70000E-01 1.66590E-01 2.89614E-01 5.25773E-01 6.24431E-01
 7.80000E-01 1.68209E-01 2.92068E-01 5.28924E-01 6.27459E-01
 7.90000E-01 1.69818E-01 2.94502E-01 5.32036E-01 6.30440E-01
 8.00000E-01 1.71416E-01 2.96918E-01 5.35112E-01 6.33375E-01
 8.10000E-01 1.73002E-01 2.99314E-01 5.38152E-01 6.36265E-01
 8.20000E-01 1.74578E-01 3.01691E-01 5.41155E-01 6.39111E-01
 8.30000E-01 1.76143E-01 3.04049E-01 5.44124E-01 6.41914E-01
 8.40000E-01 1.77697E-01 3.06389E-01 5.47058E-01 6.44676E-01
 8.50000E-01 1.79241E-01 3.08709E-01 5.49959E-01 6.47396E-01
 8.60000E-01 1.80773E-01 3.11012E-01 5.52826E-01 6.50076E-01
 8.70000E-01 1.82294E-01 3.13296E-01 5.55661E-01 6.52717E-01
 8.80000E-01 1.83805E-01 3.15562E-01 5.58465E-01 6.55320E-01
 8.90000E-01 1.85305E-01 3.17810E-01 5.61236E-01 6.57885E-01
 9.00000E-01 1.86794E-01 3.20040E-01 5.63977E-01 6.60413E-01
 9.10000E-01 1.88273E-01 3.22253E-01 5.66688E-01 6.62906E-01
 9.20000E-01 1.89741E-01 3.24447E-01 5.69369E-01 6.65364E-01
 9.30000E-01 1.91198E-01 3.26625E-01 5.72021E-01 6.67788E-01
 9.40000E-01 1.92645E-01 3.28784E-01 5.74644E-01 6.70178E-01
 9.50000E-01 1.94081E-01 3.30927E-01 5.77239E-01 6.72536E-01
 9.60000E-01 1.95507E-01 3.33053E-01 5.79806E-01 6.74861E-01
 9.70000E-01 1.96922E-01 3.35162E-01 5.82346E-01 6.77155E-01
 9.80000E-01 1.98327E-01 3.37254E-01 5.84859E-01 6.79417E-01
 9.90000E-01 1.99722E-01 3.39329E-01 5.87346E-01 6.81650E-01
 1.00000E+00 2.01106E-01 3.41388E-01 5.89806E-01 6.83853E-01
 1.01158E+00 2.02696E-01 3.43751E-01 5.92624E-01 6.86368E-01
 1.02329E+00 2.04291E-01 3.46120E-01 5.95440E-01 6.88874E-01
 1.03514E+00 2.05890E-01 3.48494E-01 5.98254E-01 6.91370E-01
 1.04713E+00 2.07493E-01 3.50872E-01 6.01066E-01 6.93857E-01
 1.05925E+00 2.09100E-01 3.53255E-01 6.03877E-01 6.96333E-01
 1.07152E+00 2.10710E-01 3.55642E-01 6.06684E-01 6.98800E-01
 1.08393E+00 2.12324E-01 3.58034E-01 6.09490E-01 7.01258E-01
 1.09648E+00 2.13942E-01 3.60428E-01 6.12293E-01 7.03705E-01
 1.10917E+00 2.15563E-01 3.62827E-01 6.15093E-01 7.06142E-01
 1.12202E+00 2.17186E-01 3.65229E-01 6.17891E-01 7.08569E-01
 1.13501E+00 2.18812E-01 3.67633E-01 6.20685E-01 7.10987E-01
 1.14815E+00 2.20441E-01 3.70041E-01 6.23476E-01 7.13393E-01
 1.16145E+00 2.22072E-01 3.72450E-01 6.26264E-01 7.15790E-01
 1.17490E+00 2.23705E-01 3.74862E-01 6.29048E-01 7.18177E-01
 1.18850E+00 2.25339E-01 3.77276E-01 6.31828E-01 7.20553E-01
 1.20226E+00 2.26976E-01 3.79691E-01 6.34605E-01 7.22919E-01
 1.21619E+00 2.28614E-01 3.82107E-01 6.37377E-01 7.25274E-01
 1.23027E+00 2.30252E-01 3.84525E-01 6.40145E-01 7.27618E-01
 1.24451E+00 2.31892E-01 3.86943E-01 6.42908E-01 7.29953E-01
 1.25893E+00 2.33533E-01 3.89362E-01 6.45667E-01 7.32276E-01
 1.27350E+00 2.35173E-01 3.91781E-01 6.48420E-01 7.34589E-01
 1.28825E+00 2.36815E-01 3.94199E-01 6.51169E-01 7.36891E-01
 1.30317E+00 2.38456E-01 3.96618E-01 6.53913E-01 7.39183E-01
 1.31826E+00 2.40096E-01 3.99035E-01 6.56651E-01 7.41464E-01
 1.33352E+00 2.41737E-01 4.01452E-01 6.59383E-01 7.43734E-01
 1.34896E+00 2.43376E-01 4.03867E-01 6.62110E-01 7.45993E-01
 1.36458E+00 2.45015E-01 4.06280E-01 6.64831E-01 7.48241E-01
 1.38038E+00 2.46652E-01 4.08692E-01 6.67546E-01 7.50479E-01
 1.39637E+00 2.48288E-01 4.11101E-01 6.70254E-01 7.52705E-01
 1.41254E+00 2.49922E-01 4.13508E-01 6.72956E-01 7.54921E-01
 1.42889E+00 2.51554E-01 4.15911E-01 6.75651E-01 7.57126E-01
 1.44544E+00 2.53184E-01 4.18312E-01 6.78339E-01 7.59319E-01
 1.46218E+00 2.54812E-01 4.20709E-01 6.81020E-01 7.61502E-01
 1.47911E+00 2.56437E-01 4.23103E-01 6.83694E-01 7.63674E-01
 1.49624E+00 2.58059E-01 4.25492E-01 6.86361E-01 7.65835E-01
 1.51356E+00 2.59678E-01 4.27877E-01 6.89020E-01 7.67985E-01
 1.53109E+00 2.61293E-01 4.30257E-01 6.91671E-01 7.70124E-01
 1.54882E+00 2.62905E-01 4.32633E-01 6.94314E-01 7.72252E-01
 1.56675E+00 2.64513E-01 4.35003E-01 6.96949E-01 7.74369E-01
 1.58489E+00 2.66116E-01 4.37367E-01 6.99575E-01 7.76475E-01
 1.60325E+00 2.67716E-01 4.39725E-01 7.02193E-01 7.78570E-01
 1.62181E+00 2.69310E-01 4.42077E-01 7.04802E-01 7.80654E-01
 1.64059E+00 2.70900E-01 4.44423E-01 7.07402E-01 7.82727E-01
 1.65959E+00 2.72485E-01 4.46761E-01 7.09993E-01 7.84789E-01
 1.67880E+00 2.74065E-01 4.49093E-01 7.12575E-01 7.86840E-01
 1.69824E+00 2.75638E-01 4.51417E-01 7.15147E-01 7.88881E-01
 1.71791E+00 2.77207E-01 4.53733E-01 7.17710E-01 7.90910E-01
 1.73780E+00 2.78769E-01 4.56042E-01 7.20262E-01 7.92929E-01
 1.75792E+00 2.80325E-01 4.58341E-01 7.22805E-01 7.94937E-01
 1.77828E+00 2.81874E-01 4.60633E-01 7.25337E-01 7.96934E-01
 1.79887E+00 2.83417E-01 4.62915E-01 7.27860E-01 7.98920E-01
 1.81970E+00 2.84953E-01 4.65188E-01 7.30371E-01 8.00896E-01
 1.84077E+00 2.86482E-01 4.67452E-01 7.32872E-01 8.02861E-01
 1.86209E+00 2.88003E-01 4.69705E-01 7.35361E-01 8.04815E-01
 1.88365E+00 2.89517E-01 4.71949E-01 7.37840E-01 8.06759E-01
 1.90546E+00 2.91023E-01 4.74182E-01 7.40307E-01 8.08693E-01
 1.92752E+00 2.92522E-01 4.76405E-01 7.42763E-01 8.10616E-01
 1.94984E+00 2.94012E-01 4.78616E-01 7.45208E-01 8.12528E-01
 1.97242E+00 2.95494E-01 4.80817E-01 7.47640E-01 8.14430E-01
 1.99526E+00 2.96967E-01 4.83006E-01 7.50061E-01 8.16322E-01
 2.01837E+00 2.98432E-01 4.85183E-01 7.52469E-01 8.18204E-01
 2.04174E+00 2.99888E-01 4.87349E-01 7.54865E-01 8.20076E-01
 2.06538E+00 3.01334E-01 4.89502E-01 7.57249E-01 8.21937E-01
 2.08930E+00 3.02772E-01 4.91642E-01 7.59620E-01 8.23789E-01
 2.11349E+00 3.04200E-01 4.93770E-01 7.61978E-01 8.25630E-01
 2.13796E+00 3.05619E-01 4.95885E-01 7.64323E-01 8.27462E-01
 2.16272E+00 3.07027E-01 4.97987E-01 7.66656E-01 8.29284E-01
 2.18776E+00 3.08426E-01 5.00075E-01 7.68975E-01 8.31096E-01
 2.21309E+00 3.09815E-01 5.02150E-01 7.71280E-01 8.32898E-01
 2.23872E+00 3.11393E-01 5.04211E-01 7.73572E-01 8.34691E-01
 2.26464E+00 3.13163E-01 5.06257E-01 7.75851E-01 8.36475E-01
 2.29087E+00 3.14909E-01 5.08290E-01 7.78116E-01 8.38249E-01
 2.31739E+00 3.16631E-01 5.10308E-01 7.80366E-01 8.40013E-01
 2.34423E+00 3.18329E-01 5.12311E-01 7.82603E-01 8.41768E-01
 2.37137E+00 3.20003E-01 5.14299E-01 7.84825E-01 8.43514E-01
 2.39883E+00 3.21654E-01 5.16272E-01 7.87033E-01 8.45250E-01
 2.42661E+00 3.23281E-01 5.18230E-01 7.89226E-01 8.46978E-01
 2.45471E+00 3.24885E-01 5.20403E-01 7.91405E-01 8.48695E-01
 2.48313E+00 3.26465E-01 5.22933E-01 7.93569E-01 8.50404E-01
 2.51189E+00 3.28021E-01 5.25427E-01 7.95719E-01 8.52103E-01
 2.54097E+00 3.29555E-01 5.27883E-01 7.97853E-01 8.53793E-01
 2.57040E+00 3.31065E-01 5.30302E-01 7.99972E-01 8.55473E-01
 2.60016E+00 3.32552E-01 5.32685E-01 8.02076E-01 8.57145E-01
 2.63027E+00 3.34017E-01 5.35030E-01 8.04164E-01 8.58806E-01
 2.66073E+00 3.35459E-01 5.37340E-01 8.06238E-01 8.60458E-01
 2.69153E+00 3.36878E-01 5.39613E-01 8.08295E-01 8.62101E-01
 2.72270E+00 3.38275E-01 5.41850E-01 8.10337E-01 8.63734E-01
 2.75423E+00 3.39649E-01 5.44052E-01 8.12363E-01 8.65357E-01
 2.78612E+00 3.41002E-01 5.46218E-01 8.14374E-01 8.66970E-01
 2.81838E+00 3.42332E-01 5.48350E-01 8.16368E-01 8.68573E-01
 2.85102E+00 3.43641E-01 5.50446E-01 8.18347E-01 8.70167E-01
 2.88403E+00 3.44928E-01 5.52509E-01 8.20309E-01 8.71750E-01
 2.91743E+00 3.46194E-01 5.54537E-01 8.22255E-01 8.73323E-01
 2.95121E+00 3.47439E-01 5.56531E-01 8.24185E-01 8.74885E-01
 2.98538E+00 3.48664E-01 5.58492E-01 8.26099E-01 8.76437E-01
 3.01995E+00 3.49867E-01 5.60419E-01 8.27996E-01 8.77979E-01
 3.05492E+00 3.51050E-01 5.62314E-01 8.29877E-01 8.79510E-01
 3.09030E+00 3.52213E-01 5.64176E-01 8.31741E-01 8.81030E-01
 3.12608E+00 3.53355E-01 5.66007E-01 8.33589E-01 8.82539E-01
 3.16228E+00 3.54478E-01 5.67805E-01 8.35420E-01 8.84037E-01
 3.19890E+00 3.55581E-01 5.69572E-01 8.37234E-01 8.85524E-01
 3.23594E+00 3.56665E-01 5.71309E-01 8.39031E-01 8.87000E-01
 3.27341E+00 3.57730E-01 5.73014E-01 8.40812E-01 8.88464E-01
 3.31131E+00 3.58776E-01 5.74689E-01 8.42576E-01 8.89918E-01
 3.34965E+00 3.59803E-01 5.76335E-01 8.44323E-01 8.91359E-01
 3.38844E+00 3.60812E-01 5.77951E-01 8.46177E-01 8.92789E-01
 3.42768E+00 3.61802E-01 5.79537E-01 8.48501E-01 8.94208E-01
 3.46737E+00 3.62775E-01 5.81095E-01 8.50781E-01 8.95614E-01
 3.50752E+00 3.63730E-01 5.82625E-01 8.53021E-01 8.97009E-01
 3.54813E+00 3.64667E-01 5.84126E-01 8.55219E-01 8.98392E-01
 3.58922E+00 3.65587E-01 5.85600E-01 8.57377E-01 8.99763E-01
 3.63078E+00 3.66490E-01 5.87047E-01 8.59495E-01 9.01121E-01
 3.67282E+00 3.67377E-01 5.88467E-01 8.61574E-01 9.02468E-01
 3.71535E+00 3.68247E-01 5.89860E-01 8.63614E-01 9.03803E-01
 3.75837E+00 3.69100E-01 5.91227E-01 8.65616E-01 9.05125E-01
 3.80189E+00 3.69938E-01 5.92569E-01 8.67580E-01 9.06435E-01
 3.84592E+00 3.70760E-01 5.93885E-01 8.69507E-01 9.07733E-01
 3.89045E+00 3.71566E-01 5.95176E-01 8.71398E-01 9.09019E-01
 3.93550E+00 3.72357E-01 5.96443E-01 8.73252E-01 9.10292E-01
 3.98107E+00 3.73132E-01 5.97686E-01 8.75072E-01 9.11553E-01
 4.02717E+00 3.73893E-01 5.98904E-01 8.76856E-01 9.12801E-01
 4.07380E+00 3.74639E-01 6.00100E-01 8.78606E-01 9.14281E-01
 4.12098E+00 3.75371E-01 6.01272E-01 8.80322E-01 9.16067E-01
 4.16869E+00 3.76089E-01 6.02421E-01 8.82005E-01 9.17818E-01
 4.21697E+00 3.76792E-01 6.03548E-01 8.83655E-01 9.19535E-01
 4.26580E+00 3.77482E-01 6.04653E-01 8.85273E-01 9.21219E-01
 4.31519E+00 3.78159E-01 6.05737E-01 8.86859E-01 9.22869E-01
 4.36516E+00 3.78822E-01 6.06799E-01 8.88414E-01 9.24488E-01
 4.41570E+00 3.79472E-01 6.07840E-01 8.89939E-01 9.26074E-01
 4.46684E+00 3.80109E-01 6.08861E-01 8.91433E-01 9.27629E-01
 4.51856E+00 3.80734E-01 6.09862E-01 8.92898E-01 9.29154E-01
 4.57088E+00 3.81346E-01 6.10842E-01 8.94334E-01 9.30648E-01
 4.62381E+00 3.81946E-01 6.11803E-01 8.95741E-01 9.32112E-01
 4.67735E+00 3.82534E-01 6.12745E-01 8.97120E-01 9.33547E-01
 4.73151E+00 3.83110E-01 6.13668E-01 8.98471E-01 9.34953E-01
 4.78630E+00 3.83675E-01 6.14573E-01 8.99796E-01 9.36331E-01
 4.84172E+00 3.84228E-01 6.15459E-01 9.01093E-01 9.37681E-01
 4.89779E+00 3.84770E-01 6.16327E-01 9.02365E-01 9.39004E-01
 4.95450E+00 3.85301E-01 6.17178E-01 9.03610E-01 9.40300E-01
 5.01187E+00 3.85822E-01 6.18011E-01 9.04831E-01 9.41570E-01
 5.06991E+00 3.86331E-01 6.18828E-01 9.06026E-01 9.42814E-01
 5.12861E+00 3.86831E-01 6.19628E-01 9.07197E-01 9.44033E-01
 5.18800E+00 3.87320E-01 6.20412E-01 9.08345E-01 9.45227E-01
 5.24807E+00 3.87799E-01 6.21179E-01 9.09468E-01 9.46396E-01
 5.30884E+00 3.88268E-01 6.21931E-01 9.10569E-01 9.47542E-01
 5.37032E+00 3.88728E-01 6.22667E-01 9.11647E-01 9.48664E-01
 5.43250E+00 3.89178E-01 6.23389E-01 9.12703E-01 9.49763E-01
 5.49541E+00 3.89619E-01 6.24095E-01 9.13737E-01 9.50839E-01
 5.55904E+00 3.90051E-01 6.24787E-01 9.14750E-01 9.51893E-01
 5.62341E+00 3.90474E-01 6.25464E-01 9.15742E-01 9.52925E-01
 5.68853E+00 3.90888E-01 6.26127E-01 9.16713E-01 9.53935E-01
 5.75440E+00 3.91294E-01 6.26777E-01 9.17664E-01 9.54925E-01
 5.82103E+00 3.91691E-01 6.27413E-01 9.18595E-01 9.55894E-01
 5.88844E+00 3.92080E-01 6.28036E-01 9.19507E-01 9.56843E-01
 5.95662E+00 3.92460E-01 6.28645E-01 9.20400E-01 9.57771E-01
 6.02560E+00 3.92833E-01 6.29242E-01 9.21274E-01 9.58681E-01
 6.09537E+00 3.93198E-01 6.29827E-01 9.22129E-01 9.59571E-01
 6.16595E+00 3.93555E-01 6.30399E-01 9.22967E-01 9.60443E-01
 6.23735E+00 3.93905E-01 6.30959E-01 9.23787E-01 9.61296E-01
 6.30957E+00 3.94247E-01 6.31507E-01 9.24590E-01 9.62132E-01
 6.38263E+00 3.94582E-01 6.32044E-01 9.25376E-01 9.62950E-01
 6.45654E+00 3.94910E-01 6.32569E-01 9.26145E-01 9.63750E-01
 6.53131E+00 3.95231E-01 6.33084E-01 9.26898E-01 9.64534E-01
 6.60693E+00 3.95545E-01 6.33587E-01 9.27635E-01 9.65301E-01
 6.68344E+00 3.95853E-01 6.34080E-01 9.28356E-01 9.66051E-01
 6.76083E+00 3.96154E-01 6.34562E-01 9.29062E-01 9.66786E-01
 6.83912E+00 3.96449E-01 6.35034E-01 9.29753E-01 9.67505E-01
 6.91831E+00 3.96737E-01 6.35496E-01 9.30430E-01 9.68209E-01
 6.99842E+00 3.97019E-01 6.35948E-01 9.31092E-01 9.68898E-01
 7.07946E+00 3.97296E-01 6.36391E-01 9.31739E-01 9.69572E-01
 7.16143E+00 3.97566E-01 6.36824E-01 9.32373E-01 9.70232E-01
 7.24436E+00 3.97830E-01 6.37247E-01 9.32994E-01 9.70877E-01
 7.32825E+00 3.98089E-01 6.37662E-01 9.33601E-01 9.71509E-01
 7.41310E+00 3.98343E-01 6.38068E-01 9.34195E-01 9.72127E-01
 7.49894E+00 3.98590E-01 6.38465E-01 9.34776E-01 9.72732E-01
 7.58578E+00 3.98833E-01 6.38853E-01 9.35345E-01 9.73324E-01
 7.67361E+00 3.99070E-01 6.39233E-01 9.35902E-01 9.73903E-01
 7.76247E+00 3.99302E-01 6.39605E-01 9.36446E-01 9.74470E-01
 7.85236E+00 3.99530E-01 6.39969E-01 9.36979E-01 9.75024E-01
 7.94328E+00 3.99752E-01 6.40325E-01 9.37500E-01 9.75567E-01
 8.03526E+00 3.99969E-01 6.40674E-01 9.38010E-01 9.76097E-01
 8.12831E+00 4.00182E-01 6.41015E-01 9.38510E-01 9.76617E-01
 8.22243E+00 4.00390E-01 6.41348E-01 9.38998E-01 9.77125E-01
 8.31764E+00 4.00594E-01 6.41674E-01 9.39475E-01 9.77622E-01
 8.41395E+00 4.00793E-01 6.41994E-01 9.39943E-01 9.78108E-01
 8.51138E+00 4.00988E-01 6.42306E-01 9.40400E-01 9.78584E-01
 8.60994E+00 4.01179E-01 6.42611E-01 9.40847E-01 9.79049E-01
 8.70964E+00 4.01366E-01 6.42910E-01 9.41285E-01 9.79505E-01
 8.81049E+00 4.01548E-01 6.43203E-01 9.41713E-01 9.79950E-01
 8.91251E+00 4.01727E-01 6.43488E-01 9.42132E-01 9.80386E-01
 9.01571E+00 4.01901E-01 6.43768E-01 9.42541E-01 9.80812E-01
 9.12011E+00 4.02072E-01 6.44042E-01 9.42942E-01 9.81229E-01
 9.22571E+00 4.02239E-01 6.44310E-01 9.43334E-01 9.81637E-01
 9.33254E+00 4.02403E-01 6.44571E-01 9.43717E-01 9.82036E-01
 9.44061E+00 4.02563E-01 6.44828E-01 9.44092E-01 9.82426E-01
 9.54993E+00 4.02719E-01 6.45078E-01 9.44459E-01 9.82808E-01
 9.66051E+00 4.02872E-01 6.45323E-01 9.44818E-01 9.83181E-01
 9.77237E+00 4.03022E-01 6.45563E-01 9.45168E-01 9.83546E-01
 9.88553E+00 4.03168E-01 6.45797E-01 9.45512E-01 9.83903E-01
 1.00000E+01 4.03311E-01 6.46027E-01 9.45847E-01 9.84253E-01
 1.01158E+01 4.03451E-01 6.46251E-01 9.46176E-01 9.84594E-01
 1.02329E+01 4.03588E-01 6.46470E-01 9.46497E-01 9.84928E-01
 1.03514E+01 4.03722E-01 6.46685E-01 9.46811E-01 9.85255E-01
 1.04713E+01 4.03853E-01 6.46894E-01 9.47118E-01 9.85575E-01
 1.05925E+01 4.03981E-01 6.47100E-01 9.47419E-01 9.85888E-01
 1.07152E+01 4.04106E-01 6.47300E-01 9.47712E-01 9.86193E-01
 1.08393E+01 4.04229E-01 6.47497E-01 9.48000E-01 9.86492E-01
 1.09648E+01 4.04349E-01 6.47689E-01 9.48281E-01 9.86785E-01
 1.10917E+01 4.04466E-01 6.47876E-01 9.48556E-01 9.87071E-01
 1.12202E+01 4.04581E-01 6.48060E-01 9.48824E-01 9.87350E-01
 1.13501E+01 4.04693E-01 6.48239E-01 9.49087E-01 9.87624E-01
 1.14815E+01 4.04802E-01 6.48415E-01 9.49344E-01 9.87891E-01
 1.16145E+01 4.04909E-01 6.48587E-01 9.49596E-01 9.88153E-01
 1.17490E+01 4.05014E-01 6.48755E-01 9.49842E-01 9.88409E-01
 1.18850E+01 4.05117E-01 6.48919E-01 9.50082E-01 9.88659E-01
 1.20226E+01 4.05217E-01 6.49079E-01 9.50317E-01 9.88904E-01
 1.21619E+01 4.05315E-01 6.49236E-01 9.50547E-01 9.89143E-01
 1.23027E+01 4.05411E-01 6.49390E-01 9.50772E-01 9.89377E-01
 1.24451E+01 4.05505E-01 6.49540E-01 9.50991E-01 9.89606E-01
 1.25893E+01 4.05596E-01 6.49687E-01 9.51206E-01 9.89829E-01
 1.27350E+01 4.05686E-01 6.49830E-01 9.51417E-01 9.90048E-01
 1.28825E+01 4.05774E-01 6.49971E-01 9.51622E-01 9.90262E-01
 1.30317E+01 4.05859E-01 6.50108E-01 9.51823E-01 9.90471E-01
 1.31826E+01 4.05943E-01 6.50242E-01 9.52020E-01 9.90675E-01
 1.33352E+01 4.06025E-01 6.50373E-01 9.52212E-01 9.90875E-01
 1.34896E+01 4.06105E-01 6.50502E-01 9.52400E-01 9.91071E-01
 1.36458E+01 4.06183E-01 6.50627E-01 9.52583E-01 9.91262E-01
 1.38038E+01 4.06260E-01 6.50750E-01 9.52763E-01 9.91449E-01
 1.39637E+01 4.06335E-01 6.50870E-01 9.52939E-01 9.91632E-01
 1.41254E+01 4.06408E-01 6.50987E-01 9.53110E-01 9.91811E-01
 1.42889E+01 4.06480E-01 6.51102E-01 9.53278E-01 9.91985E-01
 1.44544E+01 4.06550E-01 6.51214E-01 9.53443E-01 9.92156E-01
 1.46218E+01 4.06618E-01 6.51324E-01 9.53603E-01 9.92323E-01
 1.47911E+01 4.06685E-01 6.51431E-01 9.53760E-01 9.92486E-01
 1.49624E+01 4.06751E-01 6.51536E-01 9.53913E-01 9.92646E-01
 1.51356E+01 4.06815E-01 6.51638E-01 9.54064E-01 9.92802E-01
 1.53109E+01 4.06877E-01 6.51738E-01 9.54210E-01 9.92955E-01
 1.54882E+01 4.06938E-01 6.51836E-01 9.54354E-01 9.93104E-01
 1.56675E+01 4.06998E-01 6.51932E-01 9.54494E-01 9.93250E-01
 1.58489E+01 4.07057E-01 6.52026E-01 9.54631E-01 9.93393E-01
 1.60325E+01 4.07114E-01 6.52117E-01 9.54765E-01 9.93532E-01
 1.62181E+01 4.07170E-01 6.52207E-01 9.54896E-01 9.93669E-01
 1.64059E+01 4.07224E-01 6.52294E-01 9.55024E-01 9.93802E-01
 1.65959E+01 4.07278E-01 6.52380E-01 9.55150E-01 9.93932E-01
 1.67880E+01 4.07330E-01 6.52464E-01 9.55272E-01 9.94060E-01
 1.69824E+01 4.07381E-01 6.52545E-01 9.55392E-01 9.94184E-01
 1.71791E+01 4.07431E-01 6.52625E-01 9.55509E-01 9.94306E-01
 1.73780E+01 4.07480E-01 6.52704E-01 9.55623E-01 9.94425E-01
 1.75792E+01 4.07527E-01 6.52780E-01 9.55735E-01 9.94542E-01
 1.77828E+01 4.07574E-01 6.52855E-01 9.55845E-01 9.94656E-01
 1.79887E+01 4.07620E-01 6.52928E-01 9.55951E-01 9.94767E-01
 1.81970E+01 4.07664E-01 6.52999E-01 9.56056E-01 9.94876E-01
 1.84077E+01 4.07708E-01 6.53069E-01 9.56158E-01 9.94982E-01
 1.86209E+01 4.07750E-01 6.53137E-01 9.56258E-01 9.95086E-01
 1.88365E+01 4.07792E-01 6.53204E-01 9.56356E-01 9.95188E-01
 1.90546E+01 4.07833E-01 6.53269E-01 9.56451E-01 9.95287E-01
 1.92752E+01 4.07873E-01 6.53333E-01 9.56545E-01 9.95384E-01
 1.94984E+01 4.07911E-01 6.53395E-01 9.56636E-01 9.95479E-01
 1.97242E+01 4.07949E-01 6.53456E-01 9.56725E-01 9.95572E-01
 1.99526E+01 4.07987E-01 6.53516E-01 9.56812E-01 9.95663E-01
 2.01837E+01 4.08023E-01 6.53574E-01 9.56898E-01 9.95752E-01
 2.04174E+01 4.08059E-01 6.53631E-01 9.56981E-01 9.95838E-01
 2.06538E+01 4.08093E-01 6.53687E-01 9.57063E-01 9.95923E-01
 2.08930E+01 4.08127E-01 6.53741E-01 9.57142E-01 9.96006E-01
 2.11349E+01 4.08160E-01 6.53794E-01 9.57220E-01 9.96087E-01
 2.13796E+01 4.08193E-01 6.53846E-01 9.57296E-01 9.96166E-01
 2.16272E+01 4.08225E-01 6.53897E-01 9.57371E-01 9.96244E-01
 2.18776E+01 4.08256E-01 6.53947E-01 9.57443E-01 9.96319E-01
 2.21309E+01 4.08286E-01 6.53995E-01 9.57514E-01 9.96393E-01
 2.23872E+01 4.08316E-01 6.54043E-01 9.57584E-01 9.96466E-01
 2.26464E+01 4.08345E-01 6.54089E-01 9.57652E-01 9.96536E-01
 2.29087E+01 4.08373E-01 6.54135E-01 9.57718E-01 9.96606E-01
 2.31739E+01 4.08401E-01 6.54179E-01 9.57783E-01 9.96673E-01
 2.34423E+01 4.08428E-01 6.54222E-01 9.57847E-01 9.96739E-01
 2.37137E+01 4.08454E-01 6.54265E-01 9.57909E-01 9.96804E-01
 2.39883E+01 4.08480E-01 6.54306E-01 9.57970E-01 9.96867E-01
 2.42661E+01 4.08505E-01 6.54347E-01 9.58029E-01 9.96929E-01
 2.45471E+01 4.08530E-01 6.54386E-01 9.58087E-01 9.96989E-01
 2.48313E+01 4.08554E-01 6.54425E-01 9.58143E-01 9.97048E-01
 2.51189E+01 4.08578E-01 6.54463E-01 9.58199E-01 9.97106E-01
 2.54097E+01 4.08601E-01 6.54500E-01 9.58253E-01 9.97162E-01
 2.57040E+01 4.08623E-01 6.54536E-01 9.58306E-01 9.97217E-01
 2.60016E+01 4.08646E-01 6.54571E-01 9.58358E-01 9.97271E-01
 2.63027E+01 4.08667E-01 6.54606E-01 9.58408E-01 9.97323E-01
 2.66073E+01 4.08688E-01 6.54639E-01 9.58458E-01 9.97375E-01
 2.69153E+01 4.08709E-01 6.54672E-01 9.58506E-01 9.97425E-01
 2.72270E+01 4.08729E-01 6.54705E-01 9.58553E-01 9.97474E-01
 2.75423E+01 4.08749E-01 6.54736E-01 9.58599E-01 9.97522E-01
 2.78612E+01 4.08768E-01 6.54767E-01 9.58644E-01 9.97569E-01
 2.81838E+01 4.08787E-01 6.54797E-01 9.58689E-01 9.97615E-01
 2.85102E+01 4.08805E-01 6.54827E-01 9.58732E-01 9.97660E-01
 2.88403E+01 4.08823E-01 6.54855E-01 9.58774E-01 9.97704E-01
 2.91743E+01 4.08841E-01 6.54884E-01 9.58815E-01 9.97747E-01
 2.95121E+01 4.08858E-01 6.54911E-01 9.58855E-01 9.97789E-01
 2.98538E+01 4.08875E-01 6.54938E-01 9.58895E-01 9.97830E-01
 3.01995E+01 4.08891E-01 6.54964E-01 9.58933E-01 9.97870E-01
 3.05492E+01 4.08907E-01 6.54990E-01 9.58971E-01 9.97909E-01
 3.09030E+01 4.08923E-01 6.55015E-01 9.59007E-01 9.97947E-01
 3.12608E+01 4.08938E-01 6.55040E-01 9.59043E-01 9.97984E-01
 3.16228E+01 4.08953E-01 6.55064E-01 9.59079E-01 9.98021E-01
 3.19890E+01 4.08968E-01 6.55087E-01 9.59113E-01 9.98057E-01
 3.23594E+01 4.08982E-01 6.55110E-01 9.59146E-01 9.98092E-01
 3.27341E+01 4.08996E-01 6.55132E-01 9.59179E-01 9.98126E-01
 3.31131E+01 4.09010E-01 6.55154E-01 9.59211E-01 9.98159E-01
 3.34965E+01 4.09023E-01 6.55176E-01 9.59243E-01 9.98192E-01
 3.38844E+01 4.09036E-01 6.55197E-01 9.59273E-01 9.98224E-01
 3.42768E+01 4.09049E-01 6.55217E-01 9.59303E-01 9.98255E-01
 3.46737E+01 4.09061E-01 6.55237E-01 9.59332E-01 9.98285E-01
 3.50752E+01 4.09073E-01 6.55256E-01 9.59361E-01 9.98315E-01
 3.54813E+01 4.09085E-01 6.55276E-01 9.59389E-01 9.98344E-01
 3.58922E+01 4.09097E-01 6.55294E-01 9.59416E-01 9.98372E-01
 3.63078E+01 4.09108E-01 6.55312E-01 9.59443E-01 9.98400E-01
 3.67282E+01 4.09119E-01 6.55330E-01 9.59469E-01 9.98427E-01
 3.71535E+01 4.09130E-01 6.55348E-01 9.59495E-01 9.98454E-01
 3.75837E+01 4.09141E-01 6.55365E-01 9.59520E-01 9.98480E-01
 3.80189E+01 4.09151E-01 6.55381E-01 9.59544E-01 9.98505E-01
 3.84592E+01 4.09162E-01 6.55398E-01 9.59568E-01 9.98530E-01
 3.89045E+01 4.09171E-01 6.55414E-01 9.59591E-01 9.98554E-01
 3.93550E+01 4.09181E-01 6.55429E-01 9.59614E-01 9.98578E-01
 3.98107E+01 4.09191E-01 6.55444E-01 9.59636E-01 9.98601E-01
 4.02717E+01 4.09200E-01 6.55459E-01 9.59658E-01 9.98624E-01
 4.07380E+01 4.09209E-01 6.55474E-01 9.59679E-01 9.98646E-01
 4.12098E+01 4.09218E-01 6.55488E-01 9.59700E-01 9.98667E-01
 4.16869E+01 4.09227E-01 6.55502E-01 9.59720E-01 9.98689E-01
 4.21697E+01 4.09235E-01 6.55515E-01 9.59740E-01 9.98709E-01
 4.26580E+01 4.09243E-01 6.55529E-01 9.59759E-01 9.98729E-01
 4.31519E+01 4.09251E-01 6.55542E-01 9.59778E-01 9.98749E-01
 4.36516E+01 4.09259E-01 6.55554E-01 9.59797E-01 9.98768E-01
 4.41570E+01 4.09267E-01 6.55567E-01 9.59815E-01 9.98787E-01
 4.46684E+01 4.09275E-01 6.55579E-01 9.59833E-01 9.98806E-01
 4.51856E+01 4.09282E-01 6.55590E-01 9.59850E-01 9.98824E-01
 4.57088E+01 4.09289E-01 6.55602E-01 9.59867E-01 9.98841E-01
 4.62381E+01 4.09296E-01 6.55613E-01 9.59883E-01 9.98859E-01
 4.67735E+01 4.09303E-01 6.55624E-01 9.59900E-01 9.98875E-01
 4.73151E+01 4.09310E-01 6.55635E-01 9.59915E-01 9.98892E-01
 4.78630E+01 4.09316E-01 6.55646E-01 9.59931E-01 9.98908E-01
 4.84172E+01 4.09323E-01 6.55656E-01 9.59946E-01 9.98924E-01
 4.89779E+01 4.09329E-01 6.55666E-01 9.59961E-01 9.98939E-01
 4.95450E+01 4.09335E-01 6.55676E-01 9.59975E-01 9.98954E-01
 5.01187E+01 4.09341E-01 6.55685E-01 9.59989E-01 9.98968E-01
 5.06991E+01 4.09347E-01 6.55695E-01 9.60003E-01 9.98983E-01
 5.12861E+01 4.09353E-01 6.55704E-01 9.60016E-01 9.98997E-01
 5.18800E+01 4.09358E-01 6.55713E-01 9.60029E-01 9.99010E-01
 5.24807E+01 4.09364E-01 6.55722E-01 9.60042E-01 9.99024E-01
 5.30884E+01 4.09369E-01 6.55730E-01 9.60055E-01 9.99037E-01
 5.37032E+01 4.09374E-01 6.55739E-01 9.60067E-01 9.99050E-01
 5.43250E+01 4.09380E-01 6.55747E-01 9.60079E-01 9.99062E-01
 5.49541E+01 4.09385E-01 6.55755E-01 9.60091E-01 9.99074E-01
 5.55904E+01 4.09389E-01 6.55763E-01 9.60102E-01 9.99086E-01
 5.62341E+01 4.09394E-01 6.55770E-01 9.60113E-01 9.99098E-01
 5.68853E+01 4.09399E-01 6.55778E-01 9.60124E-01 9.99109E-01
 5.75440E+01 4.09403E-01 6.55785E-01 9.60135E-01 9.99120E-01
 5.82103E+01 4.09408E-01 6.55792E-01 9.60146E-01 9.99131E-01
 5.88844E+01 4.09412E-01 6.55799E-01 9.60156E-01 9.99142E-01
 5.95662E+01 4.09417E-01 6.55806E-01 9.60166E-01 9.99152E-01
 6.02560E+01 4.09421E-01 6.55813E-01 9.60176E-01 9.99163E-01
 6.09537E+01 4.09425E-01 6.55819E-01 9.60185E-01 9.99172E-01
 6.16595E+01 4.09429E-01 6.55826E-01 9.60194E-01 9.99182E-01
 6.23735E+01 4.09433E-01 6.55832E-01 9.60204E-01 9.99192E-01
 6.30957E+01 4.09436E-01 6.55838E-01 9.60212E-01 9.99201E-01
 6.38263E+01 4.09440E-01 6.55844E-01 9.60221E-01 9.99210E-01
 6.45654E+01 4.09444E-01 6.55850E-01 9.60230E-01 9.99219E-01
 6.53131E+01 4.09447E-01 6.55855E-01 9.60238E-01 9.99227E-01
 6.60693E+01 4.09451E-01 6.55861E-01 9.60246E-01 9.99236E-01
 6.68344E+01 4.09454E-01 6.55866E-01 9.60254E-01 9.99244E-01
 6.76083E+01 4.09457E-01 6.55872E-01 9.60262E-01 9.99252E-01
 6.83912E+01 4.09461E-01 6.55877E-01 9.60269E-01 9.99260E-01
 6.91831E+01 4.09464E-01 6.55882E-01 9.60277E-01 9.99268E-01
 6.99842E+01 4.09467E-01 6.55887E-01 9.60284E-01 9.99275E-01
 7.07946E+01 4.09470E-01 6.55892E-01 9.60291E-01 9.99283E-01
 7.16143E+01 4.09473E-01 6.55896E-01 9.60298E-01 9.99290E-01
 7.24436E+01 4.09476E-01 6.55901E-01 9.60305E-01 9.99297E-01
 7.32825E+01 4.09479E-01 6.55906E-01 9.60311E-01 9.99304E-01
 7.41310E+01 4.09481E-01 6.55910E-01 9.60318E-01 9.99311E-01
 7.49894E+01 4.09484E-01 6.55914E-01 9.60324E-01 9.99317E-01
 7.58578E+01 4.09487E-01 6.55919E-01 9.60330E-01 9.99324E-01
 7.67361E+01 4.09489E-01 6.55923E-01 9.60336E-01 9.99330E-01
 7.76247E+01 4.09492E-01 6.55927E-01 9.60342E-01 9.99336E-01
 7.85236E+01 4.09494E-01 6.55931E-01 9.60348E-01 9.99342E-01
 7.94328E+01 4.09497E-01 6.55934E-01 9.60354E-01 9.99348E-01
 8.03526E+01 4.09499E-01 6.55938E-01 9.60359E-01 9.99354E-01
 8.12831E+01 4.09501E-01 6.55942E-01 9.60365E-01 9.99359E-01
 8.22243E+01 4.09504E-01 6.55945E-01 9.60370E-01 9.99365E-01
 8.31764E+01 4.09506E-01 6.55949E-01 9.60375E-01 9.99370E-01
 8.41395E+01 4.09508E-01 6.55952E-01 9.60380E-01 9.99375E-01
 8.51138E+01 4.09510E-01 6.55956E-01 9.60385E-01 9.99380E-01
 8.60994E+01 4.09512E-01 6.55959E-01 9.60390E-01 9.99385E-01
 8.70964E+01 4.09514E-01 6.55962E-01 9.60394E-01 9.99390E-01
 8.81049E+01 4.09516E-01 6.55965E-01 9.60399E-01 9.99395E-01
 8.91251E+01 4.09518E-01 6.55968E-01 9.60403E-01 9.99400E-01
 9.01571E+01 4.09520E-01 6.55971E-01 9.60408E-01 9.99404E-01
 9.12011E+01 4.09522E-01 6.55974E-01 9.60412E-01 9.99409E-01
 9.22571E+01 4.09523E-01 6.55977E-01 9.60416E-01 9.99413E-01
 9.33254E+01 4.09525E-01 6.55980E-01 9.60420E-01 9.99417E-01
 9.44061E+01 4.09527E-01 6.55983E-01 9.60424E-01 9.99421E-01
 9.54993E+01 4.09528E-01 6.55985E-01 9.60428E-01 9.99425E-01
 9.66051E+01 4.09530E-01 6.55988E-01 9.60432E-01 9.99429E-01
 9.77237E+01 4.09532E-01 6.55991E-01 9.60436E-01 9.99433E-01
 9.88553E+01 4.09533E-01 6.55993E-01 9.60439E-01 9.99437E-01
 1.00000E+02 4.09535E-01 6.55995E-01 9.60443E-01 9.99441E-01
