 1.00000E-02 1.67478E-01 1.95179E-01 2.23165E-01 2.26448E-01
 2.00000E-02 1.68626E-01 1.96682E-01 2.24867E-01 2.28167E-01
 3.00000E-02 1.69691E-01 1.97967E-01 2.26466E-01 2.29877E-01
 4.00000E-02 1.70674E-01 1.99225E-01 2.28084E-01 2.31487E-01
 5.00000E-02 1.71582E-01 2.00405E-01 2.29594E-01 2.33056E-01
 6.00000E-02 1.72446E-01 2.01533E-01 2.31045E-01 2.34552E-01
 7.00000E-02 1.73248E-01 2.02588E-01 2.32440E-01 2.35998E-01
 8.00000E-02 1.73994E-01 2.03592E-01 2.33775E-01 2.37391E-01
 9.00000E-02 1.74685E-01 2.04540E-01 2.35074E-01 2.38735E-01
 1.00000E-01 1.75333E-01 2.05437E-01 2.36321E-01 2.40032E-01
 1.10000E-01 1.75928E-01 2.06284E-01 2.37523E-01 2.41286E-01
 1.20000E-01 1.76478E-01 2.07087E-01 2.38684E-01 2.42499E-01
 1.30000E-01 1.76986E-01 2.07844E-01 2.39810E-01 2.43682E-01
 1.40000E-01 1.77452E-01 2.08562E-01 2.40898E-01 2.44830E-01
 1.50000E-01 1.77877E-01 2.09241E-01 2.41957E-01 2.45947E-01
 1.60000E-01 1.78267E-01 2.09885E-01 2.42989E-01 2.47038E-01
 1.70000E-01 1.78620E-01 2.10492E-01 2.43994E-01 2.48105E-01
 1.80000E-01 1.78939E-01 2.11068E-01 2.44974E-01 2.49151E-01
 1.90000E-01 1.79225E-01 2.11614E-01 2.45937E-01 2.50180E-01
 2.00000E-01 1.79483E-01 2.12131E-01 2.46881E-01 2.51194E-01
 2.10000E-01 1.79712E-01 2.12622E-01 2.47809E-01 2.52198E-01
 2.20000E-01 1.79913E-01 2.13090E-01 2.48728E-01 2.53191E-01
 2.30000E-01 1.80090E-01 2.13535E-01 2.49635E-01 2.54179E-01
 2.40000E-01 1.80244E-01 2.13960E-01 2.50537E-01 2.55163E-01
 2.50000E-01 1.80376E-01 2.14366E-01 2.51434E-01 2.56147E-01
 2.60000E-01 1.80487E-01 2.14756E-01 2.52329E-01 2.57133E-01
 2.70000E-01 1.80580E-01 2.15130E-01 2.53225E-01 2.58125E-01
 2.80000E-01 1.80655E-01 2.15491E-01 2.54124E-01 2.59125E-01
 2.90000E-01 1.80714E-01 2.15840E-01 2.55030E-01 2.60136E-01
 3.00000E-01 1.80758E-01 2.16178E-01 2.55943E-01 2.61160E-01
 3.10000E-01 1.80789E-01 2.16508E-01 2.56866E-01 2.62201E-01
 3.20000E-01 1.80808E-01 2.16830E-01 2.57802E-01 2.63262E-01
 3.30000E-01 1.80816E-01 2.17146E-01 2.58753E-01 2.64345E-01
 3.40000E-01 1.80813E-01 2.17458E-01 2.59721E-01 2.65453E-01
 3.50000E-01 1.80802E-01 2.17765E-01 2.60709E-01 2.66588E-01
 3.60000E-01 1.80783E-01 2.18069E-01 2.61717E-01 2.67754E-01
 3.70000E-01 1.80758E-01 2.18372E-01 2.62749E-01 2.68953E-01
 3.80000E-01 1.80727E-01 2.18675E-01 2.63807E-01 2.70189E-01
 3.90000E-01 1.80691E-01 2.18978E-01 2.64891E-01 2.71464E-01
 4.00000E-01 1.80651E-01 2.19283E-01 2.66004E-01 2.72780E-01
 4.10000E-01 1.80608E-01 2.19589E-01 2.67147E-01 2.74142E-01
 4.20000E-01 1.80563E-01 2.19899E-01 2.68321E-01 2.75551E-01
 4.30000E-01 1.80516E-01 2.20213E-01 2.69530E-01 2.77010E-01
 4.40000E-01 1.80467E-01 2.20530E-01 2.70772E-01 2.78524E-01
 4.50000E-01 1.80419E-01 2.20852E-01 2.72050E-01 2.80094E-01
 4.60000E-01 1.80371E-01 2.21180E-01 2.73363E-01 2.81722E-01
 4.70000E-01 1.80324E-01 2.21514E-01 2.74714E-01 2.83413E-01
 4.80000E-01 1.80278E-01 2.21853E-01 2.76101E-01 2.85169E-01
 4.90000E-01 1.80233E-01 2.22200E-01 2.77525E-01 2.86993E-01
 5.00000E-01 1.80191E-01 2.22552E-01 2.78987E-01 2.88888E-01
 5.10000E-01 1.80151E-01 2.22912E-01 2.80485E-01 2.90858E-01
 5.20000E-01 1.80115E-01 2.23279E-01 2.82020E-01 2.92904E-01
 5.30000E-01 1.80081E-01 2.23653E-01 2.83589E-01 2.95030E-01
 5.40000E-01 1.80051E-01 2.24034E-01 2.85193E-01 2.97239E-01
 5.50000E-01 1.80025E-01 2.24423E-01 2.86829E-01 2.99534E-01
 5.60000E-01 1.80002E-01 2.24819E-01 2.88496E-01 3.01916E-01
 5.70000E-01 1.79984E-01 2.25222E-01 2.90193E-01 3.04389E-01
 5.80000E-01 1.79970E-01 2.25633E-01 2.91917E-01 3.06954E-01
 5.90000E-01 1.79960E-01 2.26050E-01 2.93665E-01 3.09611E-01
 6.00000E-01 1.79955E-01 2.26473E-01 2.95437E-01 3.12360E-01
 6.10000E-01 1.79954E-01 2.26904E-01 2.97229E-01 3.15196E-01
 6.20000E-01 1.79957E-01 2.27341E-01 2.99041E-01 3.18111E-01
 6.30000E-01 1.79966E-01 2.27784E-01 3.00868E-01 3.21092E-01
 6.40000E-01 1.79979E-01 2.28233E-01 3.02708E-01 3.24120E-01
 6.50000E-01 1.79996E-01 2.28688E-01 3.04562E-01 3.27175E-01
 6.60000E-01 1.80018E-01 2.29148E-01 3.06424E-01 3.30244E-01
 6.70000E-01 1.80045E-01 2.29614E-01 3.08295E-01 3.33313E-01
 6.80000E-01 1.80076E-01 2.30084E-01 3.10171E-01 3.36375E-01
 6.90000E-01 1.80111E-01 2.30558E-01 3.12052E-01 3.39424E-01
 7.00000E-01 1.83740E-01 2.31038E-01 3.13936E-01 3.42459E-01
 7.10000E-01 1.87895E-01 2.31520E-01 3.15822E-01 3.45474E-01
 7.20000E-01 1.92072E-01 2.32007E-01 3.17707E-01 3.48469E-01
 7.30000E-01 1.96269E-01 2.32497E-01 3.19591E-01 3.51443E-01
 7.40000E-01 2.00485E-01 2.32990E-01 3.21473E-01 3.54394E-01
 7.50000E-01 2.04722E-01 2.36360E-01 3.23351E-01 3.57323E-01
 7.60000E-01 2.08977E-01 2.41405E-01 3.25226E-01 3.60228E-01
 7.70000E-01 2.13250E-01 2.46476E-01 3.27096E-01 3.63109E-01
 7.80000E-01 2.17540E-01 2.51574E-01 3.28959E-01 3.65967E-01
 7.90000E-01 2.21848E-01 2.56698E-01 3.30817E-01 3.68802E-01
 8.00000E-01 2.26173E-01 2.61847E-01 3.32667E-01 3.71612E-01
 8.10000E-01 2.30513E-01 2.67021E-01 3.34509E-01 3.74399E-01
 8.20000E-01 2.34869E-01 2.72220E-01 3.36343E-01 3.77162E-01
 8.30000E-01 2.39240E-01 2.77442E-01 3.38170E-01 3.79901E-01
 8.40000E-01 2.43625E-01 2.82687E-01 3.39987E-01 3.82617E-01
 8.50000E-01 2.48025E-01 2.87956E-01 3.41794E-01 3.85310E-01
 8.60000E-01 2.52438E-01 2.93246E-01 3.43592E-01 3.87979E-01
 8.70000E-01 2.56865E-01 2.98559E-01 3.45381E-01 3.90626E-01
 8.80000E-01 2.61304E-01 3.03893E-01 3.47158E-01 3.93250E-01
 8.90000E-01 2.65755E-01 3.09247E-01 3.51028E-01 3.95852E-01
 9.00000E-01 2.70218E-01 3.14623E-01 3.57327E-01 3.98431E-01
 9.10000E-01 2.74693E-01 3.20018E-01 3.63657E-01 4.00988E-01
 9.20000E-01 2.79178E-01 3.25433E-01 3.70017E-01 4.03523E-01
 9.30000E-01 2.83675E-01 3.30866E-01 3.76407E-01 4.06038E-01
 9.40000E-01 2.88181E-01 3.36319E-01 3.82826E-01 4.08531E-01
 9.50000E-01 2.92697E-01 3.41789E-01 3.89273E-01 4.11003E-01
 9.60000E-01 2.97223E-01 3.47278E-01 3.95749E-01 4.13454E-01
 9.70000E-01 3.01757E-01 3.52784E-01 4.02253E-01 4.15884E-01
 9.80000E-01 3.06301E-01 3.58307E-01 4.08785E-01 4.18293E-01
 9.90000E-01 3.10852E-01 3.63847E-01 4.15344E-01 4.21247E-01
 1.00000E+00 3.15412E-01 3.69403E-01 4.21929E-01 4.27954E-01
 1.01158E+00 3.20701E-01 3.75856E-01 4.29588E-01 4.35756E-01
 1.02329E+00 3.26062E-01 3.82405E-01 4.37371E-01 4.43686E-01
 1.03514E+00 3.31494E-01 3.89052E-01 4.45280E-01 4.51745E-01
 1.04713E+00 3.36998E-01 3.95795E-01 4.53317E-01 4.59935E-01
 1.05925E+00 3.42575E-01 4.02638E-01 4.61483E-01 4.68259E-01
 1.07152E+00 3.48225E-01 4.09581E-01 4.69780E-01 4.76718E-01
 1.08393E+00 3.53948E-01 4.16625E-01 4.78210E-01 4.85313E-01
 1.09648E+00 3.59746E-01 4.23770E-01 4.86775E-01 4.94048E-01
 1.10917E+00 3.65618E-01 4.31018E-01 4.95476E-01 5.02923E-01
 1.12202E+00 3.71565E-01 4.38371E-01 5.04316E-01 5.11940E-01
 1.13501E+00 3.77587E-01 4.45828E-01 5.13295E-01 5.21103E-01
 1.14815E+00 3.83686E-01 4.53391E-01 5.22416E-01 5.30411E-01
 1.16145E+00 3.89860E-01 4.61062E-01 5.31681E-01 5.39869E-01
 1.17490E+00 3.96112E-01 4.68840E-01 5.41092E-01 5.49476E-01
 1.18850E+00 4.02440E-01 4.76727E-01 5.50651E-01 5.59237E-01
 1.20226E+00 4.08846E-01 4.84724E-01 5.60358E-01 5.69151E-01
 1.21619E+00 4.15330E-01 4.92832E-01 5.70218E-01 5.79223E-01
 1.23027E+00 4.21892E-01 5.01053E-01 5.80230E-01 5.89453E-01
 1.24451E+00 4.28533E-01 5.09386E-01 5.90398E-01 5.99844E-01
 1.25893E+00 4.35253E-01 5.17833E-01 6.00724E-01 6.10398E-01
 1.27350E+00 4.42052E-01 5.26395E-01 6.11208E-01 6.21117E-01
 1.28825E+00 4.48931E-01 5.35073E-01 6.21854E-01 6.32003E-01
 1.30317E+00 4.55889E-01 5.43868E-01 6.32664E-01 6.43059E-01
 1.31826E+00 4.62928E-01 5.52781E-01 6.43639E-01 6.54286E-01
 1.33352E+00 4.70048E-01 5.61813E-01 6.54781E-01 6.65688E-01
 1.34896E+00 4.77248E-01 5.70965E-01 6.66093E-01 6.77265E-01
 1.36458E+00 4.84529E-01 5.80238E-01 6.77577E-01 6.89022E-01
 1.38038E+00 4.91891E-01 5.89632E-01 6.89235E-01 7.00959E-01
 1.39637E+00 4.99335E-01 5.99150E-01 7.01069E-01 7.13079E-01
 1.41254E+00 5.06861E-01 6.08790E-01 7.13081E-01 7.25385E-01
 1.42889E+00 5.14469E-01 6.18556E-01 7.25274E-01 7.37878E-01
 1.44544E+00 5.22159E-01 6.28447E-01 7.37649E-01 7.50562E-01
 1.46218E+00 5.29931E-01 6.38465E-01 7.50209E-01 7.63439E-01
 1.47911E+00 5.37785E-01 6.48610E-01 7.62957E-01 7.76511E-01
 1.49624E+00 5.45722E-01 6.58883E-01 7.75894E-01 7.89781E-01
 1.51356E+00 5.53742E-01 6.69286E-01 7.89022E-01 8.03251E-01
 1.53109E+00 5.61844E-01 6.79818E-01 8.02345E-01 8.16923E-01
 1.54882E+00 5.70029E-01 6.90482E-01 8.15864E-01 8.30801E-01
 1.56675E+00 5.78297E-01 7.01278E-01 8.29582E-01 8.44887E-01
 1.58489E+00 5.86648E-01 7.12206E-01 8.43501E-01 8.59183E-01
 1.60325E+00 5.95082E-01 7.23268E-01 8.57624E-01 8.73693E-01
 1.62181E+00 6.03599E-01 7.34464E-01 8.71952E-01 8.88418E-01
 1.64059E+00 6.12199E-01 7.45796E-01 8.86489E-01 9.03362E-01
 1.65959E+00 6.20882E-01 7.57263E-01 9.01237E-01 9.18528E-01
 1.67880E+00 6.29648E-01 7.68868E-01 9.16198E-01 9.33917E-01
 1.69824E+00 6.38496E-01 7.80610E-01 9.31375E-01 9.49533E-01
 1.71791E+00 6.47427E-01 7.92491E-01 9.46771E-01 9.65378E-01
 1.73780E+00 6.56441E-01 8.04511E-01 9.62387E-01 9.81456E-01
 1.75792E+00 6.65538E-01 8.16671E-01 9.78227E-01 9.97769E-01
 1.77828E+00 6.74717E-01 8.28971E-01 9.94293E-01 1.01432E+00
 1.79887E+00 6.83978E-01 8.41414E-01 1.01059E+00 1.03111E+00
 1.81970E+00 6.93321E-01 8.53998E-01 1.02711E+00 1.04815E+00
 1.84077E+00 7.02746E-01 8.66725E-01 1.04387E+00 1.06543E+00
 1.86209E+00 7.12253E-01 8.79596E-01 1.06087E+00 1.08297E+00
 1.88365E+00 7.21841E-01 8.92611E-01 1.07810E+00 1.10075E+00
 1.90546E+00 7.31510E-01 9.05771E-01 1.09558E+00 1.11880E+00
 1.92752E+00 7.41260E-01 9.19076E-01 1.11331E+00 1.13710E+00
 1.94984E+00 7.51090E-01 9.32528E-01 1.13128E+00 1.15566E+00
 1.97242E+00 7.61001E-01 9.46127E-01 1.14950E+00 1.17449E+00
 1.99526E+00 7.70992E-01 9.59872E-01 1.16797E+00 1.19359E+00
 2.01837E+00 7.81062E-01 9.73766E-01 1.18670E+00 1.21296E+00
 2.04174E+00 7.91211E-01 9.87809E-01 1.20569E+00 1.23261E+00
 2.06538E+00 8.01440E-01 1.00200E+00 1.22494E+00 1.25253E+00
 2.08930E+00 8.11746E-01 1.01634E+00 1.24445E+00 1.27274E+00
 2.11349E+00 8.22130E-01 1.03083E+00 1.26424E+00 1.29323E+00
 2.13796E+00 8.32592E-01 1.04547E+00 1.28429E+00 1.31401E+00
 2.16272E+00 8.43131E-01 1.06027E+00 1.30462E+00 1.33508E+00
 2.18776E+00 8.53746E-01 1.07521E+00 1.32522E+00 1.35645E+00
 2.21309E+00 8.64438E-01 1.09030E+00 1.34610E+00 1.37811E+00
 2.23872E+00 8.75204E-01 1.10555E+00 1.36727E+00 1.40008E+00
 2.26464E+00 8.86046E-01 1.12095E+00 1.38872E+00 1.42236E+00
 2.29087E+00 8.96961E-01 1.13651E+00 1.41046E+00 1.44494E+00
 2.31739E+00 9.07950E-01 1.15221E+00 1.43249E+00 1.46784E+00
 2.34423E+00 9.19013E-01 1.16807E+00 1.45481E+00 1.49105E+00
 2.37137E+00 9.30148E-01 1.18409E+00 1.47744E+00 1.51459E+00
 2.39883E+00 9.41354E-01 1.20026E+00 1.50036E+00 1.53845E+00
 2.42661E+00 9.52631E-01 1.21658E+00 1.52359E+00 1.56264E+00
 2.45471E+00 9.63979E-01 1.23306E+00 1.54713E+00 1.58716E+00
 2.48313E+00 9.75397E-01 1.24969E+00 1.57098E+00 1.61202E+00
 2.51189E+00 9.86883E-01 1.26648E+00 1.59515E+00 1.63721E+00
 2.54097E+00 9.98438E-01 1.28342E+00 1.61963E+00 1.66275E+00
 2.57040E+00 1.01006E+00 1.30052E+00 1.64443E+00 1.68864E+00
 2.60016E+00 1.02175E+00 1.31777E+00 1.66956E+00 1.71488E+00
 2.63027E+00 1.03350E+00 1.33518E+00 1.69501E+00 1.74148E+00
 2.66073E+00 1.04532E+00 1.35274E+00 1.72080E+00 1.76844E+00
 2.69153E+00 1.05720E+00 1.37046E+00 1.74692E+00 1.79576E+00
 2.72270E+00 1.06915E+00 1.38834E+00 1.77338E+00 1.82345E+00
 2.75423E+00 1.08116E+00 1.40637E+00 1.80018E+00 1.85151E+00
 2.78612E+00 1.09323E+00 1.42455E+00 1.82732E+00 1.87995E+00
 2.81838E+00 1.10536E+00 1.44290E+00 1.85482E+00 1.90877E+00
 2.85102E+00 1.11755E+00 1.46139E+00 1.88266E+00 1.93798E+00
 2.88403E+00 1.12980E+00 1.48004E+00 1.91087E+00 1.96757E+00
 2.91743E+00 1.14211E+00 1.49885E+00 1.93943E+00 1.99756E+00
 2.95121E+00 1.15447E+00 1.51781E+00 1.96835E+00 2.02795E+00
 2.98538E+00 1.16689E+00 1.53693E+00 1.99765E+00 2.05875E+00
 3.01995E+00 1.17936E+00 1.55620E+00 2.02731E+00 2.08995E+00
 3.05492E+00 1.19189E+00 1.57562E+00 2.05735E+00 2.12157E+00
 3.09030E+00 1.20447E+00 1.59520E+00 2.08776E+00 2.15360E+00
 3.12608E+00 1.21710E+00 1.61493E+00 2.11856E+00 2.18606E+00
 3.16228E+00 1.22979E+00 1.63482E+00 2.14975E+00 2.21894E+00
 3.19890E+00 1.24252E+00 1.65486E+00 2.18132E+00 2.25226E+00
 3.23594E+00 1.25530E+00 1.67505E+00 2.21329E+00 2.28602E+00
 3.27341E+00 1.26813E+00 1.69539E+00 2.24565E+00 2.32021E+00
 3.31131E+00 1.28100E+00 1.71588E+00 2.27842E+00 2.35486E+00
 3.34965E+00 1.29392E+00 1.73652E+00 2.31159E+00 2.38995E+00
 3.38844E+00 1.30688E+00 1.75732E+00 2.34517E+00 2.42551E+00
 3.42768E+00 1.31989E+00 1.77826E+00 2.37917E+00 2.46152E+00
 3.46737E+00 1.33294E+00 1.79936E+00 2.41358E+00 2.49801E+00
 3.50752E+00 1.34602E+00 1.82060E+00 2.44841E+00 2.53496E+00
 3.54813E+00 1.35915E+00 1.84199E+00 2.48367E+00 2.57240E+00
 3.58922E+00 1.37232E+00 1.86352E+00 2.51936E+00 2.61032E+00
 3.63078E+00 1.38552E+00 1.88521E+00 2.55549E+00 2.64873E+00
 3.67282E+00 1.39876E+00 1.90704E+00 2.59205E+00 2.68764E+00
 3.71535E+00 1.41203E+00 1.92901E+00 2.62906E+00 2.72704E+00
 3.75837E+00 1.42533E+00 1.95113E+00 2.66651E+00 2.76696E+00
 3.80189E+00 1.43867E+00 1.97339E+00 2.70441E+00 2.80738E+00
 3.84592E+00 1.45204E+00 1.99579E+00 2.74277E+00 2.84832E+00
 3.89045E+00 1.46544E+00 2.01834E+00 2.78159E+00 2.88979E+00
 3.93550E+00 1.47887E+00 2.04103E+00 2.82088E+00 2.93179E+00
 3.98107E+00 1.49232E+00 2.06385E+00 2.86063E+00 2.97432E+00
 4.02717E+00 1.50580E+00 2.08682E+00 2.90086E+00 3.01739E+00
 4.07380E+00 1.51931E+00 2.10992E+00 2.94156E+00 3.06102E+00
 4.12098E+00 1.53283E+00 2.13316E+00 2.98275E+00 3.10519E+00
 4.16869E+00 1.54638E+00 2.15654E+00 3.02442E+00 3.14993E+00
 4.21697E+00 1.55996E+00 2.18005E+00 3.06658E+00 3.19523E+00
 4.26580E+00 1.57355E+00 2.20369E+00 3.10924E+00 3.24111E+00
 4.31519E+00 1.58716E+00 2.22747E+00 3.15240E+00 3.28756E+00
 4.36516E+00 1.60078E+00 2.25138E+00 3.19607E+00 3.33461E+00
 4.41570E+00 1.61443E+00 2.27541E+00 3.24025E+00 3.38224E+00
 4.46684E+00 1.62808E+00 2.29958E+00 3.28494E+00 3.43048E+00
 4.51856E+00 1.64175E+00 2.32388E+00 3.33015E+00 3.47932E+00
 4.57088E+00 1.65544E+00 2.34830E+00 3.37588E+00 3.52877E+00
 4.62381E+00 1.66913E+00 2.37284E+00 3.42215E+00 3.57884E+00
 4.67735E+00 1.68283E+00 2.39751E+00 3.46895E+00 3.62954E+00
 4.73151E+00 1.69654E+00 2.42230E+00 3.51628E+00 3.68088E+00
 4.78630E+00 1.71026E+00 2.44721E+00 3.56416E+00 3.73285E+00
 4.84172E+00 1.72398E+00 2.47225E+00 3.61259E+00 3.78547E+00
 4.89779E+00 1.73771E+00 2.49740E+00 3.66158E+00 3.83875E+00
 4.95450E+00 1.75144E+00 2.52266E+00 3.71112E+00 3.89269E+00
 5.01187E+00 1.76518E+00 2.54805E+00 3.76123E+00 3.94731E+00
 5.06991E+00 1.77891E+00 2.57354E+00 3.81190E+00 4.00260E+00
 5.12861E+00 1.79265E+00 2.59915E+00 3.86315E+00 4.05857E+00
 5.18800E+00 1.80638E+00 2.62487E+00 3.91498E+00 4.11524E+00
 5.24807E+00 1.82011E+00 2.65069E+00 3.96739E+00 4.17261E+00
 5.30884E+00 1.83383E+00 2.67663E+00 4.02040E+00 4.23069E+00
 5.37032E+00 1.84755E+00 2.70266E+00 4.07400E+00 4.28949E+00
 5.43250E+00 1.86127E+00 2.72881E+00 4.12819E+00 4.34901E+00
 5.49541E+00 1.87497E+00 2.75505E+00 4.18300E+00 4.40927E+00
 5.55904E+00 1.88867E+00 2.78140E+00 4.23841E+00 4.47026E+00
 5.62341E+00 1.90236E+00 2.80784E+00 4.29444E+00 4.53201E+00
 5.68853E+00 1.91603E+00 2.83439E+00 4.35109E+00 4.59451E+00
 5.75440E+00 1.92970E+00 2.86102E+00 4.40837E+00 4.65779E+00
 5.82103E+00 1.94335E+00 2.88775E+00 4.46628E+00 4.72183E+00
 5.88844E+00 1.95698E+00 2.91458E+00 4.52483E+00 4.78666E+00
 5.95662E+00 1.97060E+00 2.94149E+00 4.58402E+00 4.85229E+00
 6.02560E+00 1.98420E+00 2.96849E+00 4.64386E+00 4.91872E+00
 6.09537E+00 1.99779E+00 2.99557E+00 4.70435E+00 4.98595E+00
 6.16595E+00 2.01135E+00 3.02274E+00 4.76551E+00 5.05401E+00
 6.23735E+00 2.02489E+00 3.05000E+00 4.82733E+00 5.12290E+00
 6.30957E+00 2.03842E+00 3.07733E+00 4.88982E+00 5.19263E+00
 6.38263E+00 2.05192E+00 3.10474E+00 4.95299E+00 5.26320E+00
 6.45654E+00 2.06539E+00 3.13223E+00 5.01684E+00 5.33463E+00
 6.53131E+00 2.07884E+00 3.15979E+00 5.08137E+00 5.40693E+00
 6.60693E+00 2.09227E+00 3.18742E+00 5.14661E+00 5.48011E+00
 6.68344E+00 2.10567E+00 3.21513E+00 5.21254E+00 5.55418E+00
 6.76083E+00 2.11904E+00 3.24290E+00 5.27917E+00 5.62914E+00
 6.83912E+00 2.13238E+00 3.27074E+00 5.34652E+00 5.70501E+00
 6.91831E+00 2.14570E+00 3.29864E+00 5.41459E+00 5.78179E+00
 6.99842E+00 2.15898E+00 3.32661E+00 5.48338E+00 5.85951E+00
 7.07946E+00 2.17223E+00 3.35464E+00 5.55289E+00 5.93816E+00
 7.16143E+00 2.18545E+00 3.38272E+00 5.62315E+00 6.01777E+00
 7.24436E+00 2.19863E+00 3.41086E+00 5.69414E+00 6.09833E+00
 7.32825E+00 2.21178E+00 3.43906E+00 5.76588E+00 6.17986E+00
 7.41310E+00 2.22489E+00 3.46730E+00 5.83837E+00 6.26238E+00
 7.49894E+00 2.23797E+00 3.49560E+00 5.91162E+00 6.34588E+00
 7.58578E+00 2.25101E+00 3.52394E+00 5.98564E+00 6.43039E+00
 7.67361E+00 2.26401E+00 3.55233E+00 6.06042E+00 6.51592E+00
 7.76247E+00 2.27698E+00 3.58076E+00 6.13599E+00 6.60247E+00
 7.85236E+00 2.28990E+00 3.60923E+00 6.21233E+00 6.69006E+00
 7.94328E+00 2.30278E+00 3.63774E+00 6.28947E+00 6.77871E+00
 8.03526E+00 2.31562E+00 3.66629E+00 6.36740E+00 6.86841E+00
 8.12831E+00 2.32842E+00 3.69488E+00 6.44613E+00 6.95919E+00
 8.22243E+00 2.34118E+00 3.72349E+00 6.52566E+00 7.05105E+00
 8.31764E+00 2.35389E+00 3.75214E+00 6.60602E+00 7.14401E+00
 8.41395E+00 2.36655E+00 3.78081E+00 6.68719E+00 7.23808E+00
 8.51138E+00 2.37918E+00 3.80951E+00 6.76918E+00 7.33328E+00
 8.60994E+00 2.39175E+00 3.83823E+00 6.85201E+00 7.42961E+00
 8.70964E+00 2.40428E+00 3.86697E+00 6.93568E+00 7.52709E+00
 8.81049E+00 2.41676E+00 3.89574E+00 7.02019E+00 7.62574E+00
 8.91251E+00 2.42919E+00 3.92452E+00 7.10556E+00 7.72555E+00
 9.01571E+00 2.44158E+00 3.95331E+00 7.19177E+00 7.82656E+00
 9.12011E+00 2.45391E+00 3.98212E+00 7.27886E+00 7.92877E+00
 9.22571E+00 2.46619E+00 4.01094E+00 7.36681E+00 8.03219E+00
 9.33254E+00 2.47843E+00 4.03976E+00 7.45564E+00 8.13685E+00
 9.44061E+00 2.49061E+00 4.06859E+00 7.54535E+00 8.24274E+00
 9.54993E+00 2.50274E+00 4.09743E+00 7.63595E+00 8.34990E+00
 9.66051E+00 2.51481E+00 4.12627E+00 7.72744E+00 8.45832E+00
 9.77237E+00 2.52684E+00 4.15510E+00 7.81983E+00 8.56804E+00
 9.88553E+00 2.53881E+00 4.18394E+00 7.91313E+00 8.67905E+00
 1.00000E+01 2.55072E+00 4.21276E+00 8.00735E+00 8.79138E+00
 1.01158E+01 2.56258E+00 4.24159E+00 8.10248E+00 8.90504E+00
 1.02329E+01 2.57439E+00 4.27040E+00 8.19854E+00 9.02004E+00
 1.03514E+01 2.58614E+00 4.29920E+00 8.29554E+00 9.13641E+00
 1.04713E+01 2.59783E+00 4.32799E+00 8.39347E+00 9.25415E+00
 1.05925E+01 2.60947E+00 4.35676E+00 8.49234E+00 9.37328E+00
 1.07152E+01 2.62105E+00 4.38551E+00 8.59217E+00 9.49382E+00
 1.08393E+01 2.63257E+00 4.41425E+00 8.69296E+00 9.61578E+00
 1.09648E+01 2.64404E+00 4.44296E+00 8.79471E+00 9.73919E+00
 1.10917E+01 2.65544E+00 4.47165E+00 8.89743E+00 9.86405E+00
 1.12202E+01 2.66679E+00 4.50031E+00 9.00112E+00 9.99038E+00
 1.13501E+01 2.67808E+00 4.52894E+00 9.10580E+00 1.01182E+01
 1.14815E+01 2.68930E+00 4.55755E+00 9.21147E+00 1.02475E+01
 1.16145E+01 2.70047E+00 4.58612E+00 9.31813E+00 1.03784E+01
 1.17490E+01 2.71158E+00 4.61465E+00 9.42579E+00 1.05108E+01
 1.18850E+01 2.72263E+00 4.64315E+00 9.53447E+00 1.06447E+01
 1.20226E+01 2.73361E+00 4.67161E+00 9.64415E+00 1.07803E+01
 1.21619E+01 2.74454E+00 4.70004E+00 9.75485E+00 1.09174E+01
 1.23027E+01 2.75540E+00 4.72841E+00 9.86658E+00 1.10561E+01
 1.24451E+01 2.76620E+00 4.75675E+00 9.97935E+00 1.11965E+01
 1.25893E+01 2.77695E+00 4.78504E+00 1.00931E+01 1.13385E+01
 1.27350E+01 2.78762E+00 4.81328E+00 1.02080E+01 1.14822E+01
 1.28825E+01 2.79824E+00 4.84147E+00 1.03239E+01 1.16275E+01
 1.30317E+01 2.80879E+00 4.86960E+00 1.04408E+01 1.17746E+01
 1.31826E+01 2.81928E+00 4.89769E+00 1.05588E+01 1.19234E+01
 1.33352E+01 2.82971E+00 4.92571E+00 1.06779E+01 1.20740E+01
 1.34896E+01 2.84007E+00 4.95368E+00 1.07981E+01 1.22263E+01
 1.36458E+01 2.85037E+00 4.98160E+00 1.09193E+01 1.23804E+01
 1.38038E+01 2.86061E+00 5.00945E+00 1.10416E+01 1.25363E+01
 1.39637E+01 2.87078E+00 5.03723E+00 1.11650E+01 1.26940E+01
 1.41254E+01 2.88089E+00 5.06495E+00 1.12896E+01 1.28536E+01
 1.42889E+01 2.89094E+00 5.09261E+00 1.14152E+01 1.30150E+01
 1.44544E+01 2.90092E+00 5.12020E+00 1.15419E+01 1.31783E+01
 1.46218E+01 2.91084E+00 5.14771E+00 1.16697E+01 1.33436E+01
 1.47911E+01 2.92069E+00 5.17516E+00 1.17987E+01 1.35108E+01
 1.49624E+01 2.93048E+00 5.20253E+00 1.19288E+01 1.36799E+01
 1.51356E+01 2.94021E+00 5.22983E+00 1.20600E+01 1.38510E+01
 1.53109E+01 2.94987E+00 5.25705E+00 1.21923E+01 1.40241E+01
 1.54882E+01 2.95946E+00 5.28419E+00 1.23258E+01 1.41992E+01
 1.56675E+01 2.96899E+00 5.31125E+00 1.24604E+01 1.43764E+01
 1.58489E+01 2.97846E+00 5.33823E+00 1.25962E+01 1.45556E+01
 1.60325E+01 2.98786E+00 5.36513E+00 1.27332E+01 1.47370E+01
 1.62181E+01 2.99720E+00 5.39195E+00 1.28713E+01 1.49204E+01
 1.64059E+01 3.00648E+00 5.41868E+00 1.30105E+01 1.51060E+01
 1.65959E+01 3.01569E+00 5.44532E+00 1.31510E+01 1.52938E+01
 1.67880E+01 3.02483E+00 5.47187E+00 1.32926E+01 1.54837E+01
 1.69824E+01 3.03391E+00 5.49833E+00 1.34354E+01 1.56759E+01
 1.71791E+01 3.04293E+00 5.52470E+00 1.35794E+01 1.58702E+01
 1.73780E+01 3.05188E+00 5.55098E+00 1.37246E+01 1.60669E+01
 1.75792E+01 3.06077E+00 5.57717E+00 1.38709E+01 1.62659E+01
 1.77828E+01 3.06959E+00 5.60325E+00 1.40185E+01 1.64671E+01
 1.79887E+01 3.07835E+00 5.62925E+00 1.41673E+01 1.66707E+01
 1.81970E+01 3.08705E+00 5.65514E+00 1.43173E+01 1.68767E+01
 1.84077E+01 3.09568E+00 5.68093E+00 1.44685E+01 1.70851E+01
 1.86209E+01 3.10425E+00 5.70663E+00 1.46209E+01 1.72959E+01
 1.88365E+01 3.11275E+00 5.73222E+00 1.47745E+01 1.75092E+01
 1.90546E+01 3.12119E+00 5.75771E+00 1.49294E+01 1.77249E+01
 1.92752E+01 3.12957E+00 5.78310E+00 1.50855E+01 1.79432E+01
 1.94984E+01 3.13789E+00 5.80838E+00 1.52428E+01 1.81639E+01
 1.97242E+01 3.14614E+00 5.83355E+00 1.54014E+01 1.83873E+01
 1.99526E+01 3.15433E+00 5.85862E+00 1.55612E+01 1.86132E+01
 2.01837E+01 3.16245E+00 5.88358E+00 1.57222E+01 1.88418E+01
 2.04174E+01 3.17052E+00 5.90843E+00 1.58845E+01 1.90730E+01
 2.06538E+01 3.17852E+00 5.93317E+00 1.60481E+01 1.93070E+01
 2.08930E+01 3.18646E+00 5.95780E+00 1.62129E+01 1.95436E+01
 2.11349E+01 3.19433E+00 5.98231E+00 1.63789E+01 1.97830E+01
 2.13796E+01 3.20215E+00 6.00672E+00 1.65462E+01 2.00251E+01
 2.16272E+01 3.20990E+00 6.03100E+00 1.67148E+01 2.02701E+01
 2.18776E+01 3.21759E+00 6.05518E+00 1.68847E+01 2.05179E+01
 2.21309E+01 3.22522E+00 6.07924E+00 1.70558E+01 2.07686E+01
 2.23872E+01 3.23279E+00 6.10318E+00 1.72281E+01 2.10222E+01
 2.26464E+01 3.24030E+00 6.12701E+00 1.74018E+01 2.12787E+01
 2.29087E+01 3.24775E+00 6.15071E+00 1.75767E+01 2.15382E+01
 2.31739E+01 3.25514E+00 6.17430E+00 1.77529E+01 2.18007E+01
 2.34423E+01 3.26246E+00 6.19777E+00 1.79304E+01 2.20663E+01
 2.37137E+01 3.26973E+00 6.22112E+00 1.81091E+01 2.23349E+01
 2.39883E+01 3.27694E+00 6.24435E+00 1.82892E+01 2.26066E+01
 2.42661E+01 3.28409E+00 6.26745E+00 1.84705E+01 2.28815E+01
 2.45471E+01 3.29117E+00 6.29044E+00 1.86531E+01 2.31596E+01
 2.48313E+01 3.29820E+00 6.31330E+00 1.88370E+01 2.34409E+01
 2.51189E+01 3.30518E+00 6.33604E+00 1.90222E+01 2.37255E+01
 2.54097E+01 3.31209E+00 6.35865E+00 1.92086E+01 2.40133E+01
 2.57040E+01 3.31894E+00 6.38115E+00 1.93964E+01 2.43045E+01
 2.60016E+01 3.32574E+00 6.40351E+00 1.95854E+01 2.45991E+01
 2.63027E+01 3.33248E+00 6.42575E+00 1.97757E+01 2.48970E+01
 2.66073E+01 3.33916E+00 6.44787E+00 1.99673E+01 2.51984E+01
 2.69153E+01 3.34579E+00 6.46986E+00 2.01602E+01 2.55033E+01
 2.72270E+01 3.35236E+00 6.49172E+00 2.03544E+01 2.58117E+01
 2.75423E+01 3.35887E+00 6.51345E+00 2.05499E+01 2.61237E+01
 2.78612E+01 3.36532E+00 6.53506E+00 2.07466E+01 2.64393E+01
 2.81838E+01 3.37172E+00 6.55654E+00 2.09446E+01 2.67586E+01
 2.85102E+01 3.37807E+00 6.57790E+00 2.11440E+01 2.70815E+01
 2.88403E+01 3.38436E+00 6.59912E+00 2.13446E+01 2.74082E+01
 2.91743E+01 3.39059E+00 6.62022E+00 2.15465E+01 2.77386E+01
 2.95121E+01 3.39677E+00 6.64118E+00 2.17496E+01 2.80729E+01
 2.98538E+01 3.40289E+00 6.66202E+00 2.19541E+01 2.84110E+01
 3.01995E+01 3.40896E+00 6.68273E+00 2.21598E+01 2.87530E+01
 3.05492E+01 3.41498E+00 6.70331E+00 2.23668E+01 2.90990E+01
 3.09030E+01 3.42094E+00 6.72376E+00 2.25751E+01 2.94490E+01
 3.12608E+01 3.42685E+00 6.74408E+00 2.27847E+01 2.98030E+01
 3.16228E+01 3.43271E+00 6.76427E+00 2.29955E+01 3.01611E+01
 3.19890E+01 3.43852E+00 6.78434E+00 2.32076E+01 3.05233E+01
 3.23594E+01 3.44427E+00 6.80427E+00 2.34209E+01 3.08898E+01
 3.27341E+01 3.44997E+00 6.82407E+00 2.36355E+01 3.12604E+01
 3.31131E+01 3.45562E+00 6.84374E+00 2.38514E+01 3.16353E+01
 3.34965E+01 3.46122E+00 6.86328E+00 2.40685E+01 3.20146E+01
 3.38844E+01 3.46676E+00 6.88269E+00 2.42868E+01 3.23982E+01
 3.42768E+01 3.47226E+00 6.90197E+00 2.45064E+01 3.27862E+01
 3.46737E+01 3.47771E+00 6.92112E+00 2.47273E+01 3.31788E+01
 3.50752E+01 3.48310E+00 6.94014E+00 2.49494E+01 3.35758E+01
 3.54813E+01 3.48845E+00 6.95903E+00 2.51727E+01 3.39774E+01
 3.58922E+01 3.49374E+00 6.97779E+00 2.53972E+01 3.43837E+01
 3.63078E+01 3.49899E+00 6.99642E+00 2.56230E+01 3.47946E+01
 3.67282E+01 3.50419E+00 7.01492E+00 2.58499E+01 3.52103E+01
 3.71535E+01 3.50934E+00 7.03329E+00 2.60781E+01 3.56307E+01
 3.75837E+01 3.51445E+00 7.05153E+00 2.63075E+01 3.60560E+01
 3.80189E+01 3.51950E+00 7.06964E+00 2.65381E+01 3.64862E+01
 3.84592E+01 3.52451E+00 7.08763E+00 2.67699E+01 3.69214E+01
 3.89045E+01 3.52947E+00 7.10548E+00 2.70029E+01 3.73616E+01
 3.93550E+01 3.53439E+00 7.12321E+00 2.72370E+01 3.78068E+01
 3.98107E+01 3.53925E+00 7.14080E+00 2.74723E+01 3.82572E+01
 4.02717E+01 3.54408E+00 7.15827E+00 2.77088E+01 3.87127E+01
 4.07380E+01 3.54885E+00 7.17561E+00 2.79464E+01 3.91735E+01
 4.12098E+01 3.55358E+00 7.19282E+00 2.81852E+01 3.96396E+01
 4.16869E+01 3.55827E+00 7.20990E+00 2.84252E+01 4.01111E+01
 4.21697E+01 3.56291E+00 7.22686E+00 2.86662E+01 4.05879E+01
 4.26580E+01 3.56751E+00 7.24369E+00 2.89084E+01 4.10703E+01
 4.31519E+01 3.57206E+00 7.26039E+00 2.91517E+01 4.15582E+01
 4.36516E+01 3.57657E+00 7.27697E+00 2.93962E+01 4.20517E+01
 4.41570E+01 3.58104E+00 7.29342E+00 2.96417E+01 4.25509E+01
 4.46684E+01 3.58546E+00 7.30974E+00 2.98883E+01 4.30559E+01
 4.51856E+01 3.58984E+00 7.32594E+00 3.01360E+01 4.35666E+01
 4.57088E+01 3.59418E+00 7.34202E+00 3.03848E+01 4.40832E+01
 4.62381E+01 3.59848E+00 7.35797E+00 3.06346E+01 4.46058E+01
 4.67735E+01 3.60273E+00 7.37379E+00 3.08855E+01 4.51343E+01
 4.73151E+01 3.60694E+00 7.38949E+00 3.11374E+01 4.56689E+01
 4.78630E+01 3.61111E+00 7.40507E+00 3.13904E+01 4.62097E+01
 4.84172E+01 3.61524E+00 7.42053E+00 3.16444E+01 4.67567E+01
 4.89779E+01 3.61933E+00 7.43586E+00 3.18994E+01 4.73099E+01
 4.95450E+01 3.62339E+00 7.45107E+00 3.21554E+01 4.78696E+01
 5.01187E+01 3.62740E+00 7.46616E+00 3.24124E+01 4.84356E+01
 5.06991E+01 3.63137E+00 7.48113E+00 3.26703E+01 4.90081E+01
 5.12861E+01 3.63530E+00 7.49597E+00 3.29292E+01 4.95872E+01
 5.18800E+01 3.63919E+00 7.51070E+00 3.31891E+01 5.01730E+01
 5.24807E+01 3.64305E+00 7.52531E+00 3.34499E+01 5.07655E+01
 5.30884E+01 3.64686E+00 7.53979E+00 3.37117E+01 5.13647E+01
 5.37032E+01 3.65064E+00 7.55416E+00 3.39744E+01 5.19709E+01
 5.43250E+01 3.65438E+00 7.56841E+00 3.42379E+01 5.25840E+01
 5.49541E+01 3.65808E+00 7.58254E+00 3.45024E+01 5.32041E+01
 5.55904E+01 3.66175E+00 7.59656E+00 3.47677E+01 5.38313E+01
 5.62341E+01 3.66538E+00 7.61046E+00 3.50339E+01 5.44657E+01
 5.68853E+01 3.66897E+00 7.62424E+00 3.53010E+01 5.51074E+01
 5.75440E+01 3.67253E+00 7.63791E+00 3.55689E+01 5.57565E+01
 5.82103E+01 3.67605E+00 7.65146E+00 3.58376E+01 5.64130E+01
 5.88844E+01 3.67954E+00 7.66489E+00 3.61071E+01 5.70770E+01
 5.95662E+01 3.68299E+00 7.67822E+00 3.63774E+01 5.77486E+01
 6.02560E+01 3.68641E+00 7.69143E+00 3.66485E+01 5.84279E+01
 6.09537E+01 3.68979E+00 7.70452E+00 3.69203E+01 5.91150E+01
 6.16595E+01 3.69314E+00 7.71751E+00 3.71929E+01 5.98099E+01
 6.23735E+01 3.69645E+00 7.73038E+00 3.74663E+01 6.05128E+01
 6.30957E+01 3.69973E+00 7.74314E+00 3.77403E+01 6.12238E+01
 6.38263E+01 3.70298E+00 7.75579E+00 3.80151E+01 6.19429E+01
 6.45654E+01 3.70619E+00 7.76833E+00 3.82905E+01 6.26702E+01
 6.53131E+01 3.70937E+00 7.78077E+00 3.85667E+01 6.34058E+01
 6.60693E+01 3.71252E+00 7.79309E+00 3.88434E+01 6.41499E+01
 6.68344E+01 3.71564E+00 7.80530E+00 3.91208E+01 6.49024E+01
 6.76083E+01 3.71872E+00 7.81741E+00 3.93989E+01 6.56636E+01
 6.83912E+01 3.72178E+00 7.82941E+00 3.96775E+01 6.64335E+01
 6.91831E+01 3.72480E+00 7.84131E+00 3.99568E+01 6.72121E+01
 6.99842E+01 3.72779E+00 7.85310E+00 4.02366E+01 6.79997E+01
 7.07946E+01 3.73075E+00 7.86478E+00 4.05169E+01 6.87962E+01
 7.16143E+01 3.73368E+00 7.87636E+00 4.07978E+01 6.96019E+01
 7.24436E+01 3.73658E+00 7.88784E+00 4.10793E+01 7.04168E+01
 7.32825E+01 3.73945E+00 7.89921E+00 4.13612E+01 7.12409E+01
 7.41310E+01 3.74228E+00 7.91048E+00 4.16436E+01 7.20745E+01
 7.49894E+01 3.74510E+00 7.92165E+00 4.19265E+01 7.29176E+01
 7.58578E+01 3.74788E+00 7.93271E+00 4.22099E+01 7.37703E+01
 7.67361E+01 3.75063E+00 7.94368E+00 4.24936E+01 7.46328E+01
 7.76247E+01 3.75335E+00 7.95455E+00 4.27778E+01 7.55051E+01
 7.85236E+01 3.75605E+00 7.96532E+00 4.30624E+01 7.63873E+01
 7.94328E+01 3.75871E+00 7.97598E+00 4.33474E+01 7.72796E+01
 8.03526E+01 3.76135E+00 7.98656E+00 4.36328E+01 7.81821E+01
 8.12831E+01 3.76397E+00 7.99703E+00 4.39184E+01 7.90948E+01
 8.22243E+01 3.76655E+00 8.00741E+00 4.42044E+01 8.00180E+01
 8.31764E+01 3.76911E+00 8.01769E+00 4.44908E+01 8.09517E+01
 8.41395E+01 3.77164E+00 8.02787E+00 4.47774E+01 8.18960E+01
 8.51138E+01 3.77414E+00 8.03797E+00 4.50642E+01 8.28511E+01
 8.60994E+01 3.77662E+00 8.04796E+00 4.53514E+01 8.38171E+01
 8.70964E+01 3.77907E+00 8.05787E+00 4.56387E+01 8.47940E+01
 8.81049E+01 3.78150E+00 8.06768E+00 4.59263E+01 8.57821E+01
 8.91251E+01 3.78390E+00 8.07740E+00 4.62141E+01 8.67814E+01
 9.01571E+01 3.78628E+00 8.08702E+00 4.65020E+01 8.77921E+01
 9.12011E+01 3.78863E+00 8.09656E+00 4.67901E+01 8.88143E+01
 9.22571E+01 3.79095E+00 8.10601E+00 4.70783E+01 8.98482E+01
 9.33254E+01 3.79325E+00 8.11536E+00 4.73667E+01 9.08937E+01
 9.44061E+01 3.79553E+00 8.12463E+00 4.76552E+01 9.19512E+01
 9.54993E+01 3.79778E+00 8.13381E+00 4.79437E+01 9.30207E+01
 9.66051E+01 3.80001E+00 8.14290E+00 4.82323E+01 9.41023E+01
 9.77237E+01 3.80222E+00 8.15191E+00 4.85209E+01 9.51963E+01
 9.88553E+01 3.80440E+00 8.16083E+00 4.88096E+01 9.63026E+01
 1.00000E+02 3.80656E+00 8.16966E+00 4.90983E+01 9.74215E+01
