 1.00000E-02 1.70168E-01 1.98496E-01 2.27044E-01 2.30460E-01
 2.00000E-02 1.74296E-01 2.03582E-01 2.33277E-01 2.36805E-01
 3.00000E-02 1.78715E-01 2.08999E-01 2.39925E-01 2.43630E-01
 4.00000E-02 1.83410E-01 2.14752E-01 2.47013E-01 2.50905E-01
 5.00000E-02 1.88363E-01 2.20827E-01 2.54526E-01 2.58629E-01
 6.00000E-02 1.93560E-01 2.27199E-01 2.62450E-01 2.66782E-01
 7.00000E-02 1.98982E-01 2.33848E-01 2.70764E-01 2.75354E-01
 8.00000E-02 2.04614E-01 2.40756E-01 2.79454E-01 2.84327E-01
 9.00000E-02 2.10438E-01 2.47896E-01 2.88494E-01 2.93689E-01
 1.00000E-01 2.16435E-01 2.55243E-01 2.97864E-01 3.03419E-01
 1.10000E-01 2.22583E-01 2.62770E-01 3.07533E-01 3.13496E-01
 1.20000E-01 2.28861E-01 2.70447E-01 3.17469E-01 3.23899E-01
 1.30000E-01 2.35246E-01 2.78242E-01 3.27636E-01 3.34600E-01
 1.40000E-01 2.41716E-01 2.86126E-01 3.37994E-01 3.45577E-01
 1.50000E-01 2.48248E-01 2.94069E-01 3.48501E-01 3.56804E-01
 1.60000E-01 2.54821E-01 3.02042E-01 3.59109E-01 3.68254E-01
 1.70000E-01 2.61414E-01 3.10019E-01 3.69773E-01 3.79905E-01
 1.80000E-01 2.68009E-01 3.17976E-01 3.80444E-01 3.91732E-01
 1.90000E-01 2.74592E-01 3.25893E-01 3.91075E-01 4.03711E-01
 2.00000E-01 2.81147E-01 3.33751E-01 4.01624E-01 4.15814E-01
 2.10000E-01 2.87662E-01 3.41536E-01 4.12052E-01 4.27996E-01
 2.20000E-01 2.94128E-01 3.49236E-01 4.22330E-01 4.40172E-01
 2.30000E-01 3.00536E-01 3.56840E-01 4.32432E-01 4.52199E-01
 2.40000E-01 3.06881E-01 3.64341E-01 4.42342E-01 4.63961E-01
 2.50000E-01 3.13156E-01 3.71733E-01 4.52046E-01 4.75404E-01
 2.60000E-01 3.19357E-01 3.79013E-01 4.61538E-01 4.86512E-01
 2.70000E-01 3.25483E-01 3.86176E-01 4.70812E-01 4.97283E-01
 2.80000E-01 3.31531E-01 3.93221E-01 4.79868E-01 5.07727E-01
 2.90000E-01 3.37499E-01 4.00149E-01 4.88706E-01 5.17851E-01
 3.00000E-01 3.43387E-01 4.06957E-01 4.97328E-01 5.27666E-01
 3.10000E-01 3.49196E-01 4.13647E-01 5.05738E-01 5.37183E-01
 3.20000E-01 3.54924E-01 4.20221E-01 5.13940E-01 5.46414E-01
 3.30000E-01 3.60574E-01 4.26679E-01 5.21938E-01 5.55369E-01
 3.40000E-01 3.66145E-01 4.33023E-01 5.29738E-01 5.64059E-01
 3.50000E-01 3.71638E-01 4.39255E-01 5.37344E-01 5.72495E-01
 3.60000E-01 3.77056E-01 4.45377E-01 5.44763E-01 5.80685E-01
 3.70000E-01 3.82399E-01 4.51391E-01 5.52000E-01 5.88640E-01
 3.80000E-01 3.87669E-01 4.57300E-01 5.59059E-01 5.96369E-01
 3.90000E-01 3.92867E-01 4.63106E-01 5.65946E-01 6.03880E-01
 4.00000E-01 3.97994E-01 4.68811E-01 5.72666E-01 6.11182E-01
 4.10000E-01 4.03053E-01 4.74418E-01 5.79226E-01 6.18281E-01
 4.20000E-01 4.08044E-01 4.79929E-01 5.85629E-01 6.25187E-01
 4.30000E-01 4.12970E-01 4.85346E-01 5.91880E-01 6.31905E-01
 4.40000E-01 4.17832E-01 4.90672E-01 5.97985E-01 6.38443E-01
 4.50000E-01 4.22631E-01 4.95909E-01 6.03947E-01 6.44808E-01
 4.60000E-01 4.27369E-01 5.01059E-01 6.09771E-01 6.51004E-01
 4.70000E-01 4.32047E-01 5.06125E-01 6.15461E-01 6.57039E-01
 4.80000E-01 4.36666E-01 5.11109E-01 6.21022E-01 6.62918E-01
 4.90000E-01 4.41229E-01 5.16012E-01 6.26457E-01 6.68647E-01
 5.00000E-01 4.45737E-01 5.20837E-01 6.31771E-01 6.74230E-01
 5.10000E-01 4.50190E-01 5.25585E-01 6.36967E-01 6.79673E-01
 5.20000E-01 4.54591E-01 5.30260E-01 6.42048E-01 6.84980E-01
 5.30000E-01 4.58940E-01 5.34862E-01 6.47018E-01 6.90156E-01
 5.40000E-01 4.63239E-01 5.39393E-01 6.51880E-01 6.95205E-01
 5.50000E-01 4.67488E-01 5.43856E-01 6.56638E-01 7.00131E-01
 5.60000E-01 4.71690E-01 5.48251E-01 6.61294E-01 7.04939E-01
 5.70000E-01 4.75845E-01 5.52582E-01 6.65852E-01 7.09632E-01
 5.80000E-01 4.79954E-01 5.56848E-01 6.70314E-01 7.14213E-01
 5.90000E-01 4.84019E-01 5.61052E-01 6.74683E-01 7.18687E-01
 6.00000E-01 4.88039E-01 5.65196E-01 6.78962E-01 7.23057E-01
 6.10000E-01 4.92018E-01 5.69281E-01 6.83153E-01 7.27326E-01
 6.20000E-01 4.95954E-01 5.73308E-01 6.87258E-01 7.31497E-01
 6.30000E-01 4.99850E-01 5.77278E-01 6.91281E-01 7.35573E-01
 6.40000E-01 5.03706E-01 5.81194E-01 6.95224E-01 7.39557E-01
 6.50000E-01 5.07524E-01 5.85056E-01 6.99088E-01 7.43451E-01
 6.60000E-01 5.11303E-01 5.88866E-01 7.02876E-01 7.47259E-01
 6.70000E-01 5.15044E-01 5.92625E-01 7.06590E-01 7.50983E-01
 6.80000E-01 5.18749E-01 5.96334E-01 7.10232E-01 7.54626E-01
 6.90000E-01 5.22419E-01 5.99994E-01 7.13804E-01 7.58189E-01
 7.00000E-01 5.26053E-01 6.03607E-01 7.17307E-01 7.61675E-01
 7.10000E-01 5.29653E-01 6.07173E-01 7.20744E-01 7.65087E-01
 7.20000E-01 5.33220E-01 6.10693E-01 7.24116E-01 7.68427E-01
 7.30000E-01 5.36753E-01 6.14169E-01 7.27425E-01 7.71695E-01
 7.40000E-01 5.40254E-01 6.17602E-01 7.30672E-01 7.74895E-01
 7.50000E-01 5.43723E-01 6.20993E-01 7.33860E-01 7.78029E-01
 7.60000E-01 5.47161E-01 6.24341E-01 7.36990E-01 7.81098E-01
 7.70000E-01 5.50568E-01 6.27649E-01 7.40062E-01 7.84104E-01
 7.80000E-01 5.53945E-01 6.30918E-01 7.43079E-01 7.87049E-01
 7.90000E-01 5.57293E-01 6.34147E-01 7.46042E-01 7.89934E-01
 8.00000E-01 5.60611E-01 6.37339E-01 7.48953E-01 7.92761E-01
 8.10000E-01 5.63901E-01 6.40493E-01 7.51812E-01 7.95531E-01
 8.20000E-01 5.67143E-01 6.43611E-01 7.54621E-01 7.98247E-01
 8.30000E-01 5.70330E-01 6.46693E-01 7.57381E-01 8.00909E-01
 8.40000E-01 5.73461E-01 6.49739E-01 7.60093E-01 8.03519E-01
 8.50000E-01 5.76539E-01 6.52752E-01 7.62759E-01 8.06078E-01
 8.60000E-01 5.79563E-01 6.55731E-01 7.65379E-01 8.08588E-01
 8.70000E-01 5.82536E-01 6.58677E-01 7.67955E-01 8.11050E-01
 8.80000E-01 5.85457E-01 6.61590E-01 7.70487E-01 8.13465E-01
 8.90000E-01 5.88329E-01 6.64472E-01 7.72978E-01 8.15833E-01
 9.00000E-01 5.91152E-01 6.67323E-01 7.75426E-01 8.18158E-01
 9.10000E-01 5.93926E-01 6.70143E-01 7.77835E-01 8.20439E-01
 9.20000E-01 5.96653E-01 6.72933E-01 7.80204E-01 8.22677E-01
 9.30000E-01 5.99333E-01 6.75694E-01 7.82534E-01 8.24874E-01
 9.40000E-01 6.01968E-01 6.78426E-01 7.84827E-01 8.27031E-01
 9.50000E-01 6.04559E-01 6.81129E-01 7.87083E-01 8.29148E-01
 9.60000E-01 6.07105E-01 6.83805E-01 7.89303E-01 8.31227E-01
 9.70000E-01 6.09609E-01 6.86453E-01 7.91487E-01 8.33269E-01
 9.80000E-01 6.12070E-01 6.89075E-01 7.93637E-01 8.35274E-01
 9.90000E-01 6.14490E-01 6.91669E-01 7.95754E-01 8.37243E-01
 1.00000E+00 6.16869E-01 6.94238E-01 7.97837E-01 8.39177E-01
 1.01158E+00 6.19574E-01 6.97181E-01 8.00210E-01 8.41374E-01
 1.02329E+00 6.22258E-01 7.00123E-01 8.02567E-01 8.43552E-01
 1.03514E+00 6.24919E-01 7.03065E-01 8.04908E-01 8.45709E-01
 1.04713E+00 6.27558E-01 7.06007E-01 8.07234E-01 8.47847E-01
 1.05925E+00 6.30174E-01 7.08946E-01 8.09544E-01 8.49965E-01
 1.07152E+00 6.32767E-01 7.11863E-01 8.11839E-01 8.52063E-01
 1.08393E+00 6.35337E-01 7.14754E-01 8.14117E-01 8.54141E-01
 1.09648E+00 6.37884E-01 7.17619E-01 8.16380E-01 8.56199E-01
 1.10917E+00 6.40406E-01 7.20457E-01 8.18627E-01 8.58238E-01
 1.12202E+00 6.42905E-01 7.23269E-01 8.20859E-01 8.60256E-01
 1.13501E+00 6.45380E-01 7.26053E-01 8.23074E-01 8.62255E-01
 1.14815E+00 6.47831E-01 7.28810E-01 8.25273E-01 8.64233E-01
 1.16145E+00 6.50257E-01 7.31540E-01 8.27456E-01 8.66192E-01
 1.17490E+00 6.52659E-01 7.34242E-01 8.29622E-01 8.68131E-01
 1.18850E+00 6.55036E-01 7.36916E-01 8.31773E-01 8.70050E-01
 1.20226E+00 6.57388E-01 7.39562E-01 8.33908E-01 8.71950E-01
 1.21619E+00 6.59715E-01 7.42180E-01 8.36026E-01 8.73829E-01
 1.23027E+00 6.62017E-01 7.44769E-01 8.38128E-01 8.75689E-01
 1.24451E+00 6.64294E-01 7.47331E-01 8.40213E-01 8.77529E-01
 1.25893E+00 6.66545E-01 7.49863E-01 8.42283E-01 8.79349E-01
 1.27350E+00 6.68771E-01 7.52368E-01 8.44336E-01 8.81150E-01
 1.28825E+00 6.70972E-01 7.54843E-01 8.46372E-01 8.82931E-01
 1.30317E+00 6.73147E-01 7.57290E-01 8.48393E-01 8.84693E-01
 1.31826E+00 6.75296E-01 7.59708E-01 8.50397E-01 8.86435E-01
 1.33352E+00 6.77420E-01 7.62097E-01 8.52384E-01 8.88157E-01
 1.34896E+00 6.79517E-01 7.64457E-01 8.54355E-01 8.89861E-01
 1.36458E+00 6.81590E-01 7.66789E-01 8.56310E-01 8.91545E-01
 1.38038E+00 6.83636E-01 7.69091E-01 8.58248E-01 8.93209E-01
 1.39637E+00 6.85657E-01 7.71364E-01 8.60171E-01 8.94855E-01
 1.41254E+00 6.87653E-01 7.73609E-01 8.62076E-01 8.96481E-01
 1.42889E+00 6.89622E-01 7.75825E-01 8.63966E-01 8.98089E-01
 1.44544E+00 6.91566E-01 7.78012E-01 8.65839E-01 8.99677E-01
 1.46218E+00 6.93484E-01 7.80170E-01 8.67695E-01 9.01247E-01
 1.47911E+00 6.95377E-01 7.82299E-01 8.69536E-01 9.02797E-01
 1.49624E+00 6.97245E-01 7.84400E-01 8.71360E-01 9.04329E-01
 1.51356E+00 6.99087E-01 7.86473E-01 8.73167E-01 9.05843E-01
 1.53109E+00 7.00903E-01 7.88516E-01 8.74959E-01 9.07338E-01
 1.54882E+00 7.02695E-01 7.90532E-01 8.76734E-01 9.08814E-01
 1.56675E+00 7.04461E-01 7.92519E-01 8.78493E-01 9.10273E-01
 1.58489E+00 7.06203E-01 7.94478E-01 8.80236E-01 9.11713E-01
 1.60325E+00 7.07919E-01 7.96409E-01 8.81963E-01 9.13134E-01
 1.62181E+00 7.09611E-01 7.98312E-01 8.83674E-01 9.14538E-01
 1.64059E+00 7.11278E-01 8.00187E-01 8.85369E-01 9.15924E-01
 1.65959E+00 7.12920E-01 8.02035E-01 8.87048E-01 9.17292E-01
 1.67880E+00 7.14538E-01 8.03856E-01 8.88710E-01 9.18643E-01
 1.69824E+00 7.16132E-01 8.05649E-01 8.90357E-01 9.19976E-01
 1.71791E+00 7.17702E-01 8.07415E-01 8.91988E-01 9.21291E-01
 1.73780E+00 7.19248E-01 8.09154E-01 8.93603E-01 9.22589E-01
 1.75792E+00 7.20770E-01 8.10866E-01 8.95203E-01 9.23870E-01
 1.77828E+00 7.22269E-01 8.12552E-01 8.96786E-01 9.25134E-01
 1.79887E+00 7.23744E-01 8.14212E-01 8.98354E-01 9.26381E-01
 1.81970E+00 7.25196E-01 8.15845E-01 8.99907E-01 9.27611E-01
 1.84077E+00 7.26625E-01 8.17453E-01 9.01444E-01 9.28824E-01
 1.86209E+00 7.28031E-01 8.19035E-01 9.02965E-01 9.30021E-01
 1.88365E+00 7.29415E-01 8.20591E-01 9.04471E-01 9.31201E-01
 1.90546E+00 7.30776E-01 8.22123E-01 9.05961E-01 9.32365E-01
 1.92752E+00 7.32115E-01 8.23629E-01 9.07436E-01 9.33512E-01
 1.94984E+00 7.33432E-01 8.25111E-01 9.08896E-01 9.34644E-01
 1.97242E+00 7.34727E-01 8.26568E-01 9.10340E-01 9.35759E-01
 1.99526E+00 7.36001E-01 8.28001E-01 9.11770E-01 9.36859E-01
 2.01837E+00 7.37253E-01 8.29409E-01 9.13184E-01 9.37943E-01
 2.04174E+00 7.38484E-01 8.30795E-01 9.14583E-01 9.39012E-01
 2.06538E+00 7.39694E-01 8.32156E-01 9.15967E-01 9.40065E-01
 2.08930E+00 7.40884E-01 8.33494E-01 9.17337E-01 9.41103E-01
 2.11349E+00 7.42053E-01 8.34810E-01 9.18691E-01 9.42126E-01
 2.13796E+00 7.43202E-01 8.36102E-01 9.20031E-01 9.43134E-01
 2.16272E+00 7.44331E-01 8.37373E-01 9.21356E-01 9.44127E-01
 2.18776E+00 7.45441E-01 8.38621E-01 9.22666E-01 9.45105E-01
 2.21309E+00 7.46530E-01 8.39847E-01 9.23962E-01 9.46069E-01
 2.23872E+00 7.47601E-01 8.41051E-01 9.25244E-01 9.47019E-01
 2.26464E+00 7.48653E-01 8.42234E-01 9.26510E-01 9.47954E-01
 2.29087E+00 7.49686E-01 8.43396E-01 9.27763E-01 9.48875E-01
 2.31739E+00 7.50700E-01 8.44537E-01 9.29001E-01 9.49782E-01
 2.34423E+00 7.51696E-01 8.45658E-01 9.30225E-01 9.50676E-01
 2.37137E+00 7.52674E-01 8.46758E-01 9.31434E-01 9.51556E-01
 2.39883E+00 7.53634E-01 8.47839E-01 9.32622E-01 9.52422E-01
 2.42661E+00 7.54577E-01 8.48899E-01 9.33789E-01 9.53275E-01
 2.45471E+00 7.55502E-01 8.49940E-01 9.34934E-01 9.54114E-01
 2.48313E+00 7.56411E-01 8.50962E-01 9.36058E-01 9.54941E-01
 2.51189E+00 7.57302E-01 8.51965E-01 9.37162E-01 9.55754E-01
 2.54097E+00 7.58177E-01 8.52949E-01 9.38244E-01 9.56555E-01
 2.57040E+00 7.59036E-01 8.53915E-01 9.39307E-01 9.57343E-01
 2.60016E+00 7.59878E-01 8.54863E-01 9.40349E-01 9.58119E-01
 2.63027E+00 7.60705E-01 8.55793E-01 9.41372E-01 9.58882E-01
 2.66073E+00 7.61516E-01 8.56705E-01 9.42376E-01 9.59633E-01
 2.69153E+00 7.62312E-01 8.57601E-01 9.43361E-01 9.60372E-01
 2.72270E+00 7.63092E-01 8.58479E-01 9.44326E-01 9.61099E-01
 2.75423E+00 7.63858E-01 8.59340E-01 9.45274E-01 9.61815E-01
 2.78612E+00 7.64609E-01 8.60185E-01 9.46203E-01 9.62518E-01
 2.81838E+00 7.65345E-01 8.61013E-01 9.47115E-01 9.63210E-01
 2.85102E+00 7.66067E-01 8.61826E-01 9.48008E-01 9.63891E-01
 2.88403E+00 7.66776E-01 8.62623E-01 9.48885E-01 9.64561E-01
 2.91743E+00 7.67470E-01 8.63404E-01 9.49744E-01 9.65220E-01
 2.95121E+00 7.68151E-01 8.64170E-01 9.50587E-01 9.65867E-01
 2.98538E+00 7.68819E-01 8.64921E-01 9.51413E-01 9.66504E-01
 3.01995E+00 7.69473E-01 8.65657E-01 9.52223E-01 9.67131E-01
 3.05492E+00 7.70115E-01 8.66379E-01 9.53017E-01 9.67747E-01
 3.09030E+00 7.70744E-01 8.67087E-01 9.53796E-01 9.68352E-01
 3.12608E+00 7.71361E-01 8.67781E-01 9.54559E-01 9.68947E-01
 3.16228E+00 7.71965E-01 8.68461E-01 9.55307E-01 9.69533E-01
 3.19890E+00 7.72557E-01 8.69127E-01 9.56040E-01 9.70108E-01
 3.23594E+00 7.73138E-01 8.69780E-01 9.56758E-01 9.70673E-01
 3.27341E+00 7.73707E-01 8.70420E-01 9.57462E-01 9.71229E-01
 3.31131E+00 7.74264E-01 8.71047E-01 9.58152E-01 9.71775E-01
 3.34965E+00 7.74811E-01 8.71662E-01 9.58828E-01 9.72312E-01
 3.38844E+00 7.75346E-01 8.72264E-01 9.59491E-01 9.72840E-01
 3.42768E+00 7.75870E-01 8.72854E-01 9.60140E-01 9.73358E-01
 3.46737E+00 7.76384E-01 8.73432E-01 9.60776E-01 9.73868E-01
 3.50752E+00 7.76888E-01 8.73999E-01 9.61399E-01 9.74368E-01
 3.54813E+00 7.77381E-01 8.74554E-01 9.62009E-01 9.74860E-01
 3.58922E+00 7.77864E-01 8.75097E-01 9.62607E-01 9.75343E-01
 3.63078E+00 7.78338E-01 8.75630E-01 9.63193E-01 9.75818E-01
 3.67282E+00 7.78801E-01 8.76152E-01 9.63767E-01 9.76284E-01
 3.71535E+00 7.79256E-01 8.76663E-01 9.64329E-01 9.76743E-01
 3.75837E+00 7.79700E-01 8.77163E-01 9.64879E-01 9.77193E-01
 3.80189E+00 7.80136E-01 8.77653E-01 9.65418E-01 9.77635E-01
 3.84592E+00 7.80563E-01 8.78133E-01 9.65947E-01 9.78069E-01
 3.89045E+00 7.80981E-01 8.78603E-01 9.66464E-01 9.78495E-01
 3.93550E+00 7.81390E-01 8.79064E-01 9.66970E-01 9.78914E-01
 3.98107E+00 7.81791E-01 8.79515E-01 9.67466E-01 9.79325E-01
 4.02717E+00 7.82183E-01 8.79956E-01 9.67952E-01 9.79729E-01
 4.07380E+00 7.82568E-01 8.80389E-01 9.68428E-01 9.80125E-01
 4.12098E+00 7.82944E-01 8.80812E-01 9.68893E-01 9.80515E-01
 4.16869E+00 7.83313E-01 8.81227E-01 9.69349E-01 9.80897E-01
 4.21697E+00 7.83673E-01 8.81633E-01 9.69796E-01 9.81272E-01
 4.26580E+00 7.84027E-01 8.82030E-01 9.70233E-01 9.81641E-01
 4.31519E+00 7.84373E-01 8.82419E-01 9.70661E-01 9.82002E-01
 4.36516E+00 7.84711E-01 8.82800E-01 9.71080E-01 9.82357E-01
 4.41570E+00 7.85043E-01 8.83173E-01 9.71490E-01 9.82706E-01
 4.46684E+00 7.85367E-01 8.83538E-01 9.71892E-01 9.83048E-01
 4.51856E+00 7.85685E-01 8.83895E-01 9.72285E-01 9.83384E-01
 4.57088E+00 7.85996E-01 8.84245E-01 9.72670E-01 9.83714E-01
 4.62381E+00 7.86300E-01 8.84588E-01 9.73047E-01 9.84037E-01
 4.67735E+00 7.86598E-01 8.84923E-01 9.73415E-01 9.84355E-01
 4.73151E+00 7.86890E-01 8.85251E-01 9.73776E-01 9.84666E-01
 4.78630E+00 7.87176E-01 8.85573E-01 9.74130E-01 9.84972E-01
 4.84172E+00 7.87455E-01 8.85887E-01 9.74476E-01 9.85272E-01
 4.89779E+00 7.87729E-01 8.86195E-01 9.74814E-01 9.85567E-01
 4.95450E+00 7.87996E-01 8.86496E-01 9.75145E-01 9.85856E-01
 5.01187E+00 7.88258E-01 8.86791E-01 9.75470E-01 9.86140E-01
 5.06991E+00 7.88515E-01 8.87079E-01 9.75787E-01 9.86418E-01
 5.12861E+00 7.88766E-01 8.87362E-01 9.76098E-01 9.86691E-01
 5.18800E+00 7.89011E-01 8.87638E-01 9.76402E-01 9.86959E-01
 5.24807E+00 7.89252E-01 8.87908E-01 9.76699E-01 9.87221E-01
 5.30884E+00 7.89487E-01 8.88173E-01 9.76990E-01 9.87479E-01
 5.37032E+00 7.89717E-01 8.88432E-01 9.77275E-01 9.87732E-01
 5.43250E+00 7.89943E-01 8.88685E-01 9.77554E-01 9.87980E-01
 5.49541E+00 7.90163E-01 8.88933E-01 9.77827E-01 9.88223E-01
 5.55904E+00 7.90379E-01 8.89176E-01 9.78094E-01 9.88462E-01
 5.62341E+00 7.90590E-01 8.89414E-01 9.78355E-01 9.88696E-01
 5.68853E+00 7.90796E-01 8.89646E-01 9.78611E-01 9.88926E-01
 5.75440E+00 7.90998E-01 8.89873E-01 9.78861E-01 9.89151E-01
 5.82103E+00 7.91196E-01 8.90096E-01 9.79105E-01 9.89372E-01
 5.88844E+00 7.91390E-01 8.90313E-01 9.79345E-01 9.89589E-01
 5.95662E+00 7.91579E-01 8.90526E-01 9.79579E-01 9.89801E-01
 6.02560E+00 7.91764E-01 8.90735E-01 9.79808E-01 9.90010E-01
 6.09537E+00 7.91946E-01 8.90939E-01 9.80033E-01 9.90214E-01
 6.16595E+00 7.92123E-01 8.91138E-01 9.80252E-01 9.90415E-01
 6.23735E+00 7.92296E-01 8.91333E-01 9.80467E-01 9.90611E-01
 6.30957E+00 7.92466E-01 8.91524E-01 9.80677E-01 9.90804E-01
 6.38263E+00 7.92632E-01 8.91711E-01 9.80882E-01 9.90993E-01
 6.45654E+00 7.92795E-01 8.91894E-01 9.81083E-01 9.91178E-01
 6.53131E+00 7.92954E-01 8.92073E-01 9.81280E-01 9.91360E-01
 6.60693E+00 7.93109E-01 8.92248E-01 9.81472E-01 9.91538E-01
 6.68344E+00 7.93261E-01 8.92419E-01 9.81661E-01 9.91713E-01
 6.76083E+00 7.93410E-01 8.92586E-01 9.81845E-01 9.91884E-01
 6.83912E+00 7.93556E-01 8.92750E-01 9.82025E-01 9.92052E-01
 6.91831E+00 7.93698E-01 8.92910E-01 9.82201E-01 9.92216E-01
 6.99842E+00 7.93837E-01 8.93067E-01 9.82374E-01 9.92378E-01
 7.07946E+00 7.93974E-01 8.93220E-01 9.82542E-01 9.92536E-01
 7.16143E+00 7.94107E-01 8.93370E-01 9.82707E-01 9.92691E-01
 7.24436E+00 7.94237E-01 8.93517E-01 9.82869E-01 9.92843E-01
 7.32825E+00 7.94365E-01 8.93661E-01 9.83027E-01 9.92992E-01
 7.41310E+00 7.94490E-01 8.93801E-01 9.83181E-01 9.93138E-01
 7.49894E+00 7.94612E-01 8.93938E-01 9.83332E-01 9.93282E-01
 7.58578E+00 7.94731E-01 8.94073E-01 9.83480E-01 9.93422E-01
 7.67361E+00 7.94848E-01 8.94204E-01 9.83624E-01 9.93559E-01
 7.76247E+00 7.94962E-01 8.94332E-01 9.83766E-01 9.93694E-01
 7.85236E+00 7.95074E-01 8.94458E-01 9.83904E-01 9.93826E-01
 7.94328E+00 7.95183E-01 8.94581E-01 9.84039E-01 9.93956E-01
 8.03526E+00 7.95290E-01 8.94701E-01 9.84171E-01 9.94083E-01
 8.12831E+00 7.95395E-01 8.94819E-01 9.84301E-01 9.94207E-01
 8.22243E+00 7.95497E-01 8.94934E-01 9.84427E-01 9.94329E-01
 8.31764E+00 7.95597E-01 8.95046E-01 9.84551E-01 9.94449E-01
 8.41395E+00 7.95695E-01 8.95157E-01 9.84672E-01 9.94566E-01
 8.51138E+00 7.95790E-01 8.95264E-01 9.84791E-01 9.94681E-01
 8.60994E+00 7.95884E-01 8.95369E-01 9.84906E-01 9.94793E-01
 8.70964E+00 7.95975E-01 8.95472E-01 9.85020E-01 9.94904E-01
 8.81049E+00 7.96065E-01 8.95573E-01 9.85130E-01 9.95012E-01
 8.91251E+00 7.96153E-01 8.95672E-01 9.85239E-01 9.95117E-01
 9.01571E+00 7.96238E-01 8.95768E-01 9.85345E-01 9.95221E-01
 9.12011E+00 7.96322E-01 8.95862E-01 9.85448E-01 9.95323E-01
 9.22571E+00 7.96404E-01 8.95954E-01 9.85550E-01 9.95422E-01
 9.33254E+00 7.96484E-01 8.96044E-01 9.85649E-01 9.95520E-01
 9.44061E+00 7.96562E-01 8.96132E-01 9.85746E-01 9.95615E-01
 9.54993E+00 7.96639E-01 8.96219E-01 9.85841E-01 9.95709E-01
 9.66051E+00 7.96714E-01 8.96303E-01 9.85933E-01 9.95801E-01
 9.77237E+00 7.96787E-01 8.96385E-01 9.86024E-01 9.95891E-01
 9.88553E+00 7.96859E-01 8.96466E-01 9.86113E-01 9.95979E-01
 1.00000E+01 7.96929E-01 8.96545E-01 9.86199E-01 9.96065E-01
 1.01158E+01 7.96997E-01 8.96622E-01 9.86284E-01 9.96150E-01
 1.02329E+01 7.97064E-01 8.96697E-01 9.86367E-01 9.96233E-01
 1.03514E+01 7.97130E-01 8.96771E-01 9.86448E-01 9.96314E-01
 1.04713E+01 7.97194E-01 8.96843E-01 9.86527E-01 9.96393E-01
 1.05925E+01 7.97256E-01 8.96913E-01 9.86605E-01 9.96471E-01
 1.07152E+01 7.97318E-01 8.96982E-01 9.86681E-01 9.96548E-01
 1.08393E+01 7.97378E-01 8.97050E-01 9.86755E-01 9.96622E-01
 1.09648E+01 7.97436E-01 8.97116E-01 9.86827E-01 9.96696E-01
 1.10917E+01 7.97494E-01 8.97180E-01 9.86898E-01 9.96767E-01
 1.12202E+01 7.97550E-01 8.97243E-01 9.86968E-01 9.96837E-01
 1.13501E+01 7.97604E-01 8.97305E-01 9.87035E-01 9.96906E-01
 1.14815E+01 7.97658E-01 8.97365E-01 9.87102E-01 9.96973E-01
 1.16145E+01 7.97710E-01 8.97424E-01 9.87166E-01 9.97038E-01
 1.17490E+01 7.97761E-01 8.97482E-01 9.87230E-01 9.97102E-01
 1.18850E+01 7.97812E-01 8.97538E-01 9.87292E-01 9.97165E-01
 1.20226E+01 7.97861E-01 8.97593E-01 9.87352E-01 9.97226E-01
 1.21619E+01 7.97908E-01 8.97647E-01 9.87412E-01 9.97286E-01
 1.23027E+01 7.97955E-01 8.97700E-01 9.87470E-01 9.97344E-01
 1.24451E+01 7.98001E-01 8.97751E-01 9.87526E-01 9.97402E-01
 1.25893E+01 7.98046E-01 8.97802E-01 9.87582E-01 9.97458E-01
 1.27350E+01 7.98090E-01 8.97851E-01 9.87636E-01 9.97512E-01
 1.28825E+01 7.98132E-01 8.97899E-01 9.87689E-01 9.97566E-01
 1.30317E+01 7.98174E-01 8.97946E-01 9.87741E-01 9.97618E-01
 1.31826E+01 7.98215E-01 8.97992E-01 9.87791E-01 9.97669E-01
 1.33352E+01 7.98255E-01 8.98037E-01 9.87841E-01 9.97719E-01
 1.34896E+01 7.98294E-01 8.98081E-01 9.87889E-01 9.97768E-01
 1.36458E+01 7.98333E-01 8.98124E-01 9.87937E-01 9.97816E-01
 1.38038E+01 7.98370E-01 8.98166E-01 9.87983E-01 9.97863E-01
 1.39637E+01 7.98407E-01 8.98207E-01 9.88028E-01 9.97908E-01
 1.41254E+01 7.98442E-01 8.98248E-01 9.88072E-01 9.97953E-01
 1.42889E+01 7.98477E-01 8.98287E-01 9.88116E-01 9.97997E-01
 1.44544E+01 7.98511E-01 8.98325E-01 9.88158E-01 9.98039E-01
 1.46218E+01 7.98545E-01 8.98363E-01 9.88199E-01 9.98081E-01
 1.47911E+01 7.98577E-01 8.98400E-01 9.88240E-01 9.98122E-01
 1.49624E+01 7.98609E-01 8.98436E-01 9.88279E-01 9.98162E-01
 1.51356E+01 7.98641E-01 8.98471E-01 9.88318E-01 9.98201E-01
 1.53109E+01 7.98671E-01 8.98505E-01 9.88356E-01 9.98239E-01
 1.54882E+01 7.98701E-01 8.98539E-01 9.88393E-01 9.98276E-01
 1.56675E+01 7.98730E-01 8.98571E-01 9.88429E-01 9.98313E-01
 1.58489E+01 7.98759E-01 8.98604E-01 9.88464E-01 9.98349E-01
 1.60325E+01 7.98787E-01 8.98635E-01 9.88498E-01 9.98383E-01
 1.62181E+01 7.98814E-01 8.98666E-01 9.88532E-01 9.98418E-01
 1.64059E+01 7.98841E-01 8.98696E-01 9.88565E-01 9.98451E-01
 1.65959E+01 7.98867E-01 8.98725E-01 9.88597E-01 9.98483E-01
 1.67880E+01 7.98892E-01 8.98754E-01 9.88629E-01 9.98515E-01
 1.69824E+01 7.98917E-01 8.98782E-01 9.88660E-01 9.98546E-01
 1.71791E+01 7.98941E-01 8.98809E-01 9.88690E-01 9.98577E-01
 1.73780E+01 7.98965E-01 8.98836E-01 9.88719E-01 9.98607E-01
 1.75792E+01 7.98988E-01 8.98862E-01 9.88748E-01 9.98636E-01
 1.77828E+01 7.99011E-01 8.98888E-01 9.88776E-01 9.98664E-01
 1.79887E+01 7.99034E-01 8.98913E-01 9.88804E-01 9.98692E-01
 1.81970E+01 7.99055E-01 8.98937E-01 9.88831E-01 9.98719E-01
 1.84077E+01 7.99077E-01 8.98961E-01 9.88857E-01 9.98746E-01
 1.86209E+01 7.99097E-01 8.98984E-01 9.88883E-01 9.98772E-01
 1.88365E+01 7.99118E-01 8.99007E-01 9.88908E-01 9.98797E-01
 1.90546E+01 7.99138E-01 8.99030E-01 9.88933E-01 9.98822E-01
 1.92752E+01 7.99157E-01 8.99052E-01 9.88957E-01 9.98846E-01
 1.94984E+01 7.99176E-01 8.99073E-01 9.88980E-01 9.98870E-01
 1.97242E+01 7.99194E-01 8.99094E-01 9.89003E-01 9.98893E-01
 1.99526E+01 7.99213E-01 8.99114E-01 9.89026E-01 9.98916E-01
 2.01837E+01 7.99230E-01 8.99134E-01 9.89048E-01 9.98938E-01
 2.04174E+01 7.99248E-01 8.99154E-01 9.89069E-01 9.98960E-01
 2.06538E+01 7.99265E-01 8.99173E-01 9.89090E-01 9.98981E-01
 2.08930E+01 7.99281E-01 8.99191E-01 9.89111E-01 9.99002E-01
 2.11349E+01 7.99297E-01 8.99210E-01 9.89131E-01 9.99022E-01
 2.13796E+01 7.99313E-01 8.99227E-01 9.89150E-01 9.99042E-01
 2.16272E+01 7.99329E-01 8.99245E-01 9.89169E-01 9.99061E-01
 2.18776E+01 7.99344E-01 8.99262E-01 9.89188E-01 9.99080E-01
 2.21309E+01 7.99359E-01 8.99279E-01 9.89206E-01 9.99098E-01
 2.23872E+01 7.99373E-01 8.99295E-01 9.89224E-01 9.99117E-01
 2.26464E+01 7.99387E-01 8.99311E-01 9.89242E-01 9.99134E-01
 2.29087E+01 7.99401E-01 8.99326E-01 9.89259E-01 9.99152E-01
 2.31739E+01 7.99415E-01 8.99341E-01 9.89276E-01 9.99168E-01
 2.34423E+01 7.99428E-01 8.99356E-01 9.89292E-01 9.99185E-01
 2.37137E+01 7.99441E-01 8.99371E-01 9.89308E-01 9.99201E-01
 2.39883E+01 7.99453E-01 8.99385E-01 9.89324E-01 9.99217E-01
 2.42661E+01 7.99466E-01 8.99399E-01 9.89339E-01 9.99232E-01
 2.45471E+01 7.99478E-01 8.99413E-01 9.89354E-01 9.99247E-01
 2.48313E+01 7.99490E-01 8.99426E-01 9.89368E-01 9.99262E-01
 2.51189E+01 7.99501E-01 8.99439E-01 9.89383E-01 9.99276E-01
 2.54097E+01 7.99512E-01 8.99451E-01 9.89397E-01 9.99291E-01
 2.57040E+01 7.99523E-01 8.99464E-01 9.89410E-01 9.99304E-01
 2.60016E+01 7.99534E-01 8.99476E-01 9.89424E-01 9.99318E-01
 2.63027E+01 7.99545E-01 8.99488E-01 9.89437E-01 9.99331E-01
 2.66073E+01 7.99555E-01 8.99499E-01 9.89449E-01 9.99344E-01
 2.69153E+01 7.99565E-01 8.99511E-01 9.89462E-01 9.99356E-01
 2.72270E+01 7.99575E-01 8.99522E-01 9.89474E-01 9.99369E-01
 2.75423E+01 7.99584E-01 8.99532E-01 9.89486E-01 9.99381E-01
 2.78612E+01 7.99594E-01 8.99543E-01 9.89497E-01 9.99392E-01
 2.81838E+01 7.99603E-01 8.99553E-01 9.89509E-01 9.99404E-01
 2.85102E+01 7.99612E-01 8.99563E-01 9.89520E-01 9.99415E-01
 2.88403E+01 7.99621E-01 8.99573E-01 9.89531E-01 9.99426E-01
 2.91743E+01 7.99629E-01 8.99583E-01 9.89541E-01 9.99437E-01
 2.95121E+01 7.99638E-01 8.99592E-01 9.89552E-01 9.99447E-01
 2.98538E+01 7.99646E-01 8.99602E-01 9.89562E-01 9.99457E-01
 3.01995E+01 7.99654E-01 8.99611E-01 9.89572E-01 9.99467E-01
 3.05492E+01 7.99662E-01 8.99619E-01 9.89581E-01 9.99477E-01
 3.09030E+01 7.99669E-01 8.99628E-01 9.89591E-01 9.99487E-01
 3.12608E+01 7.99677E-01 8.99636E-01 9.89600E-01 9.99496E-01
 3.16228E+01 7.99684E-01 8.99645E-01 9.89609E-01 9.99505E-01
 3.19890E+01 7.99691E-01 8.99653E-01 9.89618E-01 9.99514E-01
 3.23594E+01 7.99698E-01 8.99661E-01 9.89627E-01 9.99523E-01
 3.27341E+01 7.99705E-01 8.99668E-01 9.89635E-01 9.99531E-01
 3.31131E+01 7.99712E-01 8.99676E-01 9.89643E-01 9.99540E-01
 3.34965E+01 7.99718E-01 8.99683E-01 9.89651E-01 9.99548E-01
 3.38844E+01 7.99725E-01 8.99690E-01 9.89659E-01 9.99556E-01
 3.42768E+01 7.99731E-01 8.99697E-01 9.89667E-01 9.99564E-01
 3.46737E+01 7.99737E-01 8.99704E-01 9.89675E-01 9.99571E-01
 3.50752E+01 7.99743E-01 8.99711E-01 9.89682E-01 9.99579E-01
 3.54813E+01 7.99749E-01 8.99717E-01 9.89689E-01 9.99586E-01
 3.58922E+01 7.99754E-01 8.99724E-01 9.89696E-01 9.99593E-01
 3.63078E+01 7.99760E-01 8.99730E-01 9.89703E-01 9.99600E-01
 3.67282E+01 7.99765E-01 8.99736E-01 9.89710E-01 9.99607E-01
 3.71535E+01 7.99771E-01 8.99742E-01 9.89716E-01 9.99613E-01
 3.75837E+01 7.99776E-01 8.99748E-01 9.89723E-01 9.99620E-01
 3.80189E+01 7.99781E-01 8.99754E-01 9.89729E-01 9.99626E-01
 3.84592E+01 7.99786E-01 8.99759E-01 9.89735E-01 9.99632E-01
 3.89045E+01 7.99791E-01 8.99765E-01 9.89741E-01 9.99639E-01
 3.93550E+01 7.99796E-01 8.99770E-01 9.89747E-01 9.99644E-01
 3.98107E+01 7.99800E-01 8.99775E-01 9.89753E-01 9.99650E-01
 4.02717E+01 7.99805E-01 8.99780E-01 9.89758E-01 9.99656E-01
 4.07380E+01 7.99809E-01 8.99785E-01 9.89764E-01 9.99661E-01
 4.12098E+01 7.99813E-01 8.99790E-01 9.89769E-01 9.99667E-01
 4.16869E+01 7.99818E-01 8.99795E-01 9.89774E-01 9.99672E-01
 4.21697E+01 7.99822E-01 8.99800E-01 9.89779E-01 9.99677E-01
 4.26580E+01 7.99826E-01 8.99804E-01 9.89784E-01 9.99682E-01
 4.31519E+01 7.99830E-01 8.99809E-01 9.89789E-01 9.99687E-01
 4.36516E+01 7.99834E-01 8.99813E-01 9.89794E-01 9.99692E-01
 4.41570E+01 7.99837E-01 8.99817E-01 9.89799E-01 9.99697E-01
 4.46684E+01 7.99841E-01 8.99821E-01 9.89803E-01 9.99701E-01
 4.51856E+01 7.99845E-01 8.99825E-01 9.89808E-01 9.99706E-01
 4.57088E+01 7.99848E-01 8.99829E-01 9.89812E-01 9.99710E-01
 4.62381E+01 7.99852E-01 8.99833E-01 9.89816E-01 9.99715E-01
 4.67735E+01 7.99855E-01 8.99837E-01 9.89821E-01 9.99719E-01
 4.73151E+01 7.99858E-01 8.99841E-01 9.89825E-01 9.99723E-01
 4.78630E+01 7.99862E-01 8.99844E-01 9.89829E-01 9.99727E-01
 4.84172E+01 7.99865E-01 8.99848E-01 9.89833E-01 9.99731E-01
 4.89779E+01 7.99868E-01 8.99851E-01 9.89836E-01 9.99735E-01
 4.95450E+01 7.99871E-01 8.99855E-01 9.89840E-01 9.99738E-01
 5.01187E+01 7.99874E-01 8.99858E-01 9.89844E-01 9.99742E-01
 5.06991E+01 7.99877E-01 8.99861E-01 9.89847E-01 9.99746E-01
 5.12861E+01 7.99879E-01 8.99864E-01 9.89851E-01 9.99749E-01
 5.18800E+01 7.99882E-01 8.99867E-01 9.89854E-01 9.99753E-01
 5.24807E+01 7.99885E-01 8.99870E-01 9.89857E-01 9.99756E-01
 5.30884E+01 7.99887E-01 8.99873E-01 9.89861E-01 9.99759E-01
 5.37032E+01 7.99890E-01 8.99876E-01 9.89864E-01 9.99762E-01
 5.43250E+01 7.99892E-01 8.99879E-01 9.89867E-01 9.99766E-01
 5.49541E+01 7.99895E-01 8.99882E-01 9.89870E-01 9.99769E-01
 5.55904E+01 7.99897E-01 8.99884E-01 9.89873E-01 9.99772E-01
 5.62341E+01 7.99900E-01 8.99887E-01 9.89876E-01 9.99774E-01
 5.68853E+01 7.99902E-01 8.99890E-01 9.89879E-01 9.99777E-01
 5.75440E+01 7.99904E-01 8.99892E-01 9.89881E-01 9.99780E-01
 5.82103E+01 7.99906E-01 8.99895E-01 9.89884E-01 9.99783E-01
 5.88844E+01 7.99908E-01 8.99897E-01 9.89887E-01 9.99785E-01
 5.95662E+01 7.99910E-01 8.99899E-01 9.89889E-01 9.99788E-01
 6.02560E+01 7.99912E-01 8.99902E-01 9.89892E-01 9.99791E-01
 6.09537E+01 7.99914E-01 8.99904E-01 9.89894E-01 9.99793E-01
 6.16595E+01 7.99916E-01 8.99906E-01 9.89897E-01 9.99796E-01
 6.23735E+01 7.99918E-01 8.99908E-01 9.89899E-01 9.99798E-01
 6.30957E+01 7.99920E-01 8.99910E-01 9.89901E-01 9.99800E-01
 6.38263E+01 7.99922E-01 8.99912E-01 9.89903E-01 9.99802E-01
 6.45654E+01 7.99924E-01 8.99914E-01 9.89906E-01 9.99805E-01
 6.53131E+01 7.99925E-01 8.99916E-01 9.89908E-01 9.99807E-01
 6.60693E+01 7.99927E-01 8.99918E-01 9.89910E-01 9.99809E-01
 6.68344E+01 7.99929E-01 8.99920E-01 9.89912E-01 9.99811E-01
 6.76083E+01 7.99930E-01 8.99922E-01 9.89914E-01 9.99813E-01
 6.83912E+01 7.99932E-01 8.99923E-01 9.89916E-01 9.99815E-01
 6.91831E+01 7.99934E-01 8.99925E-01 9.89918E-01 9.99817E-01
 6.99842E+01 7.99935E-01 8.99927E-01 9.89920E-01 9.99819E-01
 7.07946E+01 7.99937E-01 8.99929E-01 9.89921E-01 9.99821E-01
 7.16143E+01 7.99938E-01 8.99930E-01 9.89923E-01 9.99822E-01
 7.24436E+01 7.99939E-01 8.99932E-01 9.89925E-01 9.99824E-01
 7.32825E+01 7.99941E-01 8.99933E-01 9.89927E-01 9.99826E-01
 7.41310E+01 7.99942E-01 8.99935E-01 9.89928E-01 9.99828E-01
 7.49894E+01 7.99943E-01 8.99936E-01 9.89930E-01 9.99829E-01
 7.58578E+01 7.99945E-01 8.99938E-01 9.89932E-01 9.99831E-01
 7.67361E+01 7.99946E-01 8.99939E-01 9.89933E-01 9.99832E-01
 7.76247E+01 7.99947E-01 8.99941E-01 9.89935E-01 9.99834E-01
 7.85236E+01 7.99948E-01 8.99942E-01 9.89936E-01 9.99835E-01
 7.94328E+01 7.99950E-01 8.99943E-01 9.89938E-01 9.99837E-01
 8.03526E+01 7.99951E-01 8.99945E-01 9.89939E-01 9.99838E-01
 8.12831E+01 7.99952E-01 8.99946E-01 9.89940E-01 9.99840E-01
 8.22243E+01 7.99953E-01 8.99947E-01 9.89942E-01 9.99841E-01
 8.31764E+01 7.99954E-01 8.99948E-01 9.89943E-01 9.99842E-01
 8.41395E+01 7.99955E-01 8.99949E-01 9.89944E-01 9.99844E-01
 8.51138E+01 7.99956E-01 8.99951E-01 9.89946E-01 9.99845E-01
 8.60994E+01 7.99957E-01 8.99952E-01 9.89947E-01 9.99846E-01
 8.70964E+01 7.99958E-01 8.99953E-01 9.89948E-01 9.99848E-01
 8.81049E+01 7.99959E-01 8.99954E-01 9.89949E-01 9.99849E-01
 8.91251E+01 7.99960E-01 8.99955E-01 9.89950E-01 9.99850E-01
 9.01571E+01 7.99961E-01 8.99956E-01 9.89952E-01 9.99851E-01
 9.12011E+01 7.99962E-01 8.99957E-01 9.89953E-01 9.99852E-01
 9.22571E+01 7.99963E-01 8.99958E-01 9.89954E-01 9.99853E-01
 9.33254E+01 7.99963E-01 8.99959E-01 9.89955E-01 9.99854E-01
 9.44061E+01 7.99964E-01 8.99960E-01 9.89956E-01 9.99855E-01
 9.54993E+01 7.99965E-01 8.99961E-01 9.89957E-01 9.99856E-01
 9.66051E+01 7.99966E-01 8.99962E-01 9.89958E-01 9.99857E-01
 9.77237E+01 7.99967E-01 8.99962E-01 9.89959E-01 9.99858E-01
 9.88553E+01 7.99967E-01 8.99963E-01 9.89960E-01 9.99859E-01
 1.00000E+02 7.99968E-01 8.99964E-01 9.89961E-01 9.99860E-01
