 1.00000E-02 1.73034E-01 2.01945E-01 2.31150E-01 2.34626E-01
 2.00000E-02 1.80773E-01 2.11157E-01 2.42106E-01 2.45808E-01
 3.00000E-02 1.89368E-01 2.21252E-01 2.53966E-01 2.57908E-01
 4.00000E-02 1.98641E-01 2.32025E-01 2.66505E-01 2.70692E-01
 5.00000E-02 2.08426E-01 2.43300E-01 2.79526E-01 2.83960E-01
 6.00000E-02 2.18584E-01 2.54926E-01 2.92864E-01 2.97544E-01
 7.00000E-02 2.28996E-01 2.66776E-01 3.06382E-01 3.11305E-01
 8.00000E-02 2.39565E-01 2.78748E-01 3.19969E-01 3.25132E-01
 9.00000E-02 2.50209E-01 2.90757E-01 3.33534E-01 3.38932E-01
 1.00000E-01 2.60863E-01 3.02738E-01 3.47007E-01 3.52634E-01
 1.10000E-01 2.71478E-01 3.14638E-01 3.60333E-01 3.66181E-01
 1.20000E-01 2.82012E-01 3.26418E-01 3.73471E-01 3.79530E-01
 1.30000E-01 2.92435E-01 3.38045E-01 3.86386E-01 3.92648E-01
 1.40000E-01 3.02724E-01 3.49499E-01 3.99057E-01 4.05510E-01
 1.50000E-01 3.12861E-01 3.60759E-01 4.11467E-01 4.18099E-01
 1.60000E-01 3.22831E-01 3.71815E-01 4.23603E-01 4.30403E-01
 1.70000E-01 3.32625E-01 3.82657E-01 4.35459E-01 4.42414E-01
 1.80000E-01 3.42236E-01 3.93278E-01 4.47030E-01 4.54126E-01
 1.90000E-01 3.51659E-01 4.03675E-01 4.58315E-01 4.65539E-01
 2.00000E-01 3.60889E-01 4.13846E-01 4.69314E-01 4.76654E-01
 2.10000E-01 3.69927E-01 4.23791E-01 4.80029E-01 4.87472E-01
 2.20000E-01 3.78770E-01 4.33510E-01 4.90465E-01 4.97997E-01
 2.30000E-01 3.87420E-01 4.43005E-01 5.00626E-01 5.08235E-01
 2.40000E-01 3.95878E-01 4.52278E-01 5.10516E-01 5.18191E-01
 2.50000E-01 4.04145E-01 4.61333E-01 5.20142E-01 5.27871E-01
 2.60000E-01 4.12223E-01 4.70173E-01 5.29510E-01 5.37283E-01
 2.70000E-01 4.20117E-01 4.78802E-01 5.38626E-01 5.46433E-01
 2.80000E-01 4.27828E-01 4.87225E-01 5.47498E-01 5.55328E-01
 2.90000E-01 4.35359E-01 4.95446E-01 5.56132E-01 5.63977E-01
 3.00000E-01 4.42715E-01 5.03470E-01 5.64535E-01 5.72387E-01
 3.10000E-01 4.49899E-01 5.11300E-01 5.72713E-01 5.80564E-01
 3.20000E-01 4.56914E-01 5.18943E-01 5.80674E-01 5.88517E-01
 3.30000E-01 4.63764E-01 5.26402E-01 5.88424E-01 5.96253E-01
 3.40000E-01 4.70453E-01 5.33683E-01 5.95970E-01 6.03777E-01
 3.50000E-01 4.76985E-01 5.40791E-01 6.03318E-01 6.11099E-01
 3.60000E-01 4.83362E-01 5.47728E-01 6.10474E-01 6.18223E-01
 3.70000E-01 4.89589E-01 5.54502E-01 6.17445E-01 6.25157E-01
 3.80000E-01 4.96773E-01 5.61114E-01 6.24236E-01 6.31907E-01
 3.90000E-01 5.04085E-01 5.67571E-01 6.30853E-01 6.38478E-01
 4.00000E-01 5.11186E-01 5.75085E-01 6.37303E-01 6.44878E-01
 4.10000E-01 5.18083E-01 5.82843E-01 6.43589E-01 6.51110E-01
 4.20000E-01 5.24781E-01 5.90378E-01 6.49717E-01 6.57182E-01
 4.30000E-01 5.31285E-01 5.97696E-01 6.57466E-01 6.64040E-01
 4.40000E-01 5.37603E-01 6.04803E-01 6.65283E-01 6.71936E-01
 4.50000E-01 5.43738E-01 6.11705E-01 6.72876E-01 6.79605E-01
 4.60000E-01 5.49697E-01 6.18409E-01 6.80250E-01 6.87052E-01
 4.70000E-01 5.55484E-01 6.24920E-01 6.87412E-01 6.94286E-01
 4.80000E-01 5.61106E-01 6.31244E-01 6.94368E-01 7.01312E-01
 4.90000E-01 5.66566E-01 6.37387E-01 7.01125E-01 7.08136E-01
 5.00000E-01 5.71870E-01 6.43354E-01 7.07689E-01 7.14766E-01
 5.10000E-01 5.77022E-01 6.49150E-01 7.14065E-01 7.21206E-01
 5.20000E-01 5.82028E-01 6.54782E-01 7.20260E-01 7.27462E-01
 5.30000E-01 5.86892E-01 6.60253E-01 7.26278E-01 7.33541E-01
 5.40000E-01 5.91617E-01 6.65569E-01 7.32126E-01 7.39447E-01
 5.50000E-01 5.96209E-01 6.70735E-01 7.37809E-01 7.45187E-01
 5.60000E-01 6.00671E-01 6.75755E-01 7.43331E-01 7.50764E-01
 5.70000E-01 6.05008E-01 6.80634E-01 7.48698E-01 7.56185E-01
 5.80000E-01 6.09223E-01 6.85376E-01 7.53914E-01 7.61453E-01
 5.90000E-01 6.13321E-01 6.89986E-01 7.58985E-01 7.66575E-01
 6.00000E-01 6.17304E-01 6.94468E-01 7.63914E-01 7.71553E-01
 6.10000E-01 6.21177E-01 6.98825E-01 7.68707E-01 7.76394E-01
 6.20000E-01 6.24943E-01 7.03061E-01 7.73367E-01 7.81101E-01
 6.30000E-01 6.28605E-01 7.07181E-01 7.77899E-01 7.85678E-01
 6.40000E-01 6.32167E-01 7.11188E-01 7.82307E-01 7.90130E-01
 6.50000E-01 6.35632E-01 7.15086E-01 7.86594E-01 7.94460E-01
 6.60000E-01 6.39002E-01 7.18877E-01 7.90765E-01 7.98672E-01
 6.70000E-01 6.42280E-01 7.22566E-01 7.94822E-01 8.02770E-01
 6.80000E-01 6.45471E-01 7.26155E-01 7.98770E-01 8.06758E-01
 6.90000E-01 6.48575E-01 7.29647E-01 8.02612E-01 8.10638E-01
 7.00000E-01 6.51597E-01 7.33047E-01 8.06351E-01 8.14415E-01
 7.10000E-01 6.54538E-01 7.36355E-01 8.09991E-01 8.18091E-01
 7.20000E-01 6.57401E-01 7.39577E-01 8.13534E-01 8.21670E-01
 7.30000E-01 6.60189E-01 7.42713E-01 8.16984E-01 8.25154E-01
 7.40000E-01 6.62904E-01 7.45767E-01 8.20343E-01 8.28547E-01
 7.50000E-01 6.65547E-01 7.48741E-01 8.23615E-01 8.31851E-01
 7.60000E-01 6.68122E-01 7.51637E-01 8.26801E-01 8.35069E-01
 7.70000E-01 6.70630E-01 7.54459E-01 8.29905E-01 8.38204E-01
 7.80000E-01 6.73074E-01 7.57208E-01 8.32929E-01 8.41258E-01
 7.90000E-01 6.75455E-01 7.59887E-01 8.35876E-01 8.44234E-01
 8.00000E-01 6.77775E-01 7.62497E-01 8.38747E-01 8.47135E-01
 8.10000E-01 6.80037E-01 7.65042E-01 8.41546E-01 8.49961E-01
 8.20000E-01 6.82242E-01 7.67522E-01 8.44274E-01 8.52717E-01
 8.30000E-01 6.84391E-01 7.69940E-01 8.46934E-01 8.55403E-01
 8.40000E-01 6.86486E-01 7.72297E-01 8.49527E-01 8.58022E-01
 8.50000E-01 6.88530E-01 7.74596E-01 8.52056E-01 8.60576E-01
 8.60000E-01 6.90523E-01 7.76838E-01 8.54522E-01 8.63067E-01
 8.70000E-01 6.92467E-01 7.79025E-01 8.56928E-01 8.65497E-01
 8.80000E-01 6.94364E-01 7.81159E-01 8.59275E-01 8.67868E-01
 8.90000E-01 6.96214E-01 7.83241E-01 8.61565E-01 8.70180E-01
 9.00000E-01 6.98020E-01 7.85272E-01 8.63799E-01 8.72437E-01
 9.10000E-01 6.99782E-01 7.87255E-01 8.65980E-01 8.74640E-01
 9.20000E-01 7.01502E-01 7.89190E-01 8.68109E-01 8.76790E-01
 9.30000E-01 7.03181E-01 7.91079E-01 8.70187E-01 8.78889E-01
 9.40000E-01 7.04821E-01 7.92924E-01 8.72216E-01 8.80938E-01
 9.50000E-01 7.06422E-01 7.94725E-01 8.74197E-01 8.82939E-01
 9.60000E-01 7.07985E-01 7.96484E-01 8.76132E-01 8.84893E-01
 9.70000E-01 7.09513E-01 7.98202E-01 8.78022E-01 8.86802E-01
 9.80000E-01 7.11004E-01 7.99880E-01 8.79868E-01 8.88667E-01
 9.90000E-01 7.12462E-01 8.01520E-01 8.81672E-01 8.90488E-01
 1.00000E+00 7.13886E-01 8.03122E-01 8.83434E-01 8.92268E-01
 1.01158E+00 7.15495E-01 8.04931E-01 8.85424E-01 8.94279E-01
 1.02329E+00 7.17079E-01 8.06714E-01 8.87385E-01 8.96259E-01
 1.03514E+00 7.18639E-01 8.08469E-01 8.89316E-01 8.98210E-01
 1.04713E+00 7.20176E-01 8.10198E-01 8.91218E-01 9.00130E-01
 1.05925E+00 7.21689E-01 8.11900E-01 8.93090E-01 9.02021E-01
 1.07152E+00 7.23179E-01 8.13576E-01 8.94934E-01 9.03883E-01
 1.08393E+00 7.24645E-01 8.15225E-01 8.96748E-01 9.05715E-01
 1.09648E+00 7.26088E-01 8.16849E-01 8.98534E-01 9.07519E-01
 1.10917E+00 7.27508E-01 8.18447E-01 9.00291E-01 9.09294E-01
 1.12202E+00 7.28906E-01 8.20019E-01 9.02021E-01 9.11041E-01
 1.13501E+00 7.30280E-01 8.21565E-01 9.03722E-01 9.12759E-01
 1.14815E+00 7.31633E-01 8.23087E-01 9.05396E-01 9.14450E-01
 1.16145E+00 7.32963E-01 8.24584E-01 9.07042E-01 9.16113E-01
 1.17490E+00 7.34272E-01 8.26056E-01 9.08662E-01 9.17748E-01
 1.18850E+00 7.35559E-01 8.27504E-01 9.10254E-01 9.19357E-01
 1.20226E+00 7.36824E-01 8.28927E-01 9.11820E-01 9.20938E-01
 1.21619E+00 7.38068E-01 8.30327E-01 9.13359E-01 9.22493E-01
 1.23027E+00 7.39291E-01 8.31703E-01 9.14873E-01 9.24022E-01
 1.24451E+00 7.40494E-01 8.33055E-01 9.16361E-01 9.25524E-01
 1.25893E+00 7.41675E-01 8.34385E-01 9.17823E-01 9.27001E-01
 1.27350E+00 7.42837E-01 8.35691E-01 9.19260E-01 9.28453E-01
 1.28825E+00 7.43978E-01 8.36975E-01 9.20672E-01 9.29879E-01
 1.30317E+00 7.45099E-01 8.38236E-01 9.22060E-01 9.31281E-01
 1.31826E+00 7.46201E-01 8.39476E-01 9.23423E-01 9.32658E-01
 1.33352E+00 7.47283E-01 8.40693E-01 9.24763E-01 9.34010E-01
 1.34896E+00 7.48346E-01 8.41889E-01 9.26078E-01 9.35339E-01
 1.36458E+00 7.49390E-01 8.43064E-01 9.27371E-01 9.36644E-01
 1.38038E+00 7.50416E-01 8.44218E-01 9.28640E-01 9.37926E-01
 1.39637E+00 7.51423E-01 8.45351E-01 9.29886E-01 9.39185E-01
 1.41254E+00 7.52412E-01 8.46463E-01 9.31109E-01 9.40420E-01
 1.42889E+00 7.53382E-01 8.47555E-01 9.32311E-01 9.41634E-01
 1.44544E+00 7.54336E-01 8.48628E-01 9.33490E-01 9.42825E-01
 1.46218E+00 7.55271E-01 8.49680E-01 9.34648E-01 9.43995E-01
 1.47911E+00 7.56190E-01 8.50713E-01 9.35785E-01 9.45143E-01
 1.49624E+00 7.57091E-01 8.51727E-01 9.36900E-01 9.46269E-01
 1.51356E+00 7.57976E-01 8.52723E-01 9.37995E-01 9.47375E-01
 1.53109E+00 7.58844E-01 8.53699E-01 9.39069E-01 9.48460E-01
 1.54882E+00 7.59696E-01 8.54658E-01 9.40123E-01 9.49525E-01
 1.56675E+00 7.60532E-01 8.55598E-01 9.41158E-01 9.50569E-01
 1.58489E+00 7.61352E-01 8.56521E-01 9.42173E-01 9.51594E-01
 1.60325E+00 7.62156E-01 8.57426E-01 9.43168E-01 9.52600E-01
 1.62181E+00 7.62945E-01 8.58313E-01 9.44145E-01 9.53586E-01
 1.64059E+00 7.63719E-01 8.59184E-01 9.45103E-01 9.54554E-01
 1.65959E+00 7.64478E-01 8.60038E-01 9.46042E-01 9.55502E-01
 1.67880E+00 7.65223E-01 8.60876E-01 9.46963E-01 9.56433E-01
 1.69824E+00 7.65953E-01 8.61697E-01 9.47867E-01 9.57346E-01
 1.71791E+00 7.66669E-01 8.62503E-01 9.48753E-01 9.58241E-01
 1.73780E+00 7.67371E-01 8.63293E-01 9.49622E-01 9.59118E-01
 1.75792E+00 7.68060E-01 8.64067E-01 9.50474E-01 9.59978E-01
 1.77828E+00 7.68734E-01 8.64826E-01 9.51309E-01 9.60822E-01
 1.79887E+00 7.69396E-01 8.65571E-01 9.52128E-01 9.61649E-01
 1.81970E+00 7.70045E-01 8.66300E-01 9.52930E-01 9.62460E-01
 1.84077E+00 7.70680E-01 8.67015E-01 9.53717E-01 9.63254E-01
 1.86209E+00 7.71303E-01 8.67716E-01 9.54488E-01 9.64033E-01
 1.88365E+00 7.71914E-01 8.68403E-01 9.55244E-01 9.64796E-01
 1.90546E+00 7.72513E-01 8.69077E-01 9.55984E-01 9.65544E-01
 1.92752E+00 7.73099E-01 8.69737E-01 9.56710E-01 9.66277E-01
 1.94984E+00 7.73674E-01 8.70383E-01 9.57422E-01 9.66996E-01
 1.97242E+00 7.74237E-01 8.71017E-01 9.58119E-01 9.67700E-01
 1.99526E+00 7.74789E-01 8.71638E-01 9.58802E-01 9.68390E-01
 2.01837E+00 7.75330E-01 8.72246E-01 9.59471E-01 9.69065E-01
 2.04174E+00 7.75860E-01 8.72842E-01 9.60126E-01 9.69727E-01
 2.06538E+00 7.76379E-01 8.73426E-01 9.60768E-01 9.70376E-01
 2.08930E+00 7.76887E-01 8.73998E-01 9.61398E-01 9.71012E-01
 2.11349E+00 7.77385E-01 8.74558E-01 9.62014E-01 9.71634E-01
 2.13796E+00 7.77873E-01 8.75107E-01 9.62618E-01 9.72244E-01
 2.16272E+00 7.78351E-01 8.75644E-01 9.63209E-01 9.72841E-01
 2.18776E+00 7.78819E-01 8.76171E-01 9.63788E-01 9.73426E-01
 2.21309E+00 7.79277E-01 8.76686E-01 9.64355E-01 9.73999E-01
 2.23872E+00 7.79726E-01 8.77191E-01 9.64911E-01 9.74560E-01
 2.26464E+00 7.80165E-01 8.77686E-01 9.65455E-01 9.75109E-01
 2.29087E+00 7.80596E-01 8.78170E-01 9.65987E-01 9.75647E-01
 2.31739E+00 7.81017E-01 8.78644E-01 9.66509E-01 9.76174E-01
 2.34423E+00 7.81430E-01 8.79109E-01 9.67020E-01 9.76690E-01
 2.37137E+00 7.81834E-01 8.79564E-01 9.67520E-01 9.77195E-01
 2.39883E+00 7.82230E-01 8.80009E-01 9.68010E-01 9.77690E-01
 2.42661E+00 7.82617E-01 8.80445E-01 9.68489E-01 9.78174E-01
 2.45471E+00 7.82997E-01 8.80871E-01 9.68958E-01 9.78648E-01
 2.48313E+00 7.83368E-01 8.81289E-01 9.69418E-01 9.79112E-01
 2.51189E+00 7.83732E-01 8.81698E-01 9.69868E-01 9.79566E-01
 2.54097E+00 7.84087E-01 8.82098E-01 9.70308E-01 9.80011E-01
 2.57040E+00 7.84436E-01 8.82490E-01 9.70739E-01 9.80447E-01
 2.60016E+00 7.84777E-01 8.82874E-01 9.71161E-01 9.80873E-01
 2.63027E+00 7.85110E-01 8.83249E-01 9.71574E-01 9.81290E-01
 2.66073E+00 7.85437E-01 8.83617E-01 9.71978E-01 9.81698E-01
 2.69153E+00 7.85757E-01 8.83976E-01 9.72374E-01 9.82098E-01
 2.72270E+00 7.86070E-01 8.84329E-01 9.72761E-01 9.82489E-01
 2.75423E+00 7.86376E-01 8.84673E-01 9.73140E-01 9.82872E-01
 2.78612E+00 7.86676E-01 8.85010E-01 9.73511E-01 9.83246E-01
 2.81838E+00 7.86969E-01 8.85340E-01 9.73874E-01 9.83613E-01
 2.85102E+00 7.87256E-01 8.85663E-01 9.74230E-01 9.83972E-01
 2.88403E+00 7.87537E-01 8.85979E-01 9.74577E-01 9.84323E-01
 2.91743E+00 7.87812E-01 8.86289E-01 9.74917E-01 9.84667E-01
 2.95121E+00 7.88081E-01 8.86591E-01 9.75250E-01 9.85003E-01
 2.98538E+00 7.88344E-01 8.86887E-01 9.75576E-01 9.85332E-01
 3.01995E+00 7.88602E-01 8.87177E-01 9.75895E-01 9.85654E-01
 3.05492E+00 7.88854E-01 8.87461E-01 9.76207E-01 9.85969E-01
 3.09030E+00 7.89100E-01 8.87738E-01 9.76512E-01 9.86277E-01
 3.12608E+00 7.89342E-01 8.88009E-01 9.76810E-01 9.86578E-01
 3.16228E+00 7.89578E-01 8.88275E-01 9.77102E-01 9.86873E-01
 3.19890E+00 7.89809E-01 8.88535E-01 9.77388E-01 9.87162E-01
 3.23594E+00 7.90035E-01 8.88789E-01 9.77668E-01 9.87444E-01
 3.27341E+00 7.90256E-01 8.89037E-01 9.77941E-01 9.87721E-01
 3.31131E+00 7.90472E-01 8.89281E-01 9.78209E-01 9.87991E-01
 3.34965E+00 7.90683E-01 8.89519E-01 9.78471E-01 9.88255E-01
 3.38844E+00 7.90890E-01 8.89752E-01 9.78727E-01 9.88514E-01
 3.42768E+00 7.91093E-01 8.89979E-01 9.78977E-01 9.88767E-01
 3.46737E+00 7.91291E-01 8.90202E-01 9.79222E-01 9.89014E-01
 3.50752E+00 7.91484E-01 8.90420E-01 9.79462E-01 9.89257E-01
 3.54813E+00 7.91674E-01 8.90633E-01 9.79696E-01 9.89493E-01
 3.58922E+00 7.91859E-01 8.90842E-01 9.79926E-01 9.89725E-01
 3.63078E+00 7.92040E-01 8.91045E-01 9.80150E-01 9.89952E-01
 3.67282E+00 7.92218E-01 8.91245E-01 9.80369E-01 9.90173E-01
 3.71535E+00 7.92391E-01 8.91440E-01 9.80584E-01 9.90390E-01
 3.75837E+00 7.92561E-01 8.91631E-01 9.80794E-01 9.90602E-01
 3.80189E+00 7.92727E-01 8.91818E-01 9.80999E-01 9.90809E-01
 3.84592E+00 7.92889E-01 8.92000E-01 9.81200E-01 9.91012E-01
 3.89045E+00 7.93048E-01 8.92179E-01 9.81396E-01 9.91210E-01
 3.93550E+00 7.93203E-01 8.92353E-01 9.81589E-01 9.91404E-01
 3.98107E+00 7.93355E-01 8.92524E-01 9.81776E-01 9.91594E-01
 4.02717E+00 7.93503E-01 8.92691E-01 9.81960E-01 9.91780E-01
 4.07380E+00 7.93648E-01 8.92854E-01 9.82140E-01 9.91961E-01
 4.12098E+00 7.93790E-01 8.93014E-01 9.82316E-01 9.92139E-01
 4.16869E+00 7.93929E-01 8.93170E-01 9.82487E-01 9.92312E-01
 4.21697E+00 7.94065E-01 8.93323E-01 9.82655E-01 9.92482E-01
 4.26580E+00 7.94198E-01 8.93473E-01 9.82820E-01 9.92648E-01
 4.31519E+00 7.94328E-01 8.93619E-01 9.82980E-01 9.92810E-01
 4.36516E+00 7.94455E-01 8.93761E-01 9.83138E-01 9.92969E-01
 4.41570E+00 7.94579E-01 8.93901E-01 9.83291E-01 9.93124E-01
 4.46684E+00 7.94700E-01 8.94038E-01 9.83442E-01 9.93276E-01
 4.51856E+00 7.94819E-01 8.94171E-01 9.83589E-01 9.93424E-01
 4.57088E+00 7.94935E-01 8.94302E-01 9.83732E-01 9.93570E-01
 4.62381E+00 7.95049E-01 8.94430E-01 9.83873E-01 9.93712E-01
 4.67735E+00 7.95160E-01 8.94555E-01 9.84010E-01 9.93850E-01
 4.73151E+00 7.95268E-01 8.94677E-01 9.84145E-01 9.93986E-01
 4.78630E+00 7.95374E-01 8.94796E-01 9.84276E-01 9.94119E-01
 4.84172E+00 7.95478E-01 8.94913E-01 9.84404E-01 9.94248E-01
 4.89779E+00 7.95580E-01 8.95027E-01 9.84530E-01 9.94375E-01
 4.95450E+00 7.95679E-01 8.95139E-01 9.84653E-01 9.94499E-01
 5.01187E+00 7.95776E-01 8.95248E-01 9.84773E-01 9.94621E-01
 5.06991E+00 7.95871E-01 8.95355E-01 9.84890E-01 9.94739E-01
 5.12861E+00 7.95964E-01 8.95459E-01 9.85005E-01 9.94855E-01
 5.18800E+00 7.96054E-01 8.95561E-01 9.85117E-01 9.94968E-01
 5.24807E+00 7.96143E-01 8.95661E-01 9.85227E-01 9.95079E-01
 5.30884E+00 7.96230E-01 8.95758E-01 9.85334E-01 9.95188E-01
 5.37032E+00 7.96315E-01 8.95854E-01 9.85439E-01 9.95294E-01
 5.43250E+00 7.96397E-01 8.95947E-01 9.85542E-01 9.95397E-01
 5.49541E+00 7.96478E-01 8.96038E-01 9.85642E-01 9.95499E-01
 5.55904E+00 7.96558E-01 8.96127E-01 9.85740E-01 9.95598E-01
 5.62341E+00 7.96635E-01 8.96215E-01 9.85836E-01 9.95694E-01
 5.68853E+00 7.96711E-01 8.96300E-01 9.85930E-01 9.95789E-01
 5.75440E+00 7.96785E-01 8.96383E-01 9.86021E-01 9.95882E-01
 5.82103E+00 7.96857E-01 8.96464E-01 9.86111E-01 9.95972E-01
 5.88844E+00 7.96928E-01 8.96544E-01 9.86198E-01 9.96060E-01
 5.95662E+00 7.96997E-01 8.96622E-01 9.86284E-01 9.96147E-01
 6.02560E+00 7.97065E-01 8.96698E-01 9.86368E-01 9.96231E-01
 6.09537E+00 7.97131E-01 8.96772E-01 9.86450E-01 9.96314E-01
 6.16595E+00 7.97196E-01 8.96845E-01 9.86530E-01 9.96395E-01
 6.23735E+00 7.97259E-01 8.96916E-01 9.86608E-01 9.96474E-01
 6.30957E+00 7.97321E-01 8.96986E-01 9.86684E-01 9.96551E-01
 6.38263E+00 7.97381E-01 8.97054E-01 9.86759E-01 9.96627E-01
 6.45654E+00 7.97440E-01 8.97120E-01 9.86832E-01 9.96700E-01
 6.53131E+00 7.97498E-01 8.97185E-01 9.86903E-01 9.96772E-01
 6.60693E+00 7.97554E-01 8.97248E-01 9.86973E-01 9.96843E-01
 6.68344E+00 7.97609E-01 8.97310E-01 9.87042E-01 9.96912E-01
 6.76083E+00 7.97663E-01 8.97371E-01 9.87108E-01 9.96979E-01
 6.83912E+00 7.97716E-01 8.97430E-01 9.87174E-01 9.97045E-01
 6.91831E+00 7.97768E-01 8.97488E-01 9.87237E-01 9.97110E-01
 6.99842E+00 7.97818E-01 8.97545E-01 9.87300E-01 9.97173E-01
 7.07946E+00 7.97867E-01 8.97601E-01 9.87361E-01 9.97234E-01
 7.16143E+00 7.97915E-01 8.97655E-01 9.87420E-01 9.97294E-01
 7.24436E+00 7.97962E-01 8.97708E-01 9.87478E-01 9.97353E-01
 7.32825E+00 7.98008E-01 8.97759E-01 9.87535E-01 9.97411E-01
 7.41310E+00 7.98053E-01 8.97810E-01 9.87591E-01 9.97467E-01
 7.49894E+00 7.98097E-01 8.97859E-01 9.87645E-01 9.97522E-01
 7.58578E+00 7.98140E-01 8.97908E-01 9.87699E-01 9.97575E-01
 7.67361E+00 7.98182E-01 8.97955E-01 9.87750E-01 9.97628E-01
 7.76247E+00 7.98223E-01 8.98001E-01 9.87801E-01 9.97679E-01
 7.85236E+00 7.98263E-01 8.98046E-01 9.87851E-01 9.97729E-01
 7.94328E+00 7.98303E-01 8.98090E-01 9.87900E-01 9.97779E-01
 8.03526E+00 7.98341E-01 8.98134E-01 9.87947E-01 9.97826E-01
 8.12831E+00 7.98378E-01 8.98176E-01 9.87993E-01 9.97873E-01
 8.22243E+00 7.98415E-01 8.98217E-01 9.88039E-01 9.97919E-01
 8.31764E+00 7.98451E-01 8.98257E-01 9.88083E-01 9.97964E-01
 8.41395E+00 7.98486E-01 8.98297E-01 9.88126E-01 9.98008E-01
 8.51138E+00 7.98520E-01 8.98335E-01 9.88169E-01 9.98050E-01
 8.60994E+00 7.98554E-01 8.98373E-01 9.88210E-01 9.98092E-01
 8.70964E+00 7.98586E-01 8.98410E-01 9.88251E-01 9.98133E-01
 8.81049E+00 7.98618E-01 8.98446E-01 9.88290E-01 9.98173E-01
 8.91251E+00 7.98650E-01 8.98481E-01 9.88329E-01 9.98212E-01
 9.01571E+00 7.98680E-01 8.98515E-01 9.88367E-01 9.98250E-01
 9.12011E+00 7.98710E-01 8.98549E-01 9.88404E-01 9.98288E-01
 9.22571E+00 7.98739E-01 8.98581E-01 9.88440E-01 9.98324E-01
 9.33254E+00 7.98768E-01 8.98614E-01 9.88475E-01 9.98360E-01
 9.44061E+00 7.98796E-01 8.98645E-01 9.88509E-01 9.98395E-01
 9.54993E+00 7.98823E-01 8.98676E-01 9.88543E-01 9.98429E-01
 9.66051E+00 7.98849E-01 8.98706E-01 9.88576E-01 9.98462E-01
 9.77237E+00 7.98875E-01 8.98735E-01 9.88608E-01 9.98494E-01
 9.88553E+00 7.98901E-01 8.98763E-01 9.88640E-01 9.98526E-01
 1.00000E+01 7.98926E-01 8.98791E-01 9.88671E-01 9.98557E-01
 1.01158E+01 7.98950E-01 8.98819E-01 9.88701E-01 9.98588E-01
 1.02329E+01 7.98974E-01 8.98846E-01 9.88730E-01 9.98617E-01
 1.03514E+01 7.98997E-01 8.98872E-01 9.88759E-01 9.98646E-01
 1.04713E+01 7.99020E-01 8.98897E-01 9.88787E-01 9.98675E-01
 1.05925E+01 7.99042E-01 8.98922E-01 9.88814E-01 9.98703E-01
 1.07152E+01 7.99064E-01 8.98947E-01 9.88841E-01 9.98730E-01
 1.08393E+01 7.99085E-01 8.98970E-01 9.88867E-01 9.98756E-01
 1.09648E+01 7.99106E-01 8.98994E-01 9.88893E-01 9.98782E-01
 1.10917E+01 7.99126E-01 8.99017E-01 9.88918E-01 9.98807E-01
 1.12202E+01 7.99146E-01 8.99039E-01 9.88943E-01 9.98832E-01
 1.13501E+01 7.99165E-01 8.99061E-01 9.88967E-01 9.98856E-01
 1.14815E+01 7.99184E-01 8.99082E-01 9.88990E-01 9.98880E-01
 1.16145E+01 7.99202E-01 8.99103E-01 9.89013E-01 9.98903E-01
 1.17490E+01 7.99220E-01 8.99123E-01 9.89035E-01 9.98926E-01
 1.18850E+01 7.99238E-01 8.99143E-01 9.89057E-01 9.98948E-01
 1.20226E+01 7.99255E-01 8.99162E-01 9.89078E-01 9.98969E-01
 1.21619E+01 7.99272E-01 8.99181E-01 9.89099E-01 9.98990E-01
 1.23027E+01 7.99289E-01 8.99200E-01 9.89120E-01 9.99011E-01
 1.24451E+01 7.99305E-01 8.99218E-01 9.89140E-01 9.99031E-01
 1.25893E+01 7.99321E-01 8.99236E-01 9.89159E-01 9.99051E-01
 1.27350E+01 7.99336E-01 8.99253E-01 9.89178E-01 9.99070E-01
 1.28825E+01 7.99351E-01 8.99270E-01 9.89197E-01 9.99089E-01
 1.30317E+01 7.99366E-01 8.99286E-01 9.89215E-01 9.99107E-01
 1.31826E+01 7.99380E-01 8.99303E-01 9.89233E-01 9.99125E-01
 1.33352E+01 7.99394E-01 8.99318E-01 9.89250E-01 9.99143E-01
 1.34896E+01 7.99408E-01 8.99334E-01 9.89267E-01 9.99160E-01
 1.36458E+01 7.99421E-01 8.99349E-01 9.89284E-01 9.99177E-01
 1.38038E+01 7.99434E-01 8.99364E-01 9.89300E-01 9.99193E-01
 1.39637E+01 7.99447E-01 8.99378E-01 9.89316E-01 9.99209E-01
 1.41254E+01 7.99460E-01 8.99392E-01 9.89331E-01 9.99225E-01
 1.42889E+01 7.99472E-01 8.99406E-01 9.89347E-01 9.99240E-01
 1.44544E+01 7.99484E-01 8.99419E-01 9.89361E-01 9.99255E-01
 1.46218E+01 7.99496E-01 8.99433E-01 9.89376E-01 9.99270E-01
 1.47911E+01 7.99507E-01 8.99445E-01 9.89390E-01 9.99284E-01
 1.49624E+01 7.99518E-01 8.99458E-01 9.89404E-01 9.99298E-01
 1.51356E+01 7.99529E-01 8.99470E-01 9.89417E-01 9.99312E-01
 1.53109E+01 7.99540E-01 8.99482E-01 9.89431E-01 9.99325E-01
 1.54882E+01 7.99550E-01 8.99494E-01 9.89444E-01 9.99338E-01
 1.56675E+01 7.99561E-01 8.99506E-01 9.89456E-01 9.99351E-01
 1.58489E+01 7.99570E-01 8.99517E-01 9.89468E-01 9.99363E-01
 1.60325E+01 7.99580E-01 8.99528E-01 9.89481E-01 9.99375E-01
 1.62181E+01 7.99590E-01 8.99538E-01 9.89492E-01 9.99387E-01
 1.64059E+01 7.99599E-01 8.99549E-01 9.89504E-01 9.99399E-01
 1.65959E+01 7.99608E-01 8.99559E-01 9.89515E-01 9.99410E-01
 1.67880E+01 7.99617E-01 8.99569E-01 9.89526E-01 9.99421E-01
 1.69824E+01 7.99626E-01 8.99579E-01 9.89537E-01 9.99432E-01
 1.71791E+01 7.99634E-01 8.99588E-01 9.89547E-01 9.99443E-01
 1.73780E+01 7.99642E-01 8.99598E-01 9.89558E-01 9.99453E-01
 1.75792E+01 7.99651E-01 8.99607E-01 9.89568E-01 9.99463E-01
 1.77828E+01 7.99659E-01 8.99616E-01 9.89577E-01 9.99473E-01
 1.79887E+01 7.99666E-01 8.99625E-01 9.89587E-01 9.99483E-01
 1.81970E+01 7.99674E-01 8.99633E-01 9.89596E-01 9.99492E-01
 1.84077E+01 7.99681E-01 8.99641E-01 9.89606E-01 9.99502E-01
 1.86209E+01 7.99688E-01 8.99650E-01 9.89614E-01 9.99511E-01
 1.88365E+01 7.99696E-01 8.99657E-01 9.89623E-01 9.99519E-01
 1.90546E+01 7.99702E-01 8.99665E-01 9.89632E-01 9.99528E-01
 1.92752E+01 7.99709E-01 8.99673E-01 9.89640E-01 9.99537E-01
 1.94984E+01 7.99716E-01 8.99680E-01 9.89648E-01 9.99545E-01
 1.97242E+01 7.99722E-01 8.99688E-01 9.89656E-01 9.99553E-01
 1.99526E+01 7.99729E-01 8.99695E-01 9.89664E-01 9.99561E-01
 2.01837E+01 7.99735E-01 8.99702E-01 9.89672E-01 9.99568E-01
 2.04174E+01 7.99741E-01 8.99708E-01 9.89679E-01 9.99576E-01
 2.06538E+01 7.99747E-01 8.99715E-01 9.89686E-01 9.99583E-01
 2.08930E+01 7.99752E-01 8.99721E-01 9.89694E-01 9.99591E-01
 2.11349E+01 7.99758E-01 8.99728E-01 9.89701E-01 9.99598E-01
 2.13796E+01 7.99763E-01 8.99734E-01 9.89707E-01 9.99604E-01
 2.16272E+01 7.99769E-01 8.99740E-01 9.89714E-01 9.99611E-01
 2.18776E+01 7.99774E-01 8.99746E-01 9.89720E-01 9.99618E-01
 2.21309E+01 7.99779E-01 8.99752E-01 9.89727E-01 9.99624E-01
 2.23872E+01 7.99784E-01 8.99757E-01 9.89733E-01 9.99630E-01
 2.26464E+01 7.99789E-01 8.99763E-01 9.89739E-01 9.99636E-01
 2.29087E+01 7.99794E-01 8.99768E-01 9.89745E-01 9.99642E-01
 2.31739E+01 7.99799E-01 8.99773E-01 9.89751E-01 9.99648E-01
 2.34423E+01 7.99803E-01 8.99779E-01 9.89756E-01 9.99654E-01
 2.37137E+01 7.99808E-01 8.99784E-01 9.89762E-01 9.99660E-01
 2.39883E+01 7.99812E-01 8.99789E-01 9.89767E-01 9.99665E-01
 2.42661E+01 7.99816E-01 8.99793E-01 9.89773E-01 9.99670E-01
 2.45471E+01 7.99820E-01 8.99798E-01 9.89778E-01 9.99676E-01
 2.48313E+01 7.99825E-01 8.99803E-01 9.89783E-01 9.99681E-01
 2.51189E+01 7.99829E-01 8.99807E-01 9.89788E-01 9.99686E-01
 2.54097E+01 7.99832E-01 8.99811E-01 9.89793E-01 9.99691E-01
 2.57040E+01 7.99836E-01 8.99816E-01 9.89797E-01 9.99695E-01
 2.60016E+01 7.99840E-01 8.99820E-01 9.89802E-01 9.99700E-01
 2.63027E+01 7.99844E-01 8.99824E-01 9.89806E-01 9.99704E-01
 2.66073E+01 7.99847E-01 8.99828E-01 9.89811E-01 9.99709E-01
 2.69153E+01 7.99851E-01 8.99832E-01 9.89815E-01 9.99713E-01
 2.72270E+01 7.99854E-01 8.99836E-01 9.89819E-01 9.99718E-01
 2.75423E+01 7.99857E-01 8.99839E-01 9.89823E-01 9.99722E-01
 2.78612E+01 7.99861E-01 8.99843E-01 9.89827E-01 9.99726E-01
 2.81838E+01 7.99864E-01 8.99847E-01 9.89831E-01 9.99730E-01
 2.85102E+01 7.99867E-01 8.99850E-01 9.89835E-01 9.99734E-01
 2.88403E+01 7.99870E-01 8.99854E-01 9.89839E-01 9.99737E-01
 2.91743E+01 7.99873E-01 8.99857E-01 9.89843E-01 9.99741E-01
 2.95121E+01 7.99876E-01 8.99860E-01 9.89846E-01 9.99745E-01
 2.98538E+01 7.99879E-01 8.99863E-01 9.89850E-01 9.99748E-01
 3.01995E+01 7.99881E-01 8.99866E-01 9.89853E-01 9.99752E-01
 3.05492E+01 7.99884E-01 8.99869E-01 9.89856E-01 9.99755E-01
 3.09030E+01 7.99887E-01 8.99872E-01 9.89860E-01 9.99758E-01
 3.12608E+01 7.99889E-01 8.99875E-01 9.89863E-01 9.99761E-01
 3.16228E+01 7.99892E-01 8.99878E-01 9.89866E-01 9.99765E-01
 3.19890E+01 7.99894E-01 8.99881E-01 9.89869E-01 9.99768E-01
 3.23594E+01 7.99897E-01 8.99884E-01 9.89872E-01 9.99771E-01
 3.27341E+01 7.99899E-01 8.99886E-01 9.89875E-01 9.99774E-01
 3.31131E+01 7.99901E-01 8.99889E-01 9.89878E-01 9.99777E-01
 3.34965E+01 7.99903E-01 8.99891E-01 9.89881E-01 9.99779E-01
 3.38844E+01 7.99906E-01 8.99894E-01 9.89883E-01 9.99782E-01
 3.42768E+01 7.99908E-01 8.99896E-01 9.89886E-01 9.99785E-01
 3.46737E+01 7.99910E-01 8.99899E-01 9.89888E-01 9.99787E-01
 3.50752E+01 7.99912E-01 8.99901E-01 9.89891E-01 9.99790E-01
 3.54813E+01 7.99914E-01 8.99903E-01 9.89893E-01 9.99792E-01
 3.58922E+01 7.99916E-01 8.99905E-01 9.89896E-01 9.99795E-01
 3.63078E+01 7.99918E-01 8.99908E-01 9.89898E-01 9.99797E-01
 3.67282E+01 7.99920E-01 8.99910E-01 9.89901E-01 9.99800E-01
 3.71535E+01 7.99921E-01 8.99912E-01 9.89903E-01 9.99802E-01
 3.75837E+01 7.99923E-01 8.99914E-01 9.89905E-01 9.99804E-01
 3.80189E+01 7.99925E-01 8.99916E-01 9.89907E-01 9.99806E-01
 3.84592E+01 7.99927E-01 8.99918E-01 9.89909E-01 9.99808E-01
 3.89045E+01 7.99928E-01 8.99919E-01 9.89911E-01 9.99810E-01
 3.93550E+01 7.99930E-01 8.99921E-01 9.89913E-01 9.99813E-01
 3.98107E+01 7.99932E-01 8.99923E-01 9.89915E-01 9.99815E-01
 4.02717E+01 7.99933E-01 8.99925E-01 9.89917E-01 9.99816E-01
 4.07380E+01 7.99935E-01 8.99927E-01 9.89919E-01 9.99818E-01
 4.12098E+01 7.99936E-01 8.99928E-01 9.89921E-01 9.99820E-01
 4.16869E+01 7.99938E-01 8.99930E-01 9.89923E-01 9.99822E-01
 4.21697E+01 7.99939E-01 8.99931E-01 9.89925E-01 9.99824E-01
 4.26580E+01 7.99940E-01 8.99933E-01 9.89926E-01 9.99826E-01
 4.31519E+01 7.99942E-01 8.99934E-01 9.89928E-01 9.99827E-01
 4.36516E+01 7.99943E-01 8.99936E-01 9.89930E-01 9.99829E-01
 4.41570E+01 7.99944E-01 8.99937E-01 9.89931E-01 9.99830E-01
 4.46684E+01 7.99946E-01 8.99939E-01 9.89933E-01 9.99832E-01
 4.51856E+01 7.99947E-01 8.99940E-01 9.89934E-01 9.99834E-01
 4.57088E+01 7.99948E-01 8.99942E-01 9.89936E-01 9.99835E-01
 4.62381E+01 7.99949E-01 8.99943E-01 9.89937E-01 9.99837E-01
 4.67735E+01 7.99950E-01 8.99944E-01 9.89939E-01 9.99838E-01
 4.73151E+01 7.99952E-01 8.99945E-01 9.89940E-01 9.99839E-01
 4.78630E+01 7.99953E-01 8.99947E-01 9.89941E-01 9.99841E-01
 4.84172E+01 7.99954E-01 8.99948E-01 9.89943E-01 9.99842E-01
 4.89779E+01 7.99955E-01 8.99949E-01 9.89944E-01 9.99843E-01
 4.95450E+01 7.99956E-01 8.99950E-01 9.89945E-01 9.99845E-01
 5.01187E+01 7.99957E-01 8.99951E-01 9.89947E-01 9.99846E-01
 5.06991E+01 7.99958E-01 8.99953E-01 9.89948E-01 9.99847E-01
 5.12861E+01 7.99959E-01 8.99954E-01 9.89949E-01 9.99848E-01
 5.18800E+01 7.99960E-01 8.99955E-01 9.89950E-01 9.99850E-01
 5.24807E+01 7.99961E-01 8.99956E-01 9.89951E-01 9.99851E-01
 5.30884E+01 7.99962E-01 8.99957E-01 9.89952E-01 9.99852E-01
 5.37032E+01 7.99962E-01 8.99958E-01 9.89953E-01 9.99853E-01
 5.43250E+01 7.99963E-01 8.99959E-01 9.89955E-01 9.99854E-01
 5.49541E+01 7.99964E-01 8.99960E-01 9.89956E-01 9.99855E-01
 5.55904E+01 7.99965E-01 8.99960E-01 9.89957E-01 9.99856E-01
 5.62341E+01 7.99966E-01 8.99961E-01 9.89958E-01 9.99857E-01
 5.68853E+01 7.99966E-01 8.99962E-01 9.89959E-01 9.99858E-01
 5.75440E+01 7.99967E-01 8.99963E-01 9.89959E-01 9.99859E-01
 5.82103E+01 7.99968E-01 8.99964E-01 9.89960E-01 9.99860E-01
 5.88844E+01 7.99969E-01 8.99965E-01 9.89961E-01 9.99861E-01
 5.95662E+01 7.99969E-01 8.99966E-01 9.89962E-01 9.99862E-01
 6.02560E+01 7.99970E-01 8.99966E-01 9.89963E-01 9.99863E-01
 6.09537E+01 7.99971E-01 8.99967E-01 9.89964E-01 9.99863E-01
 6.16595E+01 7.99971E-01 8.99968E-01 9.89965E-01 9.99864E-01
 6.23735E+01 7.99972E-01 8.99969E-01 9.89965E-01 9.99865E-01
 6.30957E+01 7.99973E-01 8.99969E-01 9.89966E-01 9.99866E-01
 6.38263E+01 7.99973E-01 8.99970E-01 9.89967E-01 9.99867E-01
 6.45654E+01 7.99974E-01 8.99971E-01 9.89968E-01 9.99867E-01
 6.53131E+01 7.99975E-01 8.99971E-01 9.89969E-01 9.99868E-01
 6.60693E+01 7.99975E-01 8.99972E-01 9.89969E-01 9.99869E-01
 6.68344E+01 7.99976E-01 8.99973E-01 9.89970E-01 9.99870E-01
 6.76083E+01 7.99976E-01 8.99973E-01 9.89971E-01 9.99870E-01
 6.83912E+01 7.99977E-01 8.99974E-01 9.89971E-01 9.99871E-01
 6.91831E+01 7.99977E-01 8.99974E-01 9.89972E-01 9.99872E-01
 6.99842E+01 7.99978E-01 8.99975E-01 9.89973E-01 9.99872E-01
 7.07946E+01 7.99978E-01 8.99976E-01 9.89973E-01 9.99873E-01
 7.16143E+01 7.99979E-01 8.99976E-01 9.89974E-01 9.99874E-01
 7.24436E+01 7.99979E-01 8.99977E-01 9.89974E-01 9.99874E-01
 7.32825E+01 7.99980E-01 8.99977E-01 9.89975E-01 9.99875E-01
 7.41310E+01 7.99980E-01 8.99978E-01 9.89976E-01 9.99875E-01
 7.49894E+01 7.99981E-01 8.99978E-01 9.89976E-01 9.99876E-01
 7.58578E+01 7.99981E-01 8.99979E-01 9.89977E-01 9.99876E-01
 7.67361E+01 7.99982E-01 8.99979E-01 9.89977E-01 9.99877E-01
 7.76247E+01 7.99982E-01 8.99980E-01 9.89978E-01 9.99877E-01
 7.85236E+01 7.99982E-01 8.99980E-01 9.89978E-01 9.99878E-01
 7.94328E+01 7.99983E-01 8.99981E-01 9.89979E-01 9.99878E-01
 8.03526E+01 7.99983E-01 8.99981E-01 9.89979E-01 9.99879E-01
 8.12831E+01 7.99984E-01 8.99982E-01 9.89980E-01 9.99879E-01
 8.22243E+01 7.99984E-01 8.99982E-01 9.89980E-01 9.99880E-01
 8.31764E+01 7.99984E-01 8.99982E-01 9.89981E-01 9.99880E-01
 8.41395E+01 7.99985E-01 8.99983E-01 9.89981E-01 9.99881E-01
 8.51138E+01 7.99985E-01 8.99983E-01 9.89981E-01 9.99881E-01
 8.60994E+01 7.99985E-01 8.99984E-01 9.89982E-01 9.99882E-01
 8.70964E+01 7.99986E-01 8.99984E-01 9.89982E-01 9.99882E-01
 8.81049E+01 7.99986E-01 8.99984E-01 9.89983E-01 9.99883E-01
 8.91251E+01 7.99986E-01 8.99985E-01 9.89983E-01 9.99883E-01
 9.01571E+01 7.99987E-01 8.99985E-01 9.89983E-01 9.99883E-01
 9.12011E+01 7.99987E-01 8.99985E-01 9.89984E-01 9.99884E-01
 9.22571E+01 7.99987E-01 8.99986E-01 9.89984E-01 9.99884E-01
 9.33254E+01 7.99988E-01 8.99986E-01 9.89985E-01 9.99884E-01
 9.44061E+01 7.99988E-01 8.99986E-01 9.89985E-01 9.99885E-01
 9.54993E+01 7.99988E-01 8.99987E-01 9.89985E-01 9.99885E-01
 9.66051E+01 7.99988E-01 8.99987E-01 9.89986E-01 9.99885E-01
 9.77237E+01 7.99989E-01 8.99987E-01 9.89986E-01 9.99886E-01
 9.88553E+01 7.99989E-01 8.99987E-01 9.89986E-01 9.99886E-01
 1.00000E+02 7.99989E-01 8.99988E-01 9.89987E-01 9.99886E-01
