 1.00000E-02 3.67988E-02 5.97982E-02 9.40915E-02 9.92492E-02
 2.00000E-02 3.98578E-02 6.51481E-02 1.04053E-01 1.10254E-01
 3.00000E-02 4.30682E-02 7.07748E-02 1.14789E-01 1.22187E-01
 4.00000E-02 4.64199E-02 7.66188E-02 1.26193E-01 1.35102E-01
 5.00000E-02 4.98914E-02 8.26344E-02 1.38136E-01 1.48960E-01
 6.00000E-02 5.34607E-02 8.87726E-02 1.50485E-01 1.63732E-01
 7.00000E-02 5.71062E-02 9.49985E-02 1.63059E-01 1.79354E-01
 8.00000E-02 6.08139E-02 1.01275E-01 1.75712E-01 1.95732E-01
 9.00000E-02 6.45689E-02 1.07574E-01 1.88306E-01 2.12633E-01
 1.00000E-01 6.83595E-02 1.13874E-01 2.00743E-01 2.29556E-01
 1.10000E-01 7.21757E-02 1.20157E-01 2.12957E-01 2.46057E-01
 1.20000E-01 7.60100E-02 1.26411E-01 2.24907E-01 2.61976E-01
 1.30000E-01 7.98551E-02 1.32628E-01 2.36574E-01 2.77291E-01
 1.40000E-01 8.37049E-02 1.38796E-01 2.47945E-01 2.92010E-01
 1.50000E-01 8.75547E-02 1.44912E-01 2.59015E-01 3.06156E-01
 1.60000E-01 9.14005E-02 1.50971E-01 2.69791E-01 3.19757E-01
 1.70000E-01 9.52392E-02 1.56970E-01 2.80273E-01 3.32840E-01
 1.80000E-01 9.90675E-02 1.62907E-01 2.90473E-01 3.45435E-01
 1.90000E-01 1.02882E-01 1.68780E-01 3.00396E-01 3.57565E-01
 2.00000E-01 1.06683E-01 1.74588E-01 3.10054E-01 3.69253E-01
 2.10000E-01 1.10466E-01 1.80331E-01 3.19454E-01 3.80528E-01
 2.20000E-01 1.14230E-01 1.86008E-01 3.28605E-01 3.91404E-01
 2.30000E-01 1.17974E-01 1.91620E-01 3.37521E-01 4.01907E-01
 2.40000E-01 1.21696E-01 1.97166E-01 3.46204E-01 4.12054E-01
 2.50000E-01 1.25396E-01 2.02646E-01 3.54669E-01 4.21862E-01
 2.60000E-01 1.29072E-01 2.08061E-01 3.62921E-01 4.31349E-01
 2.70000E-01 1.32723E-01 2.13412E-01 3.70969E-01 4.40529E-01
 2.80000E-01 1.36350E-01 2.18699E-01 3.78822E-01 4.49420E-01
 2.90000E-01 1.39949E-01 2.23922E-01 3.86485E-01 4.58030E-01
 3.00000E-01 1.43522E-01 2.29083E-01 3.93967E-01 4.66379E-01
 3.10000E-01 1.47067E-01 2.34181E-01 4.01274E-01 4.74472E-01
 3.20000E-01 1.50584E-01 2.39218E-01 4.08412E-01 4.82327E-01
 3.30000E-01 1.54073E-01 2.44194E-01 4.15390E-01 4.89949E-01
 3.40000E-01 1.57533E-01 2.49110E-01 4.22210E-01 4.97352E-01
 3.50000E-01 1.60963E-01 2.53966E-01 4.28880E-01 5.04543E-01
 3.60000E-01 1.64364E-01 2.58763E-01 4.35405E-01 5.11533E-01
 3.70000E-01 1.67735E-01 2.63502E-01 4.41789E-01 5.18329E-01
 3.80000E-01 1.71076E-01 2.68184E-01 4.48038E-01 5.24940E-01
 3.90000E-01 1.74386E-01 2.72809E-01 4.54157E-01 5.31372E-01
 4.00000E-01 1.77666E-01 2.77378E-01 4.60148E-01 5.37635E-01
 4.10000E-01 1.80916E-01 2.81891E-01 4.66018E-01 5.43733E-01
 4.20000E-01 1.84134E-01 2.86350E-01 4.71769E-01 5.49674E-01
 4.30000E-01 1.87322E-01 2.90754E-01 4.77406E-01 5.55463E-01
 4.40000E-01 1.90479E-01 2.95105E-01 4.82933E-01 5.61108E-01
 4.50000E-01 1.93605E-01 2.99403E-01 4.88351E-01 5.66611E-01
 4.60000E-01 1.96700E-01 3.03650E-01 4.93667E-01 5.71980E-01
 4.70000E-01 1.99765E-01 3.07844E-01 4.98881E-01 5.77219E-01
 4.80000E-01 2.02798E-01 3.11988E-01 5.03998E-01 5.82333E-01
 4.90000E-01 2.05801E-01 3.16082E-01 5.09020E-01 5.87326E-01
 5.00000E-01 2.08773E-01 3.20126E-01 5.13950E-01 5.92203E-01
 5.10000E-01 2.11714E-01 3.24121E-01 5.18791E-01 5.96967E-01
 5.20000E-01 2.14626E-01 3.28068E-01 5.23545E-01 6.01623E-01
 5.30000E-01 2.17506E-01 3.31968E-01 5.28214E-01 6.06174E-01
 5.40000E-01 2.20357E-01 3.35820E-01 5.32802E-01 6.10625E-01
 5.50000E-01 2.23178E-01 3.39626E-01 5.37310E-01 6.14977E-01
 5.60000E-01 2.25968E-01 3.43386E-01 5.41741E-01 6.19235E-01
 5.70000E-01 2.28729E-01 3.47101E-01 5.46097E-01 6.23402E-01
 5.80000E-01 2.31461E-01 3.50771E-01 5.50379E-01 6.27480E-01
 5.90000E-01 2.34163E-01 3.54397E-01 5.54590E-01 6.31472E-01
 6.00000E-01 2.36836E-01 3.57980E-01 5.58731E-01 6.35382E-01
 6.10000E-01 2.39480E-01 3.61520E-01 5.62805E-01 6.39211E-01
 6.20000E-01 2.42096E-01 3.65017E-01 5.66813E-01 6.42963E-01
 6.30000E-01 2.44683E-01 3.68473E-01 5.70756E-01 6.46639E-01
 6.40000E-01 2.47242E-01 3.71888E-01 5.74636E-01 6.50242E-01
 6.50000E-01 2.49773E-01 3.75262E-01 5.78456E-01 6.53774E-01
 6.60000E-01 2.52276E-01 3.78596E-01 5.82216E-01 6.57237E-01
 6.70000E-01 2.54752E-01 3.81890E-01 5.85917E-01 6.60634E-01
 6.80000E-01 2.57200E-01 3.85146E-01 5.89562E-01 6.63965E-01
 6.90000E-01 2.59621E-01 3.88362E-01 5.93151E-01 6.67234E-01
 7.00000E-01 2.62016E-01 3.91541E-01 5.96686E-01 6.70442E-01
 7.10000E-01 2.64383E-01 3.94683E-01 6.00168E-01 6.73590E-01
 7.20000E-01 2.66725E-01 3.97787E-01 6.03598E-01 6.76681E-01
 7.30000E-01 2.69041E-01 4.00855E-01 6.06978E-01 6.79715E-01
 7.40000E-01 2.71331E-01 4.03887E-01 6.10308E-01 6.82695E-01
 7.50000E-01 2.73595E-01 4.06884E-01 6.13590E-01 6.85622E-01
 7.60000E-01 2.75834E-01 4.09845E-01 6.16825E-01 6.88498E-01
 7.70000E-01 2.78048E-01 4.12772E-01 6.20014E-01 6.91323E-01
 7.80000E-01 2.80237E-01 4.15665E-01 6.23157E-01 6.94099E-01
 7.90000E-01 2.82402E-01 4.18524E-01 6.26256E-01 6.96827E-01
 8.00000E-01 2.84543E-01 4.21350E-01 6.29312E-01 6.99510E-01
 8.10000E-01 2.86659E-01 4.24144E-01 6.32325E-01 7.02147E-01
 8.20000E-01 2.88752E-01 4.26905E-01 6.35297E-01 7.04740E-01
 8.30000E-01 2.90822E-01 4.29634E-01 6.38229E-01 7.07290E-01
 8.40000E-01 2.92868E-01 4.32333E-01 6.41120E-01 7.09799E-01
 8.50000E-01 2.94891E-01 4.35000E-01 6.43972E-01 7.12267E-01
 8.60000E-01 2.96892E-01 4.37636E-01 6.46786E-01 7.14695E-01
 8.70000E-01 2.98870E-01 4.40242E-01 6.49563E-01 7.17084E-01
 8.80000E-01 3.00825E-01 4.42819E-01 6.52303E-01 7.19436E-01
 8.90000E-01 3.02759E-01 4.45366E-01 6.55007E-01 7.21751E-01
 9.00000E-01 3.04671E-01 4.47884E-01 6.57676E-01 7.24030E-01
 9.10000E-01 3.06562E-01 4.50374E-01 6.60310E-01 7.26273E-01
 9.20000E-01 3.08432E-01 4.52835E-01 6.62910E-01 7.28483E-01
 9.30000E-01 3.10280E-01 4.55269E-01 6.65477E-01 7.30659E-01
 9.40000E-01 3.12108E-01 4.57675E-01 6.68012E-01 7.32802E-01
 9.50000E-01 3.13915E-01 4.60054E-01 6.70514E-01 7.34914E-01
 9.60000E-01 3.15702E-01 4.62406E-01 6.72984E-01 7.36994E-01
 9.70000E-01 3.17468E-01 4.64732E-01 6.75424E-01 7.39044E-01
 9.80000E-01 3.19215E-01 4.67032E-01 6.77834E-01 7.41064E-01
 9.90000E-01 3.20943E-01 4.69306E-01 6.80214E-01 7.43055E-01
 1.00000E+00 3.22651E-01 4.71555E-01 6.82565E-01 7.45018E-01
 1.01158E+00 3.24605E-01 4.74128E-01 6.85251E-01 7.47256E-01
 1.02329E+00 3.26555E-01 4.76697E-01 6.87929E-01 7.49483E-01
 1.03514E+00 3.28503E-01 4.79262E-01 6.90601E-01 7.51699E-01
 1.04713E+00 3.30446E-01 4.81822E-01 6.93265E-01 7.53904E-01
 1.05925E+00 3.32386E-01 4.84377E-01 6.95921E-01 7.56098E-01
 1.07152E+00 3.34321E-01 4.86928E-01 6.98570E-01 7.58281E-01
 1.08393E+00 3.36252E-01 4.89473E-01 7.01210E-01 7.60452E-01
 1.09648E+00 3.38178E-01 4.92012E-01 7.03842E-01 7.62613E-01
 1.10917E+00 3.40099E-01 4.94545E-01 7.06466E-01 7.64763E-01
 1.12202E+00 3.42015E-01 4.97072E-01 7.09081E-01 7.66901E-01
 1.13501E+00 3.43925E-01 4.99593E-01 7.11688E-01 7.69029E-01
 1.14815E+00 3.45830E-01 5.02106E-01 7.14286E-01 7.71145E-01
 1.16145E+00 3.47728E-01 5.04612E-01 7.16875E-01 7.73251E-01
 1.17490E+00 3.49619E-01 5.07111E-01 7.19454E-01 7.75346E-01
 1.18850E+00 3.51504E-01 5.09601E-01 7.22025E-01 7.77429E-01
 1.20226E+00 3.53383E-01 5.12084E-01 7.24586E-01 7.79502E-01
 1.21619E+00 3.55253E-01 5.14558E-01 7.27137E-01 7.81564E-01
 1.23027E+00 3.57117E-01 5.17023E-01 7.29679E-01 7.83615E-01
 1.24451E+00 3.58972E-01 5.19479E-01 7.32210E-01 7.85655E-01
 1.25893E+00 3.60820E-01 5.21926E-01 7.34732E-01 7.87685E-01
 1.27350E+00 3.62660E-01 5.24363E-01 7.37243E-01 7.89704E-01
 1.28825E+00 3.64491E-01 5.26790E-01 7.39745E-01 7.91712E-01
 1.30317E+00 3.66313E-01 5.29206E-01 7.42235E-01 7.93710E-01
 1.31826E+00 3.68126E-01 5.31612E-01 7.44715E-01 7.95697E-01
 1.33352E+00 3.69930E-01 5.34007E-01 7.47184E-01 7.97674E-01
 1.34896E+00 3.71725E-01 5.36391E-01 7.49643E-01 7.99641E-01
 1.36458E+00 3.73510E-01 5.38764E-01 7.52090E-01 8.01597E-01
 1.38038E+00 3.75285E-01 5.41124E-01 7.54526E-01 8.03544E-01
 1.39637E+00 3.77050E-01 5.43473E-01 7.56950E-01 8.05480E-01
 1.41254E+00 3.78805E-01 5.45809E-01 7.59364E-01 8.07406E-01
 1.42889E+00 3.81068E-01 5.48133E-01 7.61765E-01 8.09322E-01
 1.44544E+00 3.83346E-01 5.50443E-01 7.64155E-01 8.11229E-01
 1.46218E+00 3.85597E-01 5.52741E-01 7.66533E-01 8.13125E-01
 1.47911E+00 3.87820E-01 5.55025E-01 7.68898E-01 8.15012E-01
 1.49624E+00 3.90016E-01 5.57296E-01 7.71252E-01 8.16890E-01
 1.51356E+00 3.92184E-01 5.59552E-01 7.73593E-01 8.18758E-01
 1.53109E+00 3.94323E-01 5.61794E-01 7.75922E-01 8.20617E-01
 1.54882E+00 3.96436E-01 5.64456E-01 7.78238E-01 8.22466E-01
 1.56675E+00 3.98520E-01 5.67424E-01 7.80542E-01 8.24306E-01
 1.58489E+00 4.00576E-01 5.70352E-01 7.82832E-01 8.26137E-01
 1.60325E+00 4.02605E-01 5.73241E-01 7.85110E-01 8.27958E-01
 1.62181E+00 4.04606E-01 5.76089E-01 7.87375E-01 8.29771E-01
 1.64059E+00 4.06579E-01 5.78899E-01 7.89626E-01 8.31574E-01
 1.65959E+00 4.08525E-01 5.81669E-01 7.91864E-01 8.33368E-01
 1.67880E+00 4.10443E-01 5.84400E-01 7.94089E-01 8.35152E-01
 1.69824E+00 4.12333E-01 5.87091E-01 7.96300E-01 8.36928E-01
 1.71791E+00 4.14196E-01 5.89744E-01 7.98497E-01 8.38694E-01
 1.73780E+00 4.16032E-01 5.92357E-01 8.00680E-01 8.40451E-01
 1.75792E+00 4.17840E-01 5.94932E-01 8.02850E-01 8.42198E-01
 1.77828E+00 4.19621E-01 5.97469E-01 8.05005E-01 8.43936E-01
 1.79887E+00 4.21376E-01 5.99967E-01 8.07146E-01 8.45665E-01
 1.81970E+00 4.23103E-01 6.02427E-01 8.09273E-01 8.47383E-01
 1.84077E+00 4.24804E-01 6.04849E-01 8.11386E-01 8.49093E-01
 1.86209E+00 4.26479E-01 6.07233E-01 8.13484E-01 8.50792E-01
 1.88365E+00 4.28127E-01 6.09580E-01 8.15567E-01 8.52481E-01
 1.90546E+00 4.29750E-01 6.11890E-01 8.17636E-01 8.54160E-01
 1.92752E+00 4.31346E-01 6.14162E-01 8.19690E-01 8.55829E-01
 1.94984E+00 4.32916E-01 6.16399E-01 8.21729E-01 8.57488E-01
 1.97242E+00 4.34462E-01 6.18599E-01 8.23753E-01 8.59137E-01
 1.99526E+00 4.35981E-01 6.20763E-01 8.26235E-01 8.60775E-01
 2.01837E+00 4.37476E-01 6.22891E-01 8.29068E-01 8.62402E-01
 2.04174E+00 4.38946E-01 6.24984E-01 8.31854E-01 8.64019E-01
 2.06538E+00 4.40392E-01 6.27042E-01 8.34593E-01 8.65625E-01
 2.08930E+00 4.41813E-01 6.29065E-01 8.37286E-01 8.67220E-01
 2.11349E+00 4.43210E-01 6.31054E-01 8.39933E-01 8.68804E-01
 2.13796E+00 4.44583E-01 6.33009E-01 8.42535E-01 8.70376E-01
 2.16272E+00 4.45932E-01 6.34931E-01 8.45093E-01 8.71938E-01
 2.18776E+00 4.47258E-01 6.36819E-01 8.47606E-01 8.73488E-01
 2.21309E+00 4.48561E-01 6.38674E-01 8.50075E-01 8.75833E-01
 2.23872E+00 4.49841E-01 6.40497E-01 8.52501E-01 8.78333E-01
 2.26464E+00 4.51099E-01 6.42287E-01 8.54884E-01 8.80788E-01
 2.29087E+00 4.52334E-01 6.44046E-01 8.57225E-01 8.83200E-01
 2.31739E+00 4.53547E-01 6.45773E-01 8.59524E-01 8.85569E-01
 2.34423E+00 4.54739E-01 6.47470E-01 8.61782E-01 8.87895E-01
 2.37137E+00 4.55909E-01 6.49135E-01 8.63999E-01 8.90179E-01
 2.39883E+00 4.57057E-01 6.50771E-01 8.66176E-01 8.92422E-01
 2.42661E+00 4.58185E-01 6.52377E-01 8.68314E-01 8.94624E-01
 2.45471E+00 4.59292E-01 6.53953E-01 8.70412E-01 8.96786E-01
 2.48313E+00 4.60379E-01 6.55500E-01 8.72471E-01 8.98908E-01
 2.51189E+00 4.61446E-01 6.57019E-01 8.74492E-01 9.00990E-01
 2.54097E+00 4.62492E-01 6.58509E-01 8.76476E-01 9.03034E-01
 2.57040E+00 4.63519E-01 6.59972E-01 8.78423E-01 9.05040E-01
 2.60016E+00 4.64527E-01 6.61407E-01 8.80333E-01 9.07008E-01
 2.63027E+00 4.65516E-01 6.62815E-01 8.82207E-01 9.08939E-01
 2.66073E+00 4.66487E-01 6.64197E-01 8.84046E-01 9.10833E-01
 2.69153E+00 4.67438E-01 6.65552E-01 8.85849E-01 9.12692E-01
 2.72270E+00 4.68372E-01 6.66881E-01 8.87619E-01 9.14514E-01
 2.75423E+00 4.69288E-01 6.68185E-01 8.89354E-01 9.16302E-01
 2.78612E+00 4.70186E-01 6.69464E-01 8.91056E-01 9.18056E-01
 2.81838E+00 4.71066E-01 6.70717E-01 8.92725E-01 9.19775E-01
 2.85102E+00 4.71930E-01 6.71947E-01 8.94362E-01 9.21462E-01
 2.88403E+00 4.72777E-01 6.73153E-01 8.95966E-01 9.23115E-01
 2.91743E+00 4.73607E-01 6.74335E-01 8.97540E-01 9.24736E-01
 2.95121E+00 4.74421E-01 6.75494E-01 8.99083E-01 9.26326E-01
 2.98538E+00 4.75219E-01 6.76630E-01 9.00595E-01 9.27884E-01
 3.01995E+00 4.76001E-01 6.77744E-01 9.02077E-01 9.29411E-01
 3.05492E+00 4.76768E-01 6.78836E-01 9.03530E-01 9.30908E-01
 3.09030E+00 4.77520E-01 6.79906E-01 9.04955E-01 9.32376E-01
 3.12608E+00 4.78256E-01 6.80955E-01 9.06350E-01 9.33814E-01
 3.16228E+00 4.78978E-01 6.81982E-01 9.07718E-01 9.35223E-01
 3.19890E+00 4.79685E-01 6.82989E-01 9.09059E-01 9.36604E-01
 3.23594E+00 4.80378E-01 6.83976E-01 9.10373E-01 9.37958E-01
 3.27341E+00 4.81058E-01 6.84943E-01 9.11660E-01 9.39284E-01
 3.31131E+00 4.81723E-01 6.85891E-01 9.12921E-01 9.40583E-01
 3.34965E+00 4.82375E-01 6.86819E-01 9.14156E-01 9.41856E-01
 3.38844E+00 4.83014E-01 6.87728E-01 9.15367E-01 9.43103E-01
 3.42768E+00 4.83639E-01 6.88619E-01 9.16552E-01 9.44325E-01
 3.46737E+00 4.84252E-01 6.89492E-01 9.17714E-01 9.45521E-01
 3.50752E+00 4.84853E-01 6.90347E-01 9.18851E-01 9.46694E-01
 3.54813E+00 4.85441E-01 6.91184E-01 9.19966E-01 9.47842E-01
 3.58922E+00 4.86016E-01 6.92004E-01 9.21057E-01 9.48966E-01
 3.63078E+00 4.86581E-01 6.92807E-01 9.22126E-01 9.50068E-01
 3.67282E+00 4.87133E-01 6.93594E-01 9.23173E-01 9.51146E-01
 3.71535E+00 4.87674E-01 6.94364E-01 9.24198E-01 9.52202E-01
 3.75837E+00 4.88204E-01 6.95118E-01 9.25202E-01 9.53236E-01
 3.80189E+00 4.88722E-01 6.95856E-01 9.26185E-01 9.54249E-01
 3.84592E+00 4.89230E-01 6.96580E-01 9.27147E-01 9.55241E-01
 3.89045E+00 4.89727E-01 6.97288E-01 9.28090E-01 9.56212E-01
 3.93550E+00 4.90214E-01 6.97981E-01 9.29012E-01 9.57162E-01
 3.98107E+00 4.90691E-01 6.98659E-01 9.29916E-01 9.58093E-01
 4.02717E+00 4.91157E-01 6.99324E-01 9.30800E-01 9.59004E-01
 4.07380E+00 4.91614E-01 6.99974E-01 9.31666E-01 9.59896E-01
 4.12098E+00 4.92061E-01 7.00611E-01 9.32513E-01 9.60769E-01
 4.16869E+00 4.92499E-01 7.01234E-01 9.33343E-01 9.61624E-01
 4.21697E+00 4.92928E-01 7.01844E-01 9.34154E-01 9.62460E-01
 4.26580E+00 4.93347E-01 7.02441E-01 9.34949E-01 9.63279E-01
 4.31519E+00 4.93757E-01 7.03026E-01 9.35727E-01 9.64081E-01
 4.36516E+00 4.94159E-01 7.03598E-01 9.36488E-01 9.64865E-01
 4.41570E+00 4.94552E-01 7.04157E-01 9.37234E-01 9.65633E-01
 4.46684E+00 4.94937E-01 7.04705E-01 9.37963E-01 9.66384E-01
 4.51856E+00 4.95314E-01 7.05242E-01 9.38677E-01 9.67119E-01
 4.57088E+00 4.95682E-01 7.05766E-01 9.39375E-01 9.67839E-01
 4.62381E+00 4.96043E-01 7.06280E-01 9.40058E-01 9.68543E-01
 4.67735E+00 4.96396E-01 7.06782E-01 9.40727E-01 9.69232E-01
 4.73151E+00 4.96741E-01 7.07274E-01 9.41382E-01 9.69906E-01
 4.78630E+00 4.97079E-01 7.07755E-01 9.42022E-01 9.70566E-01
 4.84172E+00 4.97410E-01 7.08226E-01 9.42648E-01 9.71212E-01
 4.89779E+00 4.97733E-01 7.08686E-01 9.43261E-01 9.71843E-01
 4.95450E+00 4.98050E-01 7.09137E-01 9.43861E-01 9.72461E-01
 5.01187E+00 4.98359E-01 7.09578E-01 9.44448E-01 9.73066E-01
 5.06991E+00 4.98662E-01 7.10009E-01 9.45022E-01 9.73657E-01
 5.12861E+00 4.98959E-01 7.10431E-01 9.45584E-01 9.74236E-01
 5.18800E+00 4.99248E-01 7.10844E-01 9.46133E-01 9.74802E-01
 5.24807E+00 4.99532E-01 7.11248E-01 9.46671E-01 9.75356E-01
 5.30884E+00 4.99810E-01 7.11643E-01 9.47197E-01 9.75898E-01
 5.37032E+00 5.00081E-01 7.12029E-01 9.47711E-01 9.76428E-01
 5.43250E+00 5.00347E-01 7.12408E-01 9.48214E-01 9.76946E-01
 5.49541E+00 5.00606E-01 7.12777E-01 9.48707E-01 9.77454E-01
 5.55904E+00 5.00860E-01 7.13139E-01 9.49188E-01 9.77950E-01
 5.62341E+00 5.01109E-01 7.13493E-01 9.49659E-01 9.78435E-01
 5.68853E+00 5.01352E-01 7.13839E-01 9.50120E-01 9.78910E-01
 5.75440E+00 5.01590E-01 7.14178E-01 9.50571E-01 9.79374E-01
 5.82103E+00 5.01822E-01 7.14509E-01 9.51011E-01 9.79828E-01
 5.88844E+00 5.02050E-01 7.14833E-01 9.51442E-01 9.80272E-01
 5.95662E+00 5.02272E-01 7.15150E-01 9.51864E-01 9.80706E-01
 6.02560E+00 5.02490E-01 7.15459E-01 9.52276E-01 9.81131E-01
 6.09537E+00 5.02703E-01 7.15762E-01 9.52680E-01 9.81547E-01
 6.16595E+00 5.02911E-01 7.16059E-01 9.53074E-01 9.81953E-01
 6.23735E+00 5.03114E-01 7.16348E-01 9.53460E-01 9.82351E-01
 6.30957E+00 5.03313E-01 7.16632E-01 9.53837E-01 9.82739E-01
 6.38263E+00 5.03508E-01 7.16909E-01 9.54206E-01 9.83119E-01
 6.45654E+00 5.03699E-01 7.17180E-01 9.54567E-01 9.83491E-01
 6.53131E+00 5.03885E-01 7.17445E-01 9.54920E-01 9.83855E-01
 6.60693E+00 5.04067E-01 7.17704E-01 9.55265E-01 9.84210E-01
 6.68344E+00 5.04245E-01 7.17958E-01 9.55602E-01 9.84558E-01
 6.76083E+00 5.04419E-01 7.18206E-01 9.55932E-01 9.84898E-01
 6.83912E+00 5.04589E-01 7.18448E-01 9.56254E-01 9.85230E-01
 6.91831E+00 5.04756E-01 7.18685E-01 9.56570E-01 9.85555E-01
 6.99842E+00 5.04918E-01 7.18917E-01 9.56878E-01 9.85873E-01
 7.07946E+00 5.05078E-01 7.19144E-01 9.57180E-01 9.86184E-01
 7.16143E+00 5.05233E-01 7.19365E-01 9.57475E-01 9.86487E-01
 7.24436E+00 5.05385E-01 7.19582E-01 9.57763E-01 9.86785E-01
 7.32825E+00 5.05534E-01 7.19794E-01 9.58045E-01 9.87075E-01
 7.41310E+00 5.05680E-01 7.20001E-01 9.58321E-01 9.87359E-01
 7.49894E+00 5.05822E-01 7.20203E-01 9.58591E-01 9.87637E-01
 7.58578E+00 5.05961E-01 7.20401E-01 9.58854E-01 9.87908E-01
 7.67361E+00 5.06097E-01 7.20595E-01 9.59112E-01 9.88174E-01
 7.76247E+00 5.06230E-01 7.20784E-01 9.59364E-01 9.88434E-01
 7.85236E+00 5.06360E-01 7.20969E-01 9.59610E-01 9.88687E-01
 7.94328E+00 5.06487E-01 7.21150E-01 9.59851E-01 9.88936E-01
 8.03526E+00 5.06611E-01 7.21327E-01 9.60087E-01 9.89178E-01
 8.12831E+00 5.06733E-01 7.21500E-01 9.60317E-01 9.89415E-01
 8.22243E+00 5.06851E-01 7.21669E-01 9.60542E-01 9.89647E-01
 8.31764E+00 5.06968E-01 7.21835E-01 9.60762E-01 9.89874E-01
 8.41395E+00 5.07081E-01 7.21996E-01 9.60977E-01 9.90096E-01
 8.51138E+00 5.07192E-01 7.22154E-01 9.61187E-01 9.90312E-01
 8.60994E+00 5.07301E-01 7.22309E-01 9.61393E-01 9.90524E-01
 8.70964E+00 5.07407E-01 7.22460E-01 9.61594E-01 9.90731E-01
 8.81049E+00 5.07510E-01 7.22608E-01 9.61791E-01 9.90934E-01
 8.91251E+00 5.07612E-01 7.22752E-01 9.61983E-01 9.91132E-01
 9.01571E+00 5.07711E-01 7.22893E-01 9.62171E-01 9.91325E-01
 9.12011E+00 5.07808E-01 7.23031E-01 9.62354E-01 9.91515E-01
 9.22571E+00 5.07902E-01 7.23166E-01 9.62534E-01 9.91699E-01
 9.33254E+00 5.07995E-01 7.23298E-01 9.62709E-01 9.91880E-01
 9.44061E+00 5.08086E-01 7.23427E-01 9.62881E-01 9.92057E-01
 9.54993E+00 5.08174E-01 7.23553E-01 9.63048E-01 9.92230E-01
 9.66051E+00 5.08261E-01 7.23676E-01 9.63212E-01 9.92399E-01
 9.77237E+00 5.08345E-01 7.23796E-01 9.63373E-01 9.92564E-01
 9.88553E+00 5.08428E-01 7.23914E-01 9.63529E-01 9.92725E-01
 1.00000E+01 5.08509E-01 7.24029E-01 9.63682E-01 9.92883E-01
 1.01158E+01 5.08588E-01 7.24141E-01 9.63832E-01 9.93037E-01
 1.02329E+01 5.08665E-01 7.24251E-01 9.63978E-01 9.93188E-01
 1.03514E+01 5.08740E-01 7.24359E-01 9.64121E-01 9.93335E-01
 1.04713E+01 5.08814E-01 7.24464E-01 9.64261E-01 9.93479E-01
 1.05925E+01 5.08886E-01 7.24566E-01 9.64398E-01 9.93620E-01
 1.07152E+01 5.08957E-01 7.24667E-01 9.64531E-01 9.93758E-01
 1.08393E+01 5.09025E-01 7.24765E-01 9.64662E-01 9.93892E-01
 1.09648E+01 5.09093E-01 7.24861E-01 9.64790E-01 9.94024E-01
 1.10917E+01 5.09159E-01 7.24954E-01 9.64914E-01 9.94152E-01
 1.12202E+01 5.09223E-01 7.25046E-01 9.65036E-01 9.94278E-01
 1.13501E+01 5.09286E-01 7.25136E-01 9.65155E-01 9.94401E-01
 1.14815E+01 5.09347E-01 7.25223E-01 9.65272E-01 9.94521E-01
 1.16145E+01 5.09407E-01 7.25309E-01 9.65386E-01 9.94638E-01
 1.17490E+01 5.09466E-01 7.25392E-01 9.65497E-01 9.94753E-01
 1.18850E+01 5.09524E-01 7.25474E-01 9.65606E-01 9.94865E-01
 1.20226E+01 5.09580E-01 7.25554E-01 9.65712E-01 9.94974E-01
 1.21619E+01 5.09635E-01 7.25632E-01 9.65816E-01 9.95082E-01
 1.23027E+01 5.09688E-01 7.25708E-01 9.65918E-01 9.95186E-01
 1.24451E+01 5.09741E-01 7.25783E-01 9.66017E-01 9.95289E-01
 1.25893E+01 5.09792E-01 7.25856E-01 9.66114E-01 9.95389E-01
 1.27350E+01 5.09842E-01 7.25927E-01 9.66209E-01 9.95486E-01
 1.28825E+01 5.09891E-01 7.25997E-01 9.66302E-01 9.95582E-01
 1.30317E+01 5.09939E-01 7.26065E-01 9.66393E-01 9.95675E-01
 1.31826E+01 5.09985E-01 7.26132E-01 9.66481E-01 9.95767E-01
 1.33352E+01 5.10031E-01 7.26197E-01 9.66568E-01 9.95856E-01
 1.34896E+01 5.10076E-01 7.26260E-01 9.66652E-01 9.95943E-01
 1.36458E+01 5.10119E-01 7.26322E-01 9.66735E-01 9.96028E-01
 1.38038E+01 5.10162E-01 7.26383E-01 9.66816E-01 9.96111E-01
 1.39637E+01 5.10204E-01 7.26443E-01 9.66895E-01 9.96193E-01
 1.41254E+01 5.10245E-01 7.26501E-01 9.66972E-01 9.96272E-01
 1.42889E+01 5.10284E-01 7.26557E-01 9.67048E-01 9.96350E-01
 1.44544E+01 5.10323E-01 7.26613E-01 9.67122E-01 9.96426E-01
 1.46218E+01 5.10361E-01 7.26667E-01 9.67194E-01 9.96501E-01
 1.47911E+01 5.10399E-01 7.26720E-01 9.67264E-01 9.96573E-01
 1.49624E+01 5.10435E-01 7.26772E-01 9.67333E-01 9.96644E-01
 1.51356E+01 5.10470E-01 7.26822E-01 9.67400E-01 9.96714E-01
 1.53109E+01 5.10505E-01 7.26872E-01 9.67466E-01 9.96781E-01
 1.54882E+01 5.10539E-01 7.26920E-01 9.67530E-01 9.96848E-01
 1.56675E+01 5.10572E-01 7.26967E-01 9.67593E-01 9.96912E-01
 1.58489E+01 5.10605E-01 7.27013E-01 9.67655E-01 9.96976E-01
 1.60325E+01 5.10636E-01 7.27058E-01 9.67715E-01 9.97037E-01
 1.62181E+01 5.10667E-01 7.27103E-01 9.67773E-01 9.97098E-01
 1.64059E+01 5.10698E-01 7.27146E-01 9.67831E-01 9.97157E-01
 1.65959E+01 5.10727E-01 7.27188E-01 9.67887E-01 9.97215E-01
 1.67880E+01 5.10756E-01 7.27229E-01 9.67942E-01 9.97271E-01
 1.69824E+01 5.10784E-01 7.27269E-01 9.67995E-01 9.97326E-01
 1.71791E+01 5.10812E-01 7.27308E-01 9.68047E-01 9.97380E-01
 1.73780E+01 5.10839E-01 7.27347E-01 9.68099E-01 9.97433E-01
 1.75792E+01 5.10865E-01 7.27384E-01 9.68149E-01 9.97484E-01
 1.77828E+01 5.10891E-01 7.27421E-01 9.68197E-01 9.97535E-01
 1.79887E+01 5.10916E-01 7.27457E-01 9.68245E-01 9.97584E-01
 1.81970E+01 5.10941E-01 7.27492E-01 9.68292E-01 9.97632E-01
 1.84077E+01 5.10965E-01 7.27526E-01 9.68337E-01 9.97679E-01
 1.86209E+01 5.10988E-01 7.27560E-01 9.68382E-01 9.97725E-01
 1.88365E+01 5.11011E-01 7.27592E-01 9.68426E-01 9.97770E-01
 1.90546E+01 5.11034E-01 7.27624E-01 9.68468E-01 9.97814E-01
 1.92752E+01 5.11056E-01 7.27656E-01 9.68510E-01 9.97857E-01
 1.94984E+01 5.11077E-01 7.27686E-01 9.68550E-01 9.97898E-01
 1.97242E+01 5.11098E-01 7.27716E-01 9.68590E-01 9.97939E-01
 1.99526E+01 5.11119E-01 7.27745E-01 9.68629E-01 9.97979E-01
 2.01837E+01 5.11139E-01 7.27774E-01 9.68667E-01 9.98019E-01
 2.04174E+01 5.11158E-01 7.27802E-01 9.68704E-01 9.98057E-01
 2.06538E+01 5.11178E-01 7.27829E-01 9.68740E-01 9.98094E-01
 2.08930E+01 5.11196E-01 7.27856E-01 9.68776E-01 9.98131E-01
 2.11349E+01 5.11214E-01 7.27882E-01 9.68810E-01 9.98166E-01
 2.13796E+01 5.11232E-01 7.27907E-01 9.68844E-01 9.98201E-01
 2.16272E+01 5.11250E-01 7.27932E-01 9.68877E-01 9.98235E-01
 2.18776E+01 5.11267E-01 7.27956E-01 9.68910E-01 9.98269E-01
 2.21309E+01 5.11284E-01 7.27980E-01 9.68941E-01 9.98301E-01
 2.23872E+01 5.11300E-01 7.28003E-01 9.68972E-01 9.98333E-01
 2.26464E+01 5.11316E-01 7.28026E-01 9.69002E-01 9.98364E-01
 2.29087E+01 5.11331E-01 7.28048E-01 9.69032E-01 9.98394E-01
 2.31739E+01 5.11346E-01 7.28069E-01 9.69060E-01 9.98424E-01
 2.34423E+01 5.11361E-01 7.28091E-01 9.69089E-01 9.98453E-01
 2.37137E+01 5.11376E-01 7.28111E-01 9.69116E-01 9.98481E-01
 2.39883E+01 5.11390E-01 7.28132E-01 9.69143E-01 9.98509E-01
 2.42661E+01 5.11404E-01 7.28151E-01 9.69169E-01 9.98536E-01
 2.45471E+01 5.11417E-01 7.28171E-01 9.69195E-01 9.98563E-01
 2.48313E+01 5.11431E-01 7.28189E-01 9.69220E-01 9.98588E-01
 2.51189E+01 5.11444E-01 7.28208E-01 9.69245E-01 9.98614E-01
 2.54097E+01 5.11456E-01 7.28226E-01 9.69269E-01 9.98638E-01
 2.57040E+01 5.11469E-01 7.28243E-01 9.69292E-01 9.98663E-01
 2.60016E+01 5.11481E-01 7.28261E-01 9.69315E-01 9.98686E-01
 2.63027E+01 5.11493E-01 7.28278E-01 9.69337E-01 9.98709E-01
 2.66073E+01 5.11504E-01 7.28294E-01 9.69359E-01 9.98732E-01
 2.69153E+01 5.11515E-01 7.28310E-01 9.69381E-01 9.98754E-01
 2.72270E+01 5.11526E-01 7.28326E-01 9.69401E-01 9.98775E-01
 2.75423E+01 5.11537E-01 7.28341E-01 9.69422E-01 9.98796E-01
 2.78612E+01 5.11548E-01 7.28356E-01 9.69442E-01 9.98817E-01
 2.81838E+01 5.11558E-01 7.28371E-01 9.69461E-01 9.98837E-01
 2.85102E+01 5.11568E-01 7.28385E-01 9.69480E-01 9.98857E-01
 2.88403E+01 5.11578E-01 7.28399E-01 9.69499E-01 9.98876E-01
 2.91743E+01 5.11587E-01 7.28413E-01 9.69517E-01 9.98895E-01
 2.95121E+01 5.11597E-01 7.28426E-01 9.69535E-01 9.98913E-01
 2.98538E+01 5.11606E-01 7.28439E-01 9.69552E-01 9.98931E-01
 3.01995E+01 5.11615E-01 7.28452E-01 9.69569E-01 9.98948E-01
 3.05492E+01 5.11624E-01 7.28464E-01 9.69586E-01 9.98965E-01
 3.09030E+01 5.11632E-01 7.28476E-01 9.69602E-01 9.98982E-01
 3.12608E+01 5.11641E-01 7.28488E-01 9.69618E-01 9.98998E-01
 3.16228E+01 5.11649E-01 7.28500E-01 9.69634E-01 9.99014E-01
 3.19890E+01 5.11657E-01 7.28511E-01 9.69649E-01 9.99030E-01
 3.23594E+01 5.11665E-01 7.28523E-01 9.69663E-01 9.99045E-01
 3.27341E+01 5.11672E-01 7.28533E-01 9.69678E-01 9.99060E-01
 3.31131E+01 5.11680E-01 7.28544E-01 9.69692E-01 9.99075E-01
 3.34965E+01 5.11687E-01 7.28554E-01 9.69706E-01 9.99089E-01
 3.38844E+01 5.11694E-01 7.28564E-01 9.69719E-01 9.99103E-01
 3.42768E+01 5.11701E-01 7.28574E-01 9.69733E-01 9.99116E-01
 3.46737E+01 5.11708E-01 7.28584E-01 9.69745E-01 9.99130E-01
 3.50752E+01 5.11715E-01 7.28594E-01 9.69758E-01 9.99143E-01
 3.54813E+01 5.11721E-01 7.28603E-01 9.69770E-01 9.99155E-01
 3.58922E+01 5.11727E-01 7.28612E-01 9.69782E-01 9.99168E-01
 3.63078E+01 5.11734E-01 7.28621E-01 9.69794E-01 9.99180E-01
 3.67282E+01 5.11740E-01 7.28629E-01 9.69806E-01 9.99192E-01
 3.71535E+01 5.11746E-01 7.28638E-01 9.69817E-01 9.99203E-01
 3.75837E+01 5.11751E-01 7.28646E-01 9.69828E-01 9.99215E-01
 3.80189E+01 5.11757E-01 7.28654E-01 9.69839E-01 9.99226E-01
 3.84592E+01 5.11763E-01 7.28662E-01 9.69849E-01 9.99236E-01
 3.89045E+01 5.11768E-01 7.28670E-01 9.69859E-01 9.99247E-01
 3.93550E+01 5.11773E-01 7.28677E-01 9.69869E-01 9.99257E-01
 3.98107E+01 5.11778E-01 7.28684E-01 9.69879E-01 9.99267E-01
 4.02717E+01 5.11783E-01 7.28692E-01 9.69889E-01 9.99277E-01
 4.07380E+01 5.11788E-01 7.28699E-01 9.69898E-01 9.99287E-01
 4.12098E+01 5.11793E-01 7.28706E-01 9.69907E-01 9.99296E-01
 4.16869E+01 5.11798E-01 7.28712E-01 9.69916E-01 9.99305E-01
 4.21697E+01 5.11802E-01 7.28719E-01 9.69925E-01 9.99314E-01
 4.26580E+01 5.11807E-01 7.28725E-01 9.69933E-01 9.99323E-01
 4.31519E+01 5.11811E-01 7.28731E-01 9.69942E-01 9.99332E-01
 4.36516E+01 5.11816E-01 7.28738E-01 9.69950E-01 9.99340E-01
 4.41570E+01 5.11820E-01 7.28743E-01 9.69958E-01 9.99348E-01
 4.46684E+01 5.11824E-01 7.28749E-01 9.69965E-01 9.99356E-01
 4.51856E+01 5.11828E-01 7.28755E-01 9.69973E-01 9.99364E-01
 4.57088E+01 5.11832E-01 7.28761E-01 9.69980E-01 9.99372E-01
 4.62381E+01 5.11836E-01 7.28766E-01 9.69988E-01 9.99379E-01
 4.67735E+01 5.11839E-01 7.28771E-01 9.69995E-01 9.99387E-01
 4.73151E+01 5.11843E-01 7.28777E-01 9.70002E-01 9.99394E-01
 4.78630E+01 5.11847E-01 7.28782E-01 9.70008E-01 9.99401E-01
 4.84172E+01 5.11850E-01 7.28787E-01 9.70015E-01 9.99407E-01
 4.89779E+01 5.11854E-01 7.28791E-01 9.70021E-01 9.99414E-01
 4.95450E+01 5.11857E-01 7.28796E-01 9.70028E-01 9.99421E-01
 5.01187E+01 5.11860E-01 7.28801E-01 9.70034E-01 9.99427E-01
 5.06991E+01 5.11863E-01 7.28805E-01 9.70040E-01 9.99433E-01
 5.12861E+01 5.11866E-01 7.28810E-01 9.70046E-01 9.99439E-01
 5.18800E+01 5.11869E-01 7.28814E-01 9.70052E-01 9.99445E-01
 5.24807E+01 5.11872E-01 7.28818E-01 9.70057E-01 9.99451E-01
 5.30884E+01 5.11875E-01 7.28823E-01 9.70063E-01 9.99457E-01
 5.37032E+01 5.11878E-01 7.28827E-01 9.70068E-01 9.99462E-01
 5.43250E+01 5.11881E-01 7.28831E-01 9.70073E-01 9.99468E-01
 5.49541E+01 5.11884E-01 7.28834E-01 9.70079E-01 9.99473E-01
 5.55904E+01 5.11886E-01 7.28838E-01 9.70084E-01 9.99478E-01
 5.62341E+01 5.11889E-01 7.28842E-01 9.70088E-01 9.99483E-01
 5.68853E+01 5.11891E-01 7.28845E-01 9.70093E-01 9.99488E-01
 5.75440E+01 5.11894E-01 7.28849E-01 9.70098E-01 9.99493E-01
 5.82103E+01 5.11896E-01 7.28852E-01 9.70103E-01 9.99498E-01
 5.88844E+01 5.11899E-01 7.28856E-01 9.70107E-01 9.99502E-01
 5.95662E+01 5.11901E-01 7.28859E-01 9.70111E-01 9.99507E-01
 6.02560E+01 5.11903E-01 7.28862E-01 9.70116E-01 9.99511E-01
 6.09537E+01 5.11905E-01 7.28865E-01 9.70120E-01 9.99515E-01
 6.16595E+01 5.11908E-01 7.28868E-01 9.70124E-01 9.99520E-01
 6.23735E+01 5.11910E-01 7.28871E-01 9.70128E-01 9.99524E-01
 6.30957E+01 5.11912E-01 7.28874E-01 9.70132E-01 9.99528E-01
 6.38263E+01 5.11914E-01 7.28877E-01 9.70136E-01 9.99532E-01
 6.45654E+01 5.11916E-01 7.28880E-01 9.70139E-01 9.99535E-01
 6.53131E+01 5.11918E-01 7.28883E-01 9.70143E-01 9.99539E-01
 6.60693E+01 5.11920E-01 7.28885E-01 9.70146E-01 9.99543E-01
 6.68344E+01 5.11921E-01 7.28888E-01 9.70150E-01 9.99546E-01
 6.76083E+01 5.11923E-01 7.28891E-01 9.70153E-01 9.99550E-01
 6.83912E+01 5.11925E-01 7.28893E-01 9.70157E-01 9.99553E-01
 6.91831E+01 5.11927E-01 7.28895E-01 9.70160E-01 9.99557E-01
 6.99842E+01 5.11928E-01 7.28898E-01 9.70163E-01 9.99560E-01
 7.07946E+01 5.11930E-01 7.28900E-01 9.70166E-01 9.99563E-01
 7.16143E+01 5.11931E-01 7.28902E-01 9.70169E-01 9.99566E-01
 7.24436E+01 5.11933E-01 7.28905E-01 9.70172E-01 9.99569E-01
 7.32825E+01 5.11935E-01 7.28907E-01 9.70175E-01 9.99572E-01
 7.41310E+01 5.11936E-01 7.28909E-01 9.70178E-01 9.99575E-01
 7.49894E+01 5.11938E-01 7.28911E-01 9.70181E-01 9.99578E-01
 7.58578E+01 5.11939E-01 7.28913E-01 9.70183E-01 9.99581E-01
 7.67361E+01 5.11940E-01 7.28915E-01 9.70186E-01 9.99584E-01
 7.76247E+01 5.11942E-01 7.28917E-01 9.70188E-01 9.99586E-01
 7.85236E+01 5.11943E-01 7.28919E-01 9.70191E-01 9.99589E-01
 7.94328E+01 5.11944E-01 7.28921E-01 9.70193E-01 9.99591E-01
 8.03526E+01 5.11946E-01 7.28923E-01 9.70196E-01 9.99594E-01
 8.12831E+01 5.11947E-01 7.28924E-01 9.70198E-01 9.99596E-01
 8.22243E+01 5.11948E-01 7.28926E-01 9.70201E-01 9.99599E-01
 8.31764E+01 5.11949E-01 7.28928E-01 9.70203E-01 9.99601E-01
 8.41395E+01 5.11950E-01 7.28929E-01 9.70205E-01 9.99603E-01
 8.51138E+01 5.11952E-01 7.28931E-01 9.70207E-01 9.99605E-01
 8.60994E+01 5.11953E-01 7.28933E-01 9.70209E-01 9.99607E-01
 8.70964E+01 5.11954E-01 7.28934E-01 9.70211E-01 9.99610E-01
 8.81049E+01 5.11955E-01 7.28936E-01 9.70213E-01 9.99612E-01
 8.91251E+01 5.11956E-01 7.28937E-01 9.70215E-01 9.99614E-01
 9.01571E+01 5.11957E-01 7.28938E-01 9.70217E-01 9.99616E-01
 9.12011E+01 5.11958E-01 7.28940E-01 9.70219E-01 9.99618E-01
 9.22571E+01 5.11959E-01 7.28941E-01 9.70221E-01 9.99619E-01
 9.33254E+01 5.11960E-01 7.28943E-01 9.70223E-01 9.99621E-01
 9.44061E+01 5.11961E-01 7.28944E-01 9.70224E-01 9.99623E-01
 9.54993E+01 5.11961E-01 7.28945E-01 9.70226E-01 9.99625E-01
 9.66051E+01 5.11962E-01 7.28946E-01 9.70228E-01 9.99627E-01
 9.77237E+01 5.11963E-01 7.28948E-01 9.70229E-01 9.99628E-01
 9.88553E+01 5.11964E-01 7.28949E-01 9.70231E-01 9.99630E-01
 1.00000E+02 5.11965E-01 7.28950E-01 9.70232E-01 9.99631E-01
