 1.00000E-02 2.09053E-02 3.97264E-02 7.31328E-02 7.89869E-02
 2.00000E-02 2.29869E-02 4.41473E-02 8.34279E-02 9.06496E-02
 3.00000E-02 2.51405E-02 4.86849E-02 9.44976E-02 1.03772E-01
 4.00000E-02 2.73211E-02 5.33245E-02 1.06305E-01 1.18460E-01
 5.00000E-02 2.95319E-02 5.80274E-02 1.18666E-01 1.34860E-01
 6.00000E-02 3.17525E-02 6.27497E-02 1.31293E-01 1.53000E-01
 7.00000E-02 3.39784E-02 6.74638E-02 1.43951E-01 1.72121E-01
 8.00000E-02 3.61976E-02 7.21510E-02 1.56469E-01 1.90960E-01
 9.00000E-02 3.84062E-02 7.67914E-02 1.68745E-01 2.09112E-01
 1.00000E-01 4.05981E-02 8.13696E-02 1.80714E-01 2.26518E-01
 1.10000E-01 4.27711E-02 8.58841E-02 1.92348E-01 2.43194E-01
 1.20000E-01 4.49221E-02 9.03254E-02 2.03637E-01 2.59175E-01
 1.30000E-01 4.70496E-02 9.46912E-02 2.14582E-01 2.74495E-01
 1.40000E-01 4.91523E-02 9.89804E-02 2.25192E-01 2.89193E-01
 1.50000E-01 5.12302E-02 1.03193E-01 2.35476E-01 3.03305E-01
 1.60000E-01 5.32830E-02 1.07329E-01 2.45442E-01 3.16872E-01
 1.70000E-01 5.53110E-02 1.11389E-01 2.55103E-01 3.29918E-01
 1.80000E-01 5.73143E-02 1.15378E-01 2.64472E-01 3.42473E-01
 1.90000E-01 5.92931E-02 1.19294E-01 2.73561E-01 3.54564E-01
 2.00000E-01 6.12478E-02 1.23139E-01 2.82387E-01 3.66218E-01
 2.10000E-01 6.31798E-02 1.26918E-01 2.90958E-01 3.77466E-01
 2.20000E-01 6.50891E-02 1.30631E-01 2.99284E-01 3.88323E-01
 2.30000E-01 6.69768E-02 1.34281E-01 3.07376E-01 3.98810E-01
 2.40000E-01 6.88432E-02 1.37871E-01 3.15250E-01 4.08947E-01
 2.50000E-01 7.06901E-02 1.41400E-01 3.22910E-01 4.18751E-01
 2.60000E-01 7.25173E-02 1.44874E-01 3.30366E-01 4.28241E-01
 2.70000E-01 7.43259E-02 1.48293E-01 3.37631E-01 4.37435E-01
 2.80000E-01 7.61168E-02 1.51660E-01 3.44708E-01 4.46344E-01
 2.90000E-01 7.78909E-02 1.54976E-01 3.51610E-01 4.54983E-01
 3.00000E-01 7.96491E-02 1.58245E-01 3.58341E-01 4.63363E-01
 3.10000E-01 8.13920E-02 1.61466E-01 3.64911E-01 4.71498E-01
 3.20000E-01 8.31205E-02 1.64644E-01 3.71324E-01 4.79398E-01
 3.30000E-01 8.48355E-02 1.67779E-01 3.77589E-01 4.87075E-01
 3.40000E-01 8.65378E-02 1.70873E-01 3.83710E-01 4.94540E-01
 3.50000E-01 8.82281E-02 1.73928E-01 3.89696E-01 5.01802E-01
 3.60000E-01 8.99070E-02 1.76945E-01 3.95547E-01 5.08869E-01
 3.70000E-01 9.15754E-02 1.79927E-01 4.01275E-01 5.15750E-01
 3.80000E-01 9.32342E-02 1.82874E-01 4.06880E-01 5.22452E-01
 3.90000E-01 9.48841E-02 1.85789E-01 4.12369E-01 5.28983E-01
 4.00000E-01 9.65255E-02 1.88673E-01 4.17747E-01 5.35350E-01
 4.10000E-01 9.81595E-02 1.91526E-01 4.23016E-01 5.41559E-01
 4.20000E-01 9.97866E-02 1.94352E-01 4.28181E-01 5.47618E-01
 4.30000E-01 1.01407E-01 1.97150E-01 4.33247E-01 5.53532E-01
 4.40000E-01 1.03023E-01 1.99922E-01 4.38217E-01 5.59307E-01
 4.50000E-01 1.04633E-01 2.02669E-01 4.43093E-01 5.64948E-01
 4.60000E-01 1.06239E-01 2.05393E-01 4.47881E-01 5.70461E-01
 4.70000E-01 1.07841E-01 2.08094E-01 4.52583E-01 5.75849E-01
 4.80000E-01 1.09440E-01 2.10774E-01 4.57201E-01 5.81119E-01
 4.90000E-01 1.11037E-01 2.13433E-01 4.61738E-01 5.86273E-01
 5.00000E-01 1.12631E-01 2.16073E-01 4.66198E-01 5.91316E-01
 5.10000E-01 1.14224E-01 2.18694E-01 4.70583E-01 5.96253E-01
 5.20000E-01 1.15816E-01 2.21297E-01 4.74896E-01 6.01086E-01
 5.30000E-01 1.17408E-01 2.23885E-01 4.79139E-01 6.05820E-01
 5.40000E-01 1.19000E-01 2.26455E-01 4.83313E-01 6.10458E-01
 5.50000E-01 1.20593E-01 2.29011E-01 4.87421E-01 6.15002E-01
 5.60000E-01 1.22187E-01 2.31553E-01 4.91466E-01 6.19457E-01
 5.70000E-01 1.23782E-01 2.34081E-01 4.95448E-01 6.23824E-01
 5.80000E-01 1.25380E-01 2.36596E-01 4.99371E-01 6.28107E-01
 5.90000E-01 1.26980E-01 2.39099E-01 5.03235E-01 6.32308E-01
 6.00000E-01 1.28584E-01 2.41590E-01 5.07043E-01 6.36431E-01
 6.10000E-01 1.30191E-01 2.44071E-01 5.10796E-01 6.40477E-01
 6.20000E-01 1.31802E-01 2.46541E-01 5.14496E-01 6.44448E-01
 6.30000E-01 1.33417E-01 2.49002E-01 5.18143E-01 6.48347E-01
 6.40000E-01 1.35038E-01 2.51454E-01 5.21741E-01 6.52176E-01
 6.50000E-01 1.36664E-01 2.53897E-01 5.25289E-01 6.55937E-01
 6.60000E-01 1.38295E-01 2.56332E-01 5.28789E-01 6.59632E-01
 6.70000E-01 1.39933E-01 2.58760E-01 5.32243E-01 6.63263E-01
 6.80000E-01 1.41578E-01 2.61181E-01 5.35651E-01 6.66831E-01
 6.90000E-01 1.43230E-01 2.63596E-01 5.39015E-01 6.70339E-01
 7.00000E-01 1.44889E-01 2.66005E-01 5.42336E-01 6.73787E-01
 7.10000E-01 1.46556E-01 2.68408E-01 5.45615E-01 6.77178E-01
 7.20000E-01 1.48231E-01 2.70807E-01 5.48852E-01 6.80513E-01
 7.30000E-01 1.49915E-01 2.73201E-01 5.52050E-01 6.83793E-01
 7.40000E-01 1.51609E-01 2.75590E-01 5.55208E-01 6.87020E-01
 7.50000E-01 1.53312E-01 2.77977E-01 5.58327E-01 6.90195E-01
 7.60000E-01 1.55024E-01 2.80360E-01 5.61410E-01 6.93320E-01
 7.70000E-01 1.56747E-01 2.82740E-01 5.64455E-01 6.96396E-01
 7.80000E-01 1.58481E-01 2.85118E-01 5.67465E-01 6.99423E-01
 7.90000E-01 1.60226E-01 2.87493E-01 5.70440E-01 7.02404E-01
 8.00000E-01 1.61982E-01 2.89867E-01 5.73381E-01 7.05339E-01
 8.10000E-01 1.63750E-01 2.92240E-01 5.76288E-01 7.08229E-01
 8.20000E-01 1.65530E-01 2.94611E-01 5.79161E-01 7.11075E-01
 8.30000E-01 1.67323E-01 2.96982E-01 5.82003E-01 7.13878E-01
 8.40000E-01 1.69128E-01 2.99353E-01 5.84814E-01 7.16639E-01
 8.50000E-01 1.70946E-01 3.01724E-01 5.87593E-01 7.19360E-01
 8.60000E-01 1.72778E-01 3.04095E-01 5.90342E-01 7.22040E-01
 8.70000E-01 1.74624E-01 3.06467E-01 5.93060E-01 7.24682E-01
 8.80000E-01 1.76483E-01 3.08840E-01 5.95750E-01 7.27286E-01
 8.90000E-01 1.78357E-01 3.11214E-01 5.98412E-01 7.29852E-01
 9.00000E-01 1.80246E-01 3.13589E-01 6.01044E-01 7.32381E-01
 9.10000E-01 1.82150E-01 3.15967E-01 6.03649E-01 7.34875E-01
 9.20000E-01 1.84068E-01 3.18347E-01 6.06228E-01 7.37333E-01
 9.30000E-01 1.86002E-01 3.20729E-01 6.08779E-01 7.39757E-01
 9.40000E-01 1.87952E-01 3.23114E-01 6.11305E-01 7.42147E-01
 9.50000E-01 1.89917E-01 3.25502E-01 6.13804E-01 7.44504E-01
 9.60000E-01 1.91898E-01 3.27893E-01 6.16279E-01 7.46829E-01
 9.70000E-01 1.93896E-01 3.30287E-01 6.18728E-01 7.49122E-01
 9.80000E-01 1.95910E-01 3.32685E-01 6.21153E-01 7.51383E-01
 9.90000E-01 1.97940E-01 3.35087E-01 6.23554E-01 7.53614E-01
 1.00000E+00 1.99988E-01 3.37493E-01 6.25932E-01 7.55815E-01
 1.01158E+00 2.02379E-01 3.40285E-01 6.28656E-01 7.58327E-01
 1.02329E+00 2.04821E-01 3.43115E-01 6.31380E-01 7.60829E-01
 1.03514E+00 2.07315E-01 3.45984E-01 6.34105E-01 7.63321E-01
 1.04713E+00 2.09863E-01 3.48894E-01 6.36830E-01 7.65802E-01
 1.05925E+00 2.12465E-01 3.51845E-01 6.39555E-01 7.68272E-01
 1.07152E+00 2.15091E-01 3.54838E-01 6.42280E-01 7.70732E-01
 1.08393E+00 2.17709E-01 3.57875E-01 6.45005E-01 7.73180E-01
 1.09648E+00 2.20318E-01 3.60955E-01 6.47730E-01 7.75617E-01
 1.10917E+00 2.22917E-01 3.64081E-01 6.50454E-01 7.78043E-01
 1.12202E+00 2.25505E-01 3.67252E-01 6.53178E-01 7.80458E-01
 1.13501E+00 2.28082E-01 3.70470E-01 6.55901E-01 7.82861E-01
 1.14815E+00 2.30646E-01 3.73737E-01 6.58624E-01 7.85252E-01
 1.16145E+00 2.33197E-01 3.77052E-01 6.61345E-01 7.87631E-01
 1.17490E+00 2.35735E-01 3.80417E-01 6.64066E-01 7.89998E-01
 1.18850E+00 2.38259E-01 3.83832E-01 6.66785E-01 7.92352E-01
 1.20226E+00 2.40769E-01 3.87300E-01 6.69503E-01 7.94694E-01
 1.21619E+00 2.43262E-01 3.90819E-01 6.72220E-01 7.97023E-01
 1.23027E+00 2.45740E-01 3.94392E-01 6.74935E-01 7.99340E-01
 1.24451E+00 2.48201E-01 3.98020E-01 6.77649E-01 8.01643E-01
 1.25893E+00 2.50646E-01 4.01702E-01 6.80361E-01 8.03933E-01
 1.27350E+00 2.53073E-01 4.05440E-01 6.83071E-01 8.06210E-01
 1.28825E+00 2.55481E-01 4.09234E-01 6.85779E-01 8.08474E-01
 1.30317E+00 2.57871E-01 4.13060E-01 6.88486E-01 8.10724E-01
 1.31826E+00 2.60242E-01 4.16858E-01 6.91190E-01 8.12960E-01
 1.33352E+00 2.62594E-01 4.20625E-01 6.93892E-01 8.15183E-01
 1.34896E+00 2.64926E-01 4.24360E-01 6.96591E-01 8.17391E-01
 1.36458E+00 2.67237E-01 4.28062E-01 6.99288E-01 8.19585E-01
 1.38038E+00 2.69528E-01 4.31731E-01 7.01982E-01 8.21765E-01
 1.39637E+00 2.71797E-01 4.35367E-01 7.04674E-01 8.23930E-01
 1.41254E+00 2.74045E-01 4.38968E-01 7.07363E-01 8.26081E-01
 1.42889E+00 2.76272E-01 4.42534E-01 7.10049E-01 8.28217E-01
 1.44544E+00 2.78476E-01 4.46065E-01 7.12732E-01 8.30338E-01
 1.46218E+00 2.80659E-01 4.49561E-01 7.15412E-01 8.32444E-01
 1.47911E+00 2.82818E-01 4.53020E-01 7.18089E-01 8.34535E-01
 1.49624E+00 2.84955E-01 4.56443E-01 7.20763E-01 8.36611E-01
 1.51356E+00 2.87069E-01 4.59828E-01 7.23434E-01 8.38671E-01
 1.53109E+00 2.89159E-01 4.63177E-01 7.26101E-01 8.40717E-01
 1.54882E+00 2.91226E-01 4.66488E-01 7.28764E-01 8.42746E-01
 1.56675E+00 2.93269E-01 4.69761E-01 7.31425E-01 8.44760E-01
 1.58489E+00 2.95289E-01 4.72996E-01 7.34081E-01 8.46758E-01
 1.60325E+00 2.97285E-01 4.76192E-01 7.36734E-01 8.48741E-01
 1.62181E+00 2.99256E-01 4.79351E-01 7.39383E-01 8.50707E-01
 1.64059E+00 3.01204E-01 4.82470E-01 7.42029E-01 8.52658E-01
 1.65959E+00 3.03127E-01 4.85551E-01 7.44671E-01 8.54592E-01
 1.67880E+00 3.05026E-01 4.88592E-01 7.47308E-01 8.56510E-01
 1.69824E+00 3.06900E-01 4.91595E-01 7.49942E-01 8.58412E-01
 1.71791E+00 3.08751E-01 4.94559E-01 7.52572E-01 8.60298E-01
 1.73780E+00 3.10576E-01 4.97483E-01 7.55198E-01 8.62167E-01
 1.75792E+00 3.12378E-01 5.00369E-01 7.57819E-01 8.64020E-01
 1.77828E+00 3.14155E-01 5.03215E-01 7.60437E-01 8.65857E-01
 1.79887E+00 3.15907E-01 5.06022E-01 7.63050E-01 8.67677E-01
 1.81970E+00 3.17635E-01 5.08790E-01 7.65659E-01 8.69481E-01
 1.84077E+00 3.19339E-01 5.11520E-01 7.68263E-01 8.71268E-01
 1.86209E+00 3.21019E-01 5.14210E-01 7.70863E-01 8.73038E-01
 1.88365E+00 3.22674E-01 5.16861E-01 7.73458E-01 8.74792E-01
 1.90546E+00 3.24305E-01 5.19474E-01 7.76049E-01 8.76529E-01
 1.92752E+00 3.25912E-01 5.22049E-01 7.78635E-01 8.78250E-01
 1.94984E+00 3.27496E-01 5.24585E-01 7.81216E-01 8.79954E-01
 1.97242E+00 3.29055E-01 5.27083E-01 7.83793E-01 8.81641E-01
 1.99526E+00 3.30591E-01 5.29542E-01 7.86364E-01 8.83312E-01
 2.01837E+00 3.32103E-01 5.31965E-01 7.88930E-01 8.84966E-01
 2.04174E+00 3.33592E-01 5.34349E-01 7.91491E-01 8.86603E-01
 2.06538E+00 3.35057E-01 5.36697E-01 7.94047E-01 8.88224E-01
 2.08930E+00 3.36499E-01 5.39007E-01 7.96597E-01 8.89828E-01
 2.11349E+00 3.37919E-01 5.41280E-01 7.99141E-01 8.91415E-01
 2.13796E+00 3.39315E-01 5.43517E-01 8.01680E-01 8.92986E-01
 2.16272E+00 3.40689E-01 5.45718E-01 8.04213E-01 8.94540E-01
 2.18776E+00 3.42041E-01 5.47883E-01 8.06739E-01 8.96078E-01
 2.21309E+00 3.43370E-01 5.50012E-01 8.09259E-01 8.97599E-01
 2.23872E+00 3.44677E-01 5.52106E-01 8.11773E-01 8.99104E-01
 2.26464E+00 3.45962E-01 5.54165E-01 8.14279E-01 9.00593E-01
 2.29087E+00 3.47226E-01 5.56189E-01 8.16779E-01 9.02065E-01
 2.31739E+00 3.48468E-01 5.58179E-01 8.19271E-01 9.03521E-01
 2.34423E+00 3.49689E-01 5.60135E-01 8.21756E-01 9.04961E-01
 2.37137E+00 3.50889E-01 5.62057E-01 8.24233E-01 9.06384E-01
 2.39883E+00 3.52069E-01 5.63946E-01 8.26701E-01 9.07792E-01
 2.42661E+00 3.53228E-01 5.65802E-01 8.29162E-01 9.09183E-01
 2.45471E+00 3.54366E-01 5.67626E-01 8.31613E-01 9.10559E-01
 2.48313E+00 3.55484E-01 5.69417E-01 8.34055E-01 9.11918E-01
 2.51189E+00 3.56583E-01 5.71177E-01 8.36487E-01 9.13262E-01
 2.54097E+00 3.57662E-01 5.72905E-01 8.38910E-01 9.14590E-01
 2.57040E+00 3.58721E-01 5.74602E-01 8.41322E-01 9.15903E-01
 2.60016E+00 3.59762E-01 5.76269E-01 8.43723E-01 9.17200E-01
 2.63027E+00 3.60783E-01 5.77905E-01 8.46111E-01 9.18481E-01
 2.66073E+00 3.61786E-01 5.79512E-01 8.48463E-01 9.19747E-01
 2.69153E+00 3.62771E-01 5.81089E-01 8.50772E-01 9.20998E-01
 2.72270E+00 3.63737E-01 5.82637E-01 8.53038E-01 9.22233E-01
 2.75423E+00 3.64686E-01 5.84156E-01 8.55263E-01 9.23454E-01
 2.78612E+00 3.65616E-01 5.85647E-01 8.57446E-01 9.24659E-01
 2.81838E+00 3.66530E-01 5.87110E-01 8.59588E-01 9.25849E-01
 2.85102E+00 3.67426E-01 5.88546E-01 8.61690E-01 9.27025E-01
 2.88403E+00 3.68305E-01 5.89954E-01 8.63752E-01 9.28186E-01
 2.91743E+00 3.69168E-01 5.91336E-01 8.65775E-01 9.29333E-01
 2.95121E+00 3.70014E-01 5.92692E-01 8.67760E-01 9.30465E-01
 2.98538E+00 3.70844E-01 5.94021E-01 8.69706E-01 9.31582E-01
 3.01995E+00 3.71659E-01 5.95325E-01 8.71616E-01 9.32686E-01
 3.05492E+00 3.72457E-01 5.96604E-01 8.73488E-01 9.33775E-01
 3.09030E+00 3.73240E-01 5.97858E-01 8.75324E-01 9.34850E-01
 3.12608E+00 3.74008E-01 5.99088E-01 8.77125E-01 9.35911E-01
 3.16228E+00 3.74761E-01 6.00294E-01 8.78891E-01 9.36959E-01
 3.19890E+00 3.75499E-01 6.01476E-01 8.80622E-01 9.37992E-01
 3.23594E+00 3.76222E-01 6.02636E-01 8.82319E-01 9.39013E-01
 3.27341E+00 3.76932E-01 6.03772E-01 8.83982E-01 9.40019E-01
 3.31131E+00 3.77627E-01 6.04886E-01 8.85613E-01 9.41013E-01
 3.34965E+00 3.78309E-01 6.05977E-01 8.87212E-01 9.41993E-01
 3.38844E+00 3.78977E-01 6.07047E-01 8.88778E-01 9.42960E-01
 3.42768E+00 3.79631E-01 6.08096E-01 8.90314E-01 9.43914E-01
 3.46737E+00 3.80273E-01 6.09124E-01 8.91818E-01 9.44856E-01
 3.50752E+00 3.80902E-01 6.10131E-01 8.93293E-01 9.45784E-01
 3.54813E+00 3.81518E-01 6.11118E-01 8.94737E-01 9.46700E-01
 3.58922E+00 3.82121E-01 6.12085E-01 8.96153E-01 9.47604E-01
 3.63078E+00 3.82713E-01 6.13032E-01 8.97540E-01 9.48495E-01
 3.67282E+00 3.83292E-01 6.13960E-01 8.98899E-01 9.49374E-01
 3.71535E+00 3.83860E-01 6.14869E-01 9.00230E-01 9.50241E-01
 3.75837E+00 3.84416E-01 6.15760E-01 9.01534E-01 9.51096E-01
 3.80189E+00 3.84960E-01 6.16632E-01 9.02811E-01 9.51939E-01
 3.84592E+00 3.85494E-01 6.17487E-01 9.04062E-01 9.52770E-01
 3.89045E+00 3.86016E-01 6.18324E-01 9.05288E-01 9.53589E-01
 3.93550E+00 3.86528E-01 6.19143E-01 9.06488E-01 9.54397E-01
 3.98107E+00 3.87029E-01 6.19946E-01 9.07663E-01 9.55194E-01
 4.02717E+00 3.87520E-01 6.20732E-01 9.08814E-01 9.55979E-01
 4.07380E+00 3.88001E-01 6.21502E-01 9.09941E-01 9.56753E-01
 4.12098E+00 3.88471E-01 6.22256E-01 9.11045E-01 9.57516E-01
 4.16869E+00 3.88932E-01 6.22994E-01 9.12126E-01 9.58268E-01
 4.21697E+00 3.89383E-01 6.23717E-01 9.13184E-01 9.59009E-01
 4.26580E+00 3.89825E-01 6.24425E-01 9.14220E-01 9.59739E-01
 4.31519E+00 3.90258E-01 6.25117E-01 9.15234E-01 9.60459E-01
 4.36516E+00 3.90681E-01 6.25796E-01 9.16227E-01 9.61168E-01
 4.41570E+00 3.91096E-01 6.26460E-01 9.17199E-01 9.61867E-01
 4.46684E+00 3.91501E-01 6.27110E-01 9.18151E-01 9.62555E-01
 4.51856E+00 3.91899E-01 6.27746E-01 9.19083E-01 9.63233E-01
 4.57088E+00 3.92287E-01 6.28369E-01 9.19995E-01 9.63901E-01
 4.62381E+00 3.92668E-01 6.28978E-01 9.20887E-01 9.64559E-01
 4.67735E+00 3.93041E-01 6.29575E-01 9.21761E-01 9.65207E-01
 4.73151E+00 3.93405E-01 6.30159E-01 9.22616E-01 9.65845E-01
 4.78630E+00 3.93762E-01 6.30731E-01 9.23453E-01 9.66473E-01
 4.84172E+00 3.94111E-01 6.31290E-01 9.24272E-01 9.67092E-01
 4.89779E+00 3.94453E-01 6.31837E-01 9.25073E-01 9.67701E-01
 4.95450E+00 3.94787E-01 6.32373E-01 9.25858E-01 9.68301E-01
 5.01187E+00 3.95115E-01 6.32897E-01 9.26625E-01 9.68891E-01
 5.06991E+00 3.95435E-01 6.33410E-01 9.27376E-01 9.69472E-01
 5.12861E+00 3.95748E-01 6.33913E-01 9.28111E-01 9.70044E-01
 5.18800E+00 3.96055E-01 6.34404E-01 9.28831E-01 9.70607E-01
 5.24807E+00 3.96355E-01 6.34884E-01 9.29534E-01 9.71160E-01
 5.30884E+00 3.96649E-01 6.35355E-01 9.30223E-01 9.71705E-01
 5.37032E+00 3.96936E-01 6.35815E-01 9.30896E-01 9.72241E-01
 5.43250E+00 3.97217E-01 6.36265E-01 9.31556E-01 9.72768E-01
 5.49541E+00 3.97492E-01 6.36705E-01 9.32200E-01 9.73287E-01
 5.55904E+00 3.97761E-01 6.37136E-01 9.32831E-01 9.73796E-01
 5.62341E+00 3.98024E-01 6.37558E-01 9.33449E-01 9.74298E-01
 5.68853E+00 3.98282E-01 6.37970E-01 9.34052E-01 9.74791E-01
 5.75440E+00 3.98534E-01 6.38374E-01 9.34643E-01 9.75276E-01
 5.82103E+00 3.98780E-01 6.38769E-01 9.35221E-01 9.75752E-01
 5.88844E+00 3.99021E-01 6.39155E-01 9.35786E-01 9.76221E-01
 5.95662E+00 3.99257E-01 6.39532E-01 9.36339E-01 9.76681E-01
 6.02560E+00 3.99487E-01 6.39902E-01 9.36880E-01 9.77134E-01
 6.09537E+00 3.99713E-01 6.40263E-01 9.37409E-01 9.77578E-01
 6.16595E+00 3.99934E-01 6.40617E-01 9.37927E-01 9.78015E-01
 6.23735E+00 4.00150E-01 6.40962E-01 9.38433E-01 9.78444E-01
 6.30957E+00 4.00361E-01 6.41300E-01 9.38928E-01 9.78866E-01
 6.38263E+00 4.00567E-01 6.41631E-01 9.39412E-01 9.79280E-01
 6.45654E+00 4.00769E-01 6.41955E-01 9.39886E-01 9.79687E-01
 6.53131E+00 4.00967E-01 6.42271E-01 9.40349E-01 9.80087E-01
 6.60693E+00 4.01160E-01 6.42580E-01 9.40802E-01 9.80479E-01
 6.68344E+00 4.01349E-01 6.42883E-01 9.41245E-01 9.80865E-01
 6.76083E+00 4.01533E-01 6.43179E-01 9.41678E-01 9.81243E-01
 6.83912E+00 4.01714E-01 6.43468E-01 9.42102E-01 9.81615E-01
 6.91831E+00 4.01891E-01 6.43751E-01 9.42517E-01 9.81979E-01
 6.99842E+00 4.02064E-01 6.44028E-01 9.42922E-01 9.82337E-01
 7.07946E+00 4.02233E-01 6.44299E-01 9.43318E-01 9.82689E-01
 7.16143E+00 4.02398E-01 6.44564E-01 9.43706E-01 9.83034E-01
 7.24436E+00 4.02560E-01 6.44823E-01 9.44085E-01 9.83372E-01
 7.32825E+00 4.02718E-01 6.45076E-01 9.44455E-01 9.83704E-01
 7.41310E+00 4.02872E-01 6.45323E-01 9.44818E-01 9.84030E-01
 7.49894E+00 4.03023E-01 6.45565E-01 9.45172E-01 9.84350E-01
 7.58578E+00 4.03171E-01 6.45802E-01 9.45519E-01 9.84664E-01
 7.67361E+00 4.03315E-01 6.46033E-01 9.45858E-01 9.84972E-01
 7.76247E+00 4.03457E-01 6.46260E-01 9.46189E-01 9.85274E-01
 7.85236E+00 4.03595E-01 6.46481E-01 9.46513E-01 9.85571E-01
 7.94328E+00 4.03730E-01 6.46697E-01 9.46830E-01 9.85862E-01
 8.03526E+00 4.03862E-01 6.46909E-01 9.47139E-01 9.86147E-01
 8.12831E+00 4.03991E-01 6.47116E-01 9.47442E-01 9.86427E-01
 8.22243E+00 4.04117E-01 6.47318E-01 9.47738E-01 9.86701E-01
 8.31764E+00 4.04241E-01 6.47516E-01 9.48028E-01 9.86971E-01
 8.41395E+00 4.04362E-01 6.47709E-01 9.48311E-01 9.87235E-01
 8.51138E+00 4.04480E-01 6.47898E-01 9.48588E-01 9.87494E-01
 8.60994E+00 4.04595E-01 6.48083E-01 9.48858E-01 9.87748E-01
 8.70964E+00 4.04708E-01 6.48264E-01 9.49123E-01 9.87997E-01
 8.81049E+00 4.04818E-01 6.48440E-01 9.49381E-01 9.88241E-01
 8.91251E+00 4.04926E-01 6.48613E-01 9.49634E-01 9.88480E-01
 9.01571E+00 4.05031E-01 6.48782E-01 9.49882E-01 9.88715E-01
 9.12011E+00 4.05134E-01 6.48947E-01 9.50123E-01 9.88946E-01
 9.22571E+00 4.05235E-01 6.49108E-01 9.50360E-01 9.89171E-01
 9.33254E+00 4.05334E-01 6.49266E-01 9.50591E-01 9.89393E-01
 9.44061E+00 4.05430E-01 6.49420E-01 9.50816E-01 9.89610E-01
 9.54993E+00 4.05524E-01 6.49571E-01 9.51037E-01 9.89823E-01
 9.66051E+00 4.05616E-01 6.49719E-01 9.51253E-01 9.90032E-01
 9.77237E+00 4.05706E-01 6.49863E-01 9.51464E-01 9.90237E-01
 9.88553E+00 4.05794E-01 6.50004E-01 9.51670E-01 9.90437E-01
 1.00000E+01 4.05880E-01 6.50141E-01 9.51872E-01 9.90634E-01
 1.01158E+01 4.05964E-01 6.50276E-01 9.52069E-01 9.90827E-01
 1.02329E+01 4.06046E-01 6.50408E-01 9.52262E-01 9.91016E-01
 1.03514E+01 4.06127E-01 6.50536E-01 9.52450E-01 9.91202E-01
 1.04713E+01 4.06205E-01 6.50662E-01 9.52634E-01 9.91384E-01
 1.05925E+01 4.06282E-01 6.50785E-01 9.52814E-01 9.91562E-01
 1.07152E+01 4.06357E-01 6.50905E-01 9.52990E-01 9.91737E-01
 1.08393E+01 4.06430E-01 6.51023E-01 9.53162E-01 9.91909E-01
 1.09648E+01 4.06502E-01 6.51138E-01 9.53330E-01 9.92077E-01
 1.10917E+01 4.06572E-01 6.51250E-01 9.53495E-01 9.92242E-01
 1.12202E+01 4.06641E-01 6.51360E-01 9.53656E-01 9.92403E-01
 1.13501E+01 4.06708E-01 6.51467E-01 9.53813E-01 9.92562E-01
 1.14815E+01 4.06773E-01 6.51572E-01 9.53966E-01 9.92717E-01
 1.16145E+01 4.06837E-01 6.51674E-01 9.54116E-01 9.92869E-01
 1.17490E+01 4.06900E-01 6.51774E-01 9.54263E-01 9.93019E-01
 1.18850E+01 4.06961E-01 6.51872E-01 9.54406E-01 9.93165E-01
 1.20226E+01 4.07020E-01 6.51968E-01 9.54546E-01 9.93309E-01
 1.21619E+01 4.07079E-01 6.52062E-01 9.54683E-01 9.93450E-01
 1.23027E+01 4.07136E-01 6.52153E-01 9.54817E-01 9.93588E-01
 1.24451E+01 4.07192E-01 6.52243E-01 9.54948E-01 9.93723E-01
 1.25893E+01 4.07246E-01 6.52330E-01 9.55076E-01 9.93856E-01
 1.27350E+01 4.07300E-01 6.52415E-01 9.55201E-01 9.93986E-01
 1.28825E+01 4.07352E-01 6.52499E-01 9.55324E-01 9.94113E-01
 1.30317E+01 4.07403E-01 6.52580E-01 9.55443E-01 9.94238E-01
 1.31826E+01 4.07453E-01 6.52660E-01 9.55560E-01 9.94359E-01
 1.33352E+01 4.07501E-01 6.52738E-01 9.55674E-01 9.94478E-01
 1.34896E+01 4.07549E-01 6.52814E-01 9.55786E-01 9.94594E-01
 1.36458E+01 4.07595E-01 6.52889E-01 9.55895E-01 9.94708E-01
 1.38038E+01 4.07641E-01 6.52962E-01 9.56001E-01 9.94819E-01
 1.39637E+01 4.07685E-01 6.53033E-01 9.56105E-01 9.94927E-01
 1.41254E+01 4.07729E-01 6.53102E-01 9.56207E-01 9.95033E-01
 1.42889E+01 4.07771E-01 6.53170E-01 9.56307E-01 9.95137E-01
 1.44544E+01 4.07813E-01 6.53237E-01 9.56404E-01 9.95238E-01
 1.46218E+01 4.07853E-01 6.53302E-01 9.56499E-01 9.95337E-01
 1.47911E+01 4.07893E-01 6.53365E-01 9.56592E-01 9.95434E-01
 1.49624E+01 4.07931E-01 6.53427E-01 9.56683E-01 9.95528E-01
 1.51356E+01 4.07969E-01 6.53488E-01 9.56772E-01 9.95620E-01
 1.53109E+01 4.08006E-01 6.53547E-01 9.56858E-01 9.95711E-01
 1.54882E+01 4.08042E-01 6.53605E-01 9.56943E-01 9.95799E-01
 1.56675E+01 4.08078E-01 6.53662E-01 9.57026E-01 9.95885E-01
 1.58489E+01 4.08112E-01 6.53717E-01 9.57107E-01 9.95970E-01
 1.60325E+01 4.08146E-01 6.53771E-01 9.57186E-01 9.96052E-01
 1.62181E+01 4.08179E-01 6.53824E-01 9.57264E-01 9.96132E-01
 1.64059E+01 4.08211E-01 6.53876E-01 9.57339E-01 9.96211E-01
 1.65959E+01 4.08243E-01 6.53926E-01 9.57413E-01 9.96288E-01
 1.67880E+01 4.08274E-01 6.53976E-01 9.57486E-01 9.96363E-01
 1.69824E+01 4.08304E-01 6.54024E-01 9.57556E-01 9.96437E-01
 1.71791E+01 4.08333E-01 6.54071E-01 9.57625E-01 9.96509E-01
 1.73780E+01 4.08362E-01 6.54117E-01 9.57693E-01 9.96579E-01
 1.75792E+01 4.08390E-01 6.54162E-01 9.57759E-01 9.96647E-01
 1.77828E+01 4.08418E-01 6.54206E-01 9.57823E-01 9.96714E-01
 1.79887E+01 4.08444E-01 6.54249E-01 9.57886E-01 9.96780E-01
 1.81970E+01 4.08471E-01 6.54291E-01 9.57948E-01 9.96844E-01
 1.84077E+01 4.08496E-01 6.54332E-01 9.58008E-01 9.96907E-01
 1.86209E+01 4.08521E-01 6.54372E-01 9.58066E-01 9.96968E-01
 1.88365E+01 4.08546E-01 6.54412E-01 9.58124E-01 9.97028E-01
 1.90546E+01 4.08570E-01 6.54450E-01 9.58180E-01 9.97086E-01
 1.92752E+01 4.08593E-01 6.54487E-01 9.58235E-01 9.97143E-01
 1.94984E+01 4.08616E-01 6.54524E-01 9.58289E-01 9.97199E-01
 1.97242E+01 4.08638E-01 6.54560E-01 9.58341E-01 9.97254E-01
 1.99526E+01 4.08660E-01 6.54595E-01 9.58392E-01 9.97307E-01
 2.01837E+01 4.08682E-01 6.54629E-01 9.58442E-01 9.97359E-01
 2.04174E+01 4.08703E-01 6.54662E-01 9.58491E-01 9.97410E-01
 2.06538E+01 4.08723E-01 6.54695E-01 9.58539E-01 9.97460E-01
 2.08930E+01 4.08743E-01 6.54727E-01 9.58586E-01 9.97508E-01
 2.11349E+01 4.08762E-01 6.54758E-01 9.58631E-01 9.97556E-01
 2.13796E+01 4.08781E-01 6.54789E-01 9.58676E-01 9.97602E-01
 2.16272E+01 4.08800E-01 6.54819E-01 9.58720E-01 9.97648E-01
 2.18776E+01 4.08818E-01 6.54848E-01 9.58762E-01 9.97692E-01
 2.21309E+01 4.08836E-01 6.54876E-01 9.58804E-01 9.97735E-01
 2.23872E+01 4.08853E-01 6.54904E-01 9.58845E-01 9.97778E-01
 2.26464E+01 4.08870E-01 6.54931E-01 9.58885E-01 9.97819E-01
 2.29087E+01 4.08887E-01 6.54958E-01 9.58924E-01 9.97860E-01
 2.31739E+01 4.08903E-01 6.54984E-01 9.58962E-01 9.97899E-01
 2.34423E+01 4.08919E-01 6.55009E-01 9.58999E-01 9.97938E-01
 2.37137E+01 4.08934E-01 6.55034E-01 9.59035E-01 9.97976E-01
 2.39883E+01 4.08950E-01 6.55058E-01 9.59070E-01 9.98013E-01
 2.42661E+01 4.08964E-01 6.55082E-01 9.59105E-01 9.98049E-01
 2.45471E+01 4.08979E-01 6.55105E-01 9.59139E-01 9.98084E-01
 2.48313E+01 4.08993E-01 6.55128E-01 9.59172E-01 9.98118E-01
 2.51189E+01 4.09007E-01 6.55150E-01 9.59205E-01 9.98152E-01
 2.54097E+01 4.09020E-01 6.55171E-01 9.59236E-01 9.98185E-01
 2.57040E+01 4.09033E-01 6.55192E-01 9.59267E-01 9.98217E-01
 2.60016E+01 4.09046E-01 6.55213E-01 9.59297E-01 9.98249E-01
 2.63027E+01 4.09059E-01 6.55233E-01 9.59327E-01 9.98279E-01
 2.66073E+01 4.09071E-01 6.55253E-01 9.59356E-01 9.98309E-01
 2.69153E+01 4.09083E-01 6.55272E-01 9.59384E-01 9.98339E-01
 2.72270E+01 4.09095E-01 6.55291E-01 9.59411E-01 9.98367E-01
 2.75423E+01 4.09106E-01 6.55309E-01 9.59438E-01 9.98395E-01
 2.78612E+01 4.09118E-01 6.55327E-01 9.59465E-01 9.98423E-01
 2.81838E+01 4.09129E-01 6.55345E-01 9.59490E-01 9.98450E-01
 2.85102E+01 4.09139E-01 6.55362E-01 9.59516E-01 9.98476E-01
 2.88403E+01 4.09150E-01 6.55379E-01 9.59540E-01 9.98501E-01
 2.91743E+01 4.09160E-01 6.55395E-01 9.59564E-01 9.98526E-01
 2.95121E+01 4.09170E-01 6.55411E-01 9.59588E-01 9.98551E-01
 2.98538E+01 4.09180E-01 6.55427E-01 9.59611E-01 9.98575E-01
 3.01995E+01 4.09189E-01 6.55442E-01 9.59633E-01 9.98598E-01
 3.05492E+01 4.09199E-01 6.55457E-01 9.59655E-01 9.98621E-01
 3.09030E+01 4.09208E-01 6.55472E-01 9.59676E-01 9.98643E-01
 3.12608E+01 4.09217E-01 6.55486E-01 9.59697E-01 9.98665E-01
 3.16228E+01 4.09225E-01 6.55500E-01 9.59718E-01 9.98686E-01
 3.19890E+01 4.09234E-01 6.55514E-01 9.59738E-01 9.98707E-01
 3.23594E+01 4.09242E-01 6.55527E-01 9.59757E-01 9.98727E-01
 3.27341E+01 4.09250E-01 6.55540E-01 9.59776E-01 9.98747E-01
 3.31131E+01 4.09258E-01 6.55553E-01 9.59795E-01 9.98766E-01
 3.34965E+01 4.09266E-01 6.55565E-01 9.59813E-01 9.98785E-01
 3.38844E+01 4.09274E-01 6.55577E-01 9.59831E-01 9.98804E-01
 3.42768E+01 4.09281E-01 6.55589E-01 9.59848E-01 9.98822E-01
 3.46737E+01 4.09288E-01 6.55601E-01 9.59865E-01 9.98840E-01
 3.50752E+01 4.09296E-01 6.55612E-01 9.59882E-01 9.98857E-01
 3.54813E+01 4.09302E-01 6.55623E-01 9.59898E-01 9.98874E-01
 3.58922E+01 4.09309E-01 6.55634E-01 9.59914E-01 9.98890E-01
 3.63078E+01 4.09316E-01 6.55645E-01 9.59930E-01 9.98907E-01
 3.67282E+01 4.09322E-01 6.55655E-01 9.59945E-01 9.98922E-01
 3.71535E+01 4.09329E-01 6.55665E-01 9.59960E-01 9.98938E-01
 3.75837E+01 4.09335E-01 6.55675E-01 9.59974E-01 9.98953E-01
 3.80189E+01 4.09341E-01 6.55685E-01 9.59988E-01 9.98968E-01
 3.84592E+01 4.09347E-01 6.55694E-01 9.60002E-01 9.98982E-01
 3.89045E+01 4.09352E-01 6.55704E-01 9.60016E-01 9.98996E-01
 3.93550E+01 4.09358E-01 6.55713E-01 9.60029E-01 9.99010E-01
 3.98107E+01 4.09364E-01 6.55721E-01 9.60042E-01 9.99023E-01
 4.02717E+01 4.09369E-01 6.55730E-01 9.60054E-01 9.99036E-01
 4.07380E+01 4.09374E-01 6.55738E-01 9.60067E-01 9.99049E-01
 4.12098E+01 4.09379E-01 6.55747E-01 9.60079E-01 9.99062E-01
 4.16869E+01 4.09384E-01 6.55755E-01 9.60090E-01 9.99074E-01
 4.21697E+01 4.09389E-01 6.55763E-01 9.60102E-01 9.99086E-01
 4.26580E+01 4.09394E-01 6.55770E-01 9.60113E-01 9.99098E-01
 4.31519E+01 4.09399E-01 6.55778E-01 9.60124E-01 9.99109E-01
 4.36516E+01 4.09403E-01 6.55785E-01 9.60135E-01 9.99120E-01
 4.41570E+01 4.09408E-01 6.55792E-01 9.60145E-01 9.99131E-01
 4.46684E+01 4.09412E-01 6.55799E-01 9.60156E-01 9.99142E-01
 4.51856E+01 4.09416E-01 6.55806E-01 9.60166E-01 9.99152E-01
 4.57088E+01 4.09421E-01 6.55813E-01 9.60175E-01 9.99162E-01
 4.62381E+01 4.09425E-01 6.55819E-01 9.60185E-01 9.99172E-01
 4.67735E+01 4.09429E-01 6.55826E-01 9.60194E-01 9.99182E-01
 4.73151E+01 4.09433E-01 6.55832E-01 9.60204E-01 9.99192E-01
 4.78630E+01 4.09436E-01 6.55838E-01 9.60212E-01 9.99201E-01
 4.84172E+01 4.09440E-01 6.55844E-01 9.60221E-01 9.99210E-01
 4.89779E+01 4.09444E-01 6.55850E-01 9.60230E-01 9.99219E-01
 4.95450E+01 4.09447E-01 6.55855E-01 9.60238E-01 9.99228E-01
 5.01187E+01 4.09451E-01 6.55861E-01 9.60246E-01 9.99236E-01
 5.06991E+01 4.09454E-01 6.55866E-01 9.60254E-01 9.99244E-01
 5.12861E+01 4.09458E-01 6.55872E-01 9.60262E-01 9.99252E-01
 5.18800E+01 4.09461E-01 6.55877E-01 9.60270E-01 9.99260E-01
 5.24807E+01 4.09464E-01 6.55882E-01 9.60277E-01 9.99268E-01
 5.30884E+01 4.09467E-01 6.55887E-01 9.60284E-01 9.99276E-01
 5.37032E+01 4.09470E-01 6.55892E-01 9.60291E-01 9.99283E-01
 5.43250E+01 4.09473E-01 6.55897E-01 9.60298E-01 9.99290E-01
 5.49541E+01 4.09476E-01 6.55901E-01 9.60305E-01 9.99297E-01
 5.55904E+01 4.09479E-01 6.55906E-01 9.60312E-01 9.99304E-01
 5.62341E+01 4.09482E-01 6.55910E-01 9.60318E-01 9.99311E-01
 5.68853E+01 4.09484E-01 6.55915E-01 9.60324E-01 9.99317E-01
 5.75440E+01 4.09487E-01 6.55919E-01 9.60331E-01 9.99324E-01
 5.82103E+01 4.09489E-01 6.55923E-01 9.60337E-01 9.99330E-01
 5.88844E+01 4.09492E-01 6.55927E-01 9.60343E-01 9.99336E-01
 5.95662E+01 4.09494E-01 6.55931E-01 9.60348E-01 9.99342E-01
 6.02560E+01 4.09497E-01 6.55935E-01 9.60354E-01 9.99348E-01
 6.09537E+01 4.09499E-01 6.55938E-01 9.60359E-01 9.99354E-01
 6.16595E+01 4.09501E-01 6.55942E-01 9.60365E-01 9.99360E-01
 6.23735E+01 4.09504E-01 6.55946E-01 9.60370E-01 9.99365E-01
 6.30957E+01 4.09506E-01 6.55949E-01 9.60375E-01 9.99370E-01
 6.38263E+01 4.09508E-01 6.55953E-01 9.60380E-01 9.99376E-01
 6.45654E+01 4.09510E-01 6.55956E-01 9.60385E-01 9.99381E-01
 6.53131E+01 4.09512E-01 6.55959E-01 9.60390E-01 9.99386E-01
 6.60693E+01 4.09514E-01 6.55962E-01 9.60395E-01 9.99391E-01
 6.68344E+01 4.09516E-01 6.55966E-01 9.60399E-01 9.99395E-01
 6.76083E+01 4.09518E-01 6.55969E-01 9.60404E-01 9.99400E-01
 6.83912E+01 4.09520E-01 6.55972E-01 9.60408E-01 9.99405E-01
 6.91831E+01 4.09522E-01 6.55975E-01 9.60412E-01 9.99409E-01
 6.99842E+01 4.09523E-01 6.55977E-01 9.60417E-01 9.99413E-01
 7.07946E+01 4.09525E-01 6.55980E-01 9.60421E-01 9.99418E-01
 7.16143E+01 4.09527E-01 6.55983E-01 9.60425E-01 9.99422E-01
 7.24436E+01 4.09529E-01 6.55986E-01 9.60429E-01 9.99426E-01
 7.32825E+01 4.09530E-01 6.55988E-01 9.60432E-01 9.99430E-01
 7.41310E+01 4.09532E-01 6.55991E-01 9.60436E-01 9.99434E-01
 7.49894E+01 4.09533E-01 6.55993E-01 9.60440E-01 9.99437E-01
 7.58578E+01 4.09535E-01 6.55996E-01 9.60443E-01 9.99441E-01
 7.67361E+01 4.09536E-01 6.55998E-01 9.60447E-01 9.99445E-01
 7.76247E+01 4.09538E-01 6.56000E-01 9.60450E-01 9.99448E-01
 7.85236E+01 4.09539E-01 6.56003E-01 9.60453E-01 9.99452E-01
 7.94328E+01 4.09541E-01 6.56005E-01 9.60457E-01 9.99455E-01
 8.03526E+01 4.09542E-01 6.56007E-01 9.60460E-01 9.99458E-01
 8.12831E+01 4.09543E-01 6.56009E-01 9.60463E-01 9.99462E-01
 8.22243E+01 4.09545E-01 6.56011E-01 9.60466E-01 9.99465E-01
 8.31764E+01 4.09546E-01 6.56013E-01 9.60469E-01 9.99468E-01
 8.41395E+01 4.09547E-01 6.56015E-01 9.60472E-01 9.99471E-01
 8.51138E+01 4.09548E-01 6.56017E-01 9.60475E-01 9.99474E-01
 8.60994E+01 4.09549E-01 6.56019E-01 9.60477E-01 9.99477E-01
 8.70964E+01 4.09551E-01 6.56021E-01 9.60480E-01 9.99479E-01
 8.81049E+01 4.09552E-01 6.56023E-01 9.60483E-01 9.99482E-01
 8.91251E+01 4.09553E-01 6.56024E-01 9.60485E-01 9.99485E-01
 9.01571E+01 4.09554E-01 6.56026E-01 9.60488E-01 9.99488E-01
 9.12011E+01 4.09555E-01 6.56028E-01 9.60490E-01 9.99490E-01
 9.22571E+01 4.09556E-01 6.56029E-01 9.60493E-01 9.99493E-01
 9.33254E+01 4.09557E-01 6.56031E-01 9.60495E-01 9.99495E-01
 9.44061E+01 4.09558E-01 6.56033E-01 9.60497E-01 9.99497E-01
 9.54993E+01 4.09559E-01 6.56034E-01 9.60500E-01 9.99500E-01
 9.66051E+01 4.09560E-01 6.56036E-01 9.60502E-01 9.99502E-01
 9.77237E+01 4.09561E-01 6.56037E-01 9.60504E-01 9.99504E-01
 9.88553E+01 4.09562E-01 6.56039E-01 9.60506E-01 9.99506E-01
 1.00000E+02 4.09563E-01 6.56040E-01 9.60508E-01 9.99509E-01
