 1.00000E-02 3.83146E-02 6.24276E-02 9.89755E-02 1.04625E-01
 2.00000E-02 4.30694E-02 7.07728E-02 1.14771E-01 1.22165E-01
 3.00000E-02 4.81430E-02 7.95940E-02 1.32048E-01 1.41844E-01
 4.00000E-02 5.34558E-02 8.87454E-02 1.50363E-01 1.63554E-01
 5.00000E-02 5.89393E-02 9.80810E-02 1.69166E-01 1.87104E-01
 6.00000E-02 6.45426E-02 1.07488E-01 1.87962E-01 2.12033E-01
 7.00000E-02 7.02216E-02 1.16890E-01 2.06391E-01 2.37027E-01
 8.00000E-02 7.59456E-02 1.26232E-01 2.24257E-01 2.60884E-01
 9.00000E-02 8.16887E-02 1.35478E-01 2.41467E-01 2.83372E-01
 1.00000E-01 8.74333E-02 1.44603E-01 2.57995E-01 3.04532E-01
 1.10000E-01 9.31649E-02 1.53595E-01 2.73840E-01 3.24451E-01
 1.20000E-01 9.88714E-02 1.62440E-01 2.89026E-01 3.43223E-01
 1.30000E-01 1.04545E-01 1.71136E-01 3.03581E-01 3.60938E-01
 1.40000E-01 1.10178E-01 1.79677E-01 3.17537E-01 3.77677E-01
 1.50000E-01 1.15764E-01 1.88064E-01 3.30925E-01 3.93515E-01
 1.60000E-01 1.21299E-01 1.96297E-01 3.43778E-01 4.08522E-01
 1.70000E-01 1.26778E-01 2.04376E-01 3.56126E-01 4.22760E-01
 1.80000E-01 1.32198E-01 2.12303E-01 3.67998E-01 4.36285E-01
 1.90000E-01 1.37557E-01 2.20079E-01 3.79421E-01 4.49146E-01
 2.00000E-01 1.42851E-01 2.27709E-01 3.90421E-01 4.61390E-01
 2.10000E-01 1.48080E-01 2.35192E-01 4.01022E-01 4.73060E-01
 2.20000E-01 1.53240E-01 2.42532E-01 4.11245E-01 4.84195E-01
 2.30000E-01 1.58331E-01 2.49730E-01 4.21111E-01 4.94829E-01
 2.40000E-01 1.63352E-01 2.56791E-01 4.30639E-01 5.04993E-01
 2.50000E-01 1.68302E-01 2.63716E-01 4.39847E-01 5.14719E-01
 2.60000E-01 1.73179E-01 2.70508E-01 4.48752E-01 5.24033E-01
 2.70000E-01 1.77985E-01 2.77169E-01 4.57368E-01 5.32959E-01
 2.80000E-01 1.82717E-01 2.83701E-01 4.65711E-01 5.41520E-01
 2.90000E-01 1.87377E-01 2.90108E-01 4.73793E-01 5.49740E-01
 3.00000E-01 1.91964E-01 2.96391E-01 4.81628E-01 5.57635E-01
 3.10000E-01 1.96477E-01 3.02553E-01 4.89226E-01 5.65225E-01
 3.20000E-01 2.00919E-01 3.08596E-01 4.96599E-01 5.72527E-01
 3.30000E-01 2.05288E-01 3.14523E-01 5.03757E-01 5.79555E-01
 3.40000E-01 2.09584E-01 3.20336E-01 5.10710E-01 5.86326E-01
 3.50000E-01 2.13810E-01 3.26037E-01 5.17466E-01 5.92851E-01
 3.60000E-01 2.17964E-01 3.31629E-01 5.24034E-01 5.99145E-01
 3.70000E-01 2.22048E-01 3.37113E-01 5.30422E-01 6.05217E-01
 3.80000E-01 2.26063E-01 3.42493E-01 5.36638E-01 6.11080E-01
 3.90000E-01 2.30009E-01 3.47769E-01 5.42689E-01 6.16744E-01
 4.00000E-01 2.33886E-01 3.52944E-01 5.48580E-01 6.22218E-01
 4.10000E-01 2.37696E-01 3.58021E-01 5.54319E-01 6.27511E-01
 4.20000E-01 2.41440E-01 3.63001E-01 5.59911E-01 6.32632E-01
 4.30000E-01 2.45118E-01 3.67886E-01 5.65363E-01 6.37590E-01
 4.40000E-01 2.48731E-01 3.72679E-01 5.70678E-01 6.42390E-01
 4.50000E-01 2.52281E-01 3.77381E-01 5.75863E-01 6.47041E-01
 4.60000E-01 2.55767E-01 3.81994E-01 5.80923E-01 6.51548E-01
 4.70000E-01 2.59191E-01 3.86519E-01 5.85861E-01 6.55919E-01
 4.80000E-01 2.62555E-01 3.90960E-01 5.90681E-01 6.60159E-01
 4.90000E-01 2.65858E-01 3.95317E-01 5.95389E-01 6.64273E-01
 5.00000E-01 2.69102E-01 3.99593E-01 5.99988E-01 6.68268E-01
 5.10000E-01 2.72288E-01 4.03789E-01 6.04482E-01 6.72147E-01
 5.20000E-01 2.75417E-01 4.07906E-01 6.08873E-01 6.75916E-01
 5.30000E-01 2.78489E-01 4.11947E-01 6.13167E-01 6.79579E-01
 5.40000E-01 2.81506E-01 4.15914E-01 6.17365E-01 6.83140E-01
 5.50000E-01 2.84469E-01 4.19806E-01 6.21471E-01 6.86604E-01
 5.60000E-01 2.87379E-01 4.23627E-01 6.25487E-01 6.89974E-01
 5.70000E-01 2.90236E-01 4.27378E-01 6.29417E-01 6.93254E-01
 5.80000E-01 2.93041E-01 4.31060E-01 6.33264E-01 6.96448E-01
 5.90000E-01 2.95796E-01 4.34675E-01 6.37030E-01 6.99558E-01
 6.00000E-01 2.98501E-01 4.38223E-01 6.40716E-01 7.02587E-01
 6.10000E-01 3.01157E-01 4.41708E-01 6.44327E-01 7.05540E-01
 6.20000E-01 3.03765E-01 4.45129E-01 6.47863E-01 7.08419E-01
 6.30000E-01 3.06326E-01 4.48488E-01 6.51327E-01 7.11226E-01
 6.40000E-01 3.08842E-01 4.51786E-01 6.54722E-01 7.13964E-01
 6.50000E-01 3.11311E-01 4.55026E-01 6.58049E-01 7.16635E-01
 6.60000E-01 3.13737E-01 4.58207E-01 6.61310E-01 7.19243E-01
 6.70000E-01 3.16119E-01 4.61331E-01 6.64506E-01 7.21789E-01
 6.80000E-01 3.18458E-01 4.64400E-01 6.67641E-01 7.24276E-01
 6.90000E-01 3.20755E-01 4.67415E-01 6.70715E-01 7.26705E-01
 7.00000E-01 3.23011E-01 4.70376E-01 6.73731E-01 7.29079E-01
 7.10000E-01 3.25227E-01 4.73284E-01 6.76689E-01 7.31400E-01
 7.20000E-01 3.27403E-01 4.76142E-01 6.79591E-01 7.33670E-01
 7.30000E-01 3.29540E-01 4.78950E-01 6.82439E-01 7.35890E-01
 7.40000E-01 3.31640E-01 4.81708E-01 6.85234E-01 7.38062E-01
 7.50000E-01 3.33702E-01 4.84418E-01 6.87978E-01 7.40189E-01
 7.60000E-01 3.35727E-01 4.87081E-01 6.90672E-01 7.42271E-01
 7.70000E-01 3.37717E-01 4.89699E-01 6.93317E-01 7.44311E-01
 7.80000E-01 3.39671E-01 4.92271E-01 6.95914E-01 7.46309E-01
 7.90000E-01 3.41591E-01 4.94798E-01 6.98465E-01 7.48268E-01
 8.00000E-01 3.43477E-01 4.97282E-01 7.00971E-01 7.50188E-01
 8.10000E-01 3.45331E-01 4.99724E-01 7.03432E-01 7.52072E-01
 8.20000E-01 3.47151E-01 5.02124E-01 7.05851E-01 7.53921E-01
 8.30000E-01 3.48940E-01 5.04484E-01 7.08228E-01 7.55736E-01
 8.40000E-01 3.50698E-01 5.06803E-01 7.10564E-01 7.57518E-01
 8.50000E-01 3.52425E-01 5.09084E-01 7.12860E-01 7.59268E-01
 8.60000E-01 3.54122E-01 5.11326E-01 7.15117E-01 7.60988E-01
 8.70000E-01 3.55790E-01 5.13530E-01 7.17336E-01 7.62679E-01
 8.80000E-01 3.57429E-01 5.15698E-01 7.19518E-01 7.64342E-01
 8.90000E-01 3.59040E-01 5.17829E-01 7.21663E-01 7.65977E-01
 9.00000E-01 3.60624E-01 5.19925E-01 7.23773E-01 7.67587E-01
 9.10000E-01 3.62180E-01 5.21987E-01 7.25849E-01 7.69171E-01
 9.20000E-01 3.63710E-01 5.24014E-01 7.27890E-01 7.70730E-01
 9.30000E-01 3.65254E-01 5.26008E-01 7.29899E-01 7.72266E-01
 9.40000E-01 3.67230E-01 5.27970E-01 7.31876E-01 7.73778E-01
 9.50000E-01 3.69164E-01 5.29899E-01 7.33820E-01 7.75269E-01
 9.60000E-01 3.71057E-01 5.31797E-01 7.35734E-01 7.76737E-01
 9.70000E-01 3.72910E-01 5.33665E-01 7.37618E-01 7.78184E-01
 9.80000E-01 3.74723E-01 5.35502E-01 7.39472E-01 7.79611E-01
 9.90000E-01 3.76498E-01 5.37309E-01 7.41298E-01 7.81018E-01
 1.00000E+00 3.78235E-01 5.39088E-01 7.43095E-01 7.82405E-01
 1.01158E+00 3.80202E-01 5.41342E-01 7.45141E-01 7.83986E-01
 1.02329E+00 3.82143E-01 5.44106E-01 7.47175E-01 7.85561E-01
 1.03514E+00 3.84059E-01 5.46834E-01 7.49196E-01 7.87128E-01
 1.04713E+00 3.85949E-01 5.49526E-01 7.51203E-01 7.88688E-01
 1.05925E+00 3.87815E-01 5.52182E-01 7.53197E-01 7.90240E-01
 1.07152E+00 3.89655E-01 5.54801E-01 7.55178E-01 7.91785E-01
 1.08393E+00 3.91470E-01 5.57386E-01 7.57145E-01 7.93322E-01
 1.09648E+00 3.93260E-01 5.59934E-01 7.59099E-01 7.94851E-01
 1.10917E+00 3.95025E-01 5.62448E-01 7.61040E-01 7.96373E-01
 1.12202E+00 3.96765E-01 5.64926E-01 7.62967E-01 7.97886E-01
 1.13501E+00 3.98481E-01 5.67369E-01 7.64880E-01 7.99391E-01
 1.14815E+00 4.00172E-01 5.69777E-01 7.66780E-01 8.00888E-01
 1.16145E+00 4.01839E-01 5.72150E-01 7.68667E-01 8.02377E-01
 1.17490E+00 4.03482E-01 5.74489E-01 7.70539E-01 8.03857E-01
 1.18850E+00 4.05101E-01 5.76794E-01 7.72398E-01 8.05329E-01
 1.20226E+00 4.06696E-01 5.79065E-01 7.74244E-01 8.06792E-01
 1.21619E+00 4.08267E-01 5.81302E-01 7.76076E-01 8.08246E-01
 1.23027E+00 4.09815E-01 5.83506E-01 7.77893E-01 8.09692E-01
 1.24451E+00 4.11339E-01 5.85676E-01 7.79698E-01 8.11128E-01
 1.25893E+00 4.12840E-01 5.87814E-01 7.82380E-01 8.12556E-01
 1.27350E+00 4.14319E-01 5.89919E-01 7.85182E-01 8.13974E-01
 1.28825E+00 4.15775E-01 5.91992E-01 7.87941E-01 8.15383E-01
 1.30317E+00 4.17208E-01 5.94033E-01 7.90657E-01 8.16783E-01
 1.31826E+00 4.18619E-01 5.96042E-01 7.93332E-01 8.18173E-01
 1.33352E+00 4.20008E-01 5.98020E-01 7.95964E-01 8.20083E-01
 1.34896E+00 4.21376E-01 5.99967E-01 7.98555E-01 8.22752E-01
 1.36458E+00 4.22721E-01 6.01883E-01 8.01106E-01 8.25380E-01
 1.38038E+00 4.24046E-01 6.03769E-01 8.03616E-01 8.27966E-01
 1.39637E+00 4.25350E-01 6.05625E-01 8.06086E-01 8.30512E-01
 1.41254E+00 4.26632E-01 6.07451E-01 8.08517E-01 8.33016E-01
 1.42889E+00 4.27894E-01 6.09248E-01 8.10909E-01 8.35480E-01
 1.44544E+00 4.29136E-01 6.11016E-01 8.13262E-01 8.37905E-01
 1.46218E+00 4.30358E-01 6.12756E-01 8.15578E-01 8.40290E-01
 1.47911E+00 4.31560E-01 6.14467E-01 8.17855E-01 8.42637E-01
 1.49624E+00 4.32742E-01 6.16150E-01 8.20096E-01 8.44946E-01
 1.51356E+00 4.33905E-01 6.17806E-01 8.22300E-01 8.47217E-01
 1.53109E+00 4.35049E-01 6.19435E-01 8.24468E-01 8.49450E-01
 1.54882E+00 4.36174E-01 6.21037E-01 8.26601E-01 8.51647E-01
 1.56675E+00 4.37281E-01 6.22613E-01 8.28698E-01 8.53808E-01
 1.58489E+00 4.38369E-01 6.24163E-01 8.30761E-01 8.55933E-01
 1.60325E+00 4.39440E-01 6.25687E-01 8.32789E-01 8.58023E-01
 1.62181E+00 4.40493E-01 6.27186E-01 8.34784E-01 8.60079E-01
 1.64059E+00 4.41528E-01 6.28660E-01 8.36746E-01 8.62100E-01
 1.65959E+00 4.42546E-01 6.30109E-01 8.38675E-01 8.64088E-01
 1.67880E+00 4.43547E-01 6.31534E-01 8.40572E-01 8.66042E-01
 1.69824E+00 4.44531E-01 6.32936E-01 8.42437E-01 8.67964E-01
 1.71791E+00 4.45499E-01 6.34314E-01 8.44271E-01 8.69854E-01
 1.73780E+00 4.46450E-01 6.35668E-01 8.46075E-01 8.71712E-01
 1.75792E+00 4.47386E-01 6.37001E-01 8.47848E-01 8.73538E-01
 1.77828E+00 4.48306E-01 6.38310E-01 8.49591E-01 8.75335E-01
 1.79887E+00 4.49210E-01 6.39598E-01 8.51305E-01 8.77101E-01
 1.81970E+00 4.50100E-01 6.40865E-01 8.52991E-01 8.78837E-01
 1.84077E+00 4.50974E-01 6.42110E-01 8.54648E-01 8.80544E-01
 1.86209E+00 4.51834E-01 6.43334E-01 8.56277E-01 8.82223E-01
 1.88365E+00 4.52679E-01 6.44537E-01 8.57879E-01 8.83873E-01
 1.90546E+00 4.53510E-01 6.45720E-01 8.59454E-01 8.85496E-01
 1.92752E+00 4.54327E-01 6.46884E-01 8.61002E-01 8.87091E-01
 1.94984E+00 4.55130E-01 6.48027E-01 8.62524E-01 8.88660E-01
 1.97242E+00 4.55920E-01 6.49152E-01 8.64021E-01 8.90202E-01
 1.99526E+00 4.56697E-01 6.50258E-01 8.65493E-01 8.91718E-01
 2.01837E+00 4.57460E-01 6.51345E-01 8.66940E-01 8.93209E-01
 2.04174E+00 4.58211E-01 6.52414E-01 8.68363E-01 8.94675E-01
 2.06538E+00 4.58949E-01 6.53465E-01 8.69761E-01 8.96116E-01
 2.08930E+00 4.59675E-01 6.54498E-01 8.71137E-01 8.97533E-01
 2.11349E+00 4.60389E-01 6.55514E-01 8.72489E-01 8.98927E-01
 2.13796E+00 4.61090E-01 6.56513E-01 8.73819E-01 9.00297E-01
 2.16272E+00 4.61780E-01 6.57496E-01 8.75127E-01 9.01644E-01
 2.18776E+00 4.62459E-01 6.58462E-01 8.76413E-01 9.02969E-01
 2.21309E+00 4.63126E-01 6.59412E-01 8.77678E-01 9.04273E-01
 2.23872E+00 4.63783E-01 6.60347E-01 8.78922E-01 9.05554E-01
 2.26464E+00 4.64428E-01 6.61266E-01 8.80145E-01 9.06814E-01
 2.29087E+00 4.65063E-01 6.62170E-01 8.81348E-01 9.08054E-01
 2.31739E+00 4.65687E-01 6.63059E-01 8.82531E-01 9.09273E-01
 2.34423E+00 4.66301E-01 6.63933E-01 8.83695E-01 9.10472E-01
 2.37137E+00 4.66906E-01 6.64793E-01 8.84840E-01 9.11651E-01
 2.39883E+00 4.67500E-01 6.65639E-01 8.85966E-01 9.12811E-01
 2.42661E+00 4.68084E-01 6.66471E-01 8.87073E-01 9.13953E-01
 2.45471E+00 4.68659E-01 6.67290E-01 8.88163E-01 9.15075E-01
 2.48313E+00 4.69225E-01 6.68096E-01 8.89235E-01 9.16180E-01
 2.51189E+00 4.69781E-01 6.68888E-01 8.90290E-01 9.17267E-01
 2.54097E+00 4.70329E-01 6.69668E-01 8.91328E-01 9.18336E-01
 2.57040E+00 4.70868E-01 6.70435E-01 8.92349E-01 9.19388E-01
 2.60016E+00 4.71398E-01 6.71190E-01 8.93354E-01 9.20423E-01
 2.63027E+00 4.71920E-01 6.71933E-01 8.94343E-01 9.21442E-01
 2.66073E+00 4.72433E-01 6.72664E-01 8.95316E-01 9.22445E-01
 2.69153E+00 4.72939E-01 6.73383E-01 8.96273E-01 9.23431E-01
 2.72270E+00 4.73436E-01 6.74092E-01 8.97216E-01 9.24403E-01
 2.75423E+00 4.73926E-01 6.74789E-01 8.98144E-01 9.25359E-01
 2.78612E+00 4.74408E-01 6.75475E-01 8.99057E-01 9.26300E-01
 2.81838E+00 4.74882E-01 6.76151E-01 8.99956E-01 9.27226E-01
 2.85102E+00 4.75349E-01 6.76816E-01 9.00842E-01 9.28138E-01
 2.88403E+00 4.75809E-01 6.77471E-01 9.01713E-01 9.29036E-01
 2.91743E+00 4.76262E-01 6.78115E-01 9.02571E-01 9.29920E-01
 2.95121E+00 4.76708E-01 6.78750E-01 9.03416E-01 9.30791E-01
 2.98538E+00 4.77147E-01 6.79375E-01 9.04249E-01 9.31648E-01
 3.01995E+00 4.77580E-01 6.79991E-01 9.05068E-01 9.32493E-01
 3.05492E+00 4.78005E-01 6.80598E-01 9.05875E-01 9.33324E-01
 3.09030E+00 4.78425E-01 6.81195E-01 9.06670E-01 9.34144E-01
 3.12608E+00 4.78838E-01 6.81783E-01 9.07454E-01 9.34950E-01
 3.16228E+00 4.79245E-01 6.82363E-01 9.08225E-01 9.35745E-01
 3.19890E+00 4.79646E-01 6.82934E-01 9.08985E-01 9.36529E-01
 3.23594E+00 4.80042E-01 6.83497E-01 9.09734E-01 9.37300E-01
 3.27341E+00 4.80431E-01 6.84051E-01 9.10472E-01 9.38060E-01
 3.31131E+00 4.80815E-01 6.84598E-01 9.11199E-01 9.38810E-01
 3.34965E+00 4.81193E-01 6.85136E-01 9.11916E-01 9.39548E-01
 3.38844E+00 4.81566E-01 6.85667E-01 9.12622E-01 9.40276E-01
 3.42768E+00 4.81933E-01 6.86190E-01 9.13319E-01 9.40993E-01
 3.46737E+00 4.82295E-01 6.86705E-01 9.14005E-01 9.41700E-01
 3.50752E+00 4.82652E-01 6.87214E-01 9.14681E-01 9.42397E-01
 3.54813E+00 4.83004E-01 6.87715E-01 9.15348E-01 9.43084E-01
 3.58922E+00 4.83351E-01 6.88209E-01 9.16006E-01 9.43761E-01
 3.63078E+00 4.83693E-01 6.88696E-01 9.16654E-01 9.44429E-01
 3.67282E+00 4.84030E-01 6.89176E-01 9.17293E-01 9.45088E-01
 3.71535E+00 4.84363E-01 6.89650E-01 9.17924E-01 9.45738E-01
 3.75837E+00 4.84691E-01 6.90117E-01 9.18545E-01 9.46378E-01
 3.80189E+00 4.85015E-01 6.90577E-01 9.19158E-01 9.47010E-01
 3.84592E+00 4.85334E-01 6.91032E-01 9.19763E-01 9.47633E-01
 3.89045E+00 4.85649E-01 6.91480E-01 9.20360E-01 9.48248E-01
 3.93550E+00 4.85959E-01 6.91922E-01 9.20948E-01 9.48854E-01
 3.98107E+00 4.86265E-01 6.92358E-01 9.21529E-01 9.49452E-01
 4.02717E+00 4.86568E-01 6.92789E-01 9.22102E-01 9.50043E-01
 4.07380E+00 4.86866E-01 6.93214E-01 9.22667E-01 9.50625E-01
 4.12098E+00 4.87160E-01 6.93633E-01 9.23225E-01 9.51200E-01
 4.16869E+00 4.87451E-01 6.94046E-01 9.23775E-01 9.51767E-01
 4.21697E+00 4.87737E-01 6.94454E-01 9.24319E-01 9.52326E-01
 4.26580E+00 4.88020E-01 6.94857E-01 9.24855E-01 9.52879E-01
 4.31519E+00 4.88300E-01 6.95255E-01 9.25384E-01 9.53424E-01
 4.36516E+00 4.88575E-01 6.95647E-01 9.25906E-01 9.53962E-01
 4.41570E+00 4.88847E-01 6.96035E-01 9.26422E-01 9.54493E-01
 4.46684E+00 4.89116E-01 6.96417E-01 9.26931E-01 9.55018E-01
 4.51856E+00 4.89381E-01 6.96795E-01 9.27434E-01 9.55536E-01
 4.57088E+00 4.89643E-01 6.97167E-01 9.27930E-01 9.56047E-01
 4.62381E+00 4.89901E-01 6.97535E-01 9.28420E-01 9.56552E-01
 4.67735E+00 4.90157E-01 6.97899E-01 9.28903E-01 9.57050E-01
 4.73151E+00 4.90409E-01 6.98258E-01 9.29381E-01 9.57542E-01
 4.78630E+00 4.90658E-01 6.98612E-01 9.29853E-01 9.58028E-01
 4.84172E+00 4.90903E-01 6.98962E-01 9.30318E-01 9.58508E-01
 4.89779E+00 4.91146E-01 6.99308E-01 9.30779E-01 9.58982E-01
 4.95450E+00 4.91386E-01 6.99649E-01 9.31233E-01 9.59450E-01
 5.01187E+00 4.91623E-01 6.99986E-01 9.31682E-01 9.59913E-01
 5.06991E+00 4.91857E-01 7.00319E-01 9.32125E-01 9.60369E-01
 5.12861E+00 4.92088E-01 7.00648E-01 9.32563E-01 9.60821E-01
 5.18800E+00 4.92316E-01 7.00973E-01 9.32996E-01 9.61266E-01
 5.24807E+00 4.92542E-01 7.01295E-01 9.33423E-01 9.61707E-01
 5.30884E+00 4.92764E-01 7.01612E-01 9.33845E-01 9.62142E-01
 5.37032E+00 4.92984E-01 7.01925E-01 9.34262E-01 9.62571E-01
 5.43250E+00 4.93202E-01 7.02235E-01 9.34674E-01 9.62996E-01
 5.49541E+00 4.93417E-01 7.02541E-01 9.35082E-01 9.63416E-01
 5.55904E+00 4.93629E-01 7.02843E-01 9.35484E-01 9.63830E-01
 5.62341E+00 4.93839E-01 7.03142E-01 9.35882E-01 9.64240E-01
 5.68853E+00 4.94046E-01 7.03437E-01 9.36274E-01 9.64645E-01
 5.75440E+00 4.94251E-01 7.03729E-01 9.36663E-01 9.65044E-01
 5.82103E+00 4.94453E-01 7.04017E-01 9.37046E-01 9.65440E-01
 5.88844E+00 4.94654E-01 7.04302E-01 9.37425E-01 9.65830E-01
 5.95662E+00 4.94851E-01 7.04583E-01 9.37800E-01 9.66216E-01
 6.02560E+00 4.95047E-01 7.04861E-01 9.38170E-01 9.66598E-01
 6.09537E+00 4.95240E-01 7.05136E-01 9.38536E-01 9.66975E-01
 6.16595E+00 4.95431E-01 7.05408E-01 9.38898E-01 9.67348E-01
 6.23735E+00 4.95619E-01 7.05677E-01 9.39255E-01 9.67716E-01
 6.30957E+00 4.95806E-01 7.05942E-01 9.39609E-01 9.68080E-01
 6.38263E+00 4.95990E-01 7.06204E-01 9.39958E-01 9.68440E-01
 6.45654E+00 4.96172E-01 7.06464E-01 9.40303E-01 9.68795E-01
 6.53131E+00 4.96352E-01 7.06720E-01 9.40644E-01 9.69147E-01
 6.60693E+00 4.96530E-01 7.06973E-01 9.40982E-01 9.69494E-01
 6.68344E+00 4.96706E-01 7.07224E-01 9.41315E-01 9.69838E-01
 6.76083E+00 4.96880E-01 7.07472E-01 9.41645E-01 9.70177E-01
 6.83912E+00 4.97052E-01 7.07716E-01 9.41970E-01 9.70513E-01
 6.91831E+00 4.97222E-01 7.07958E-01 9.42292E-01 9.70845E-01
 6.99842E+00 4.97390E-01 7.08197E-01 9.42611E-01 9.71173E-01
 7.07946E+00 4.97556E-01 7.08434E-01 9.42925E-01 9.71497E-01
 7.16143E+00 4.97720E-01 7.08667E-01 9.43236E-01 9.71817E-01
 7.24436E+00 4.97882E-01 7.08899E-01 9.43544E-01 9.72134E-01
 7.32825E+00 4.98043E-01 7.09127E-01 9.43848E-01 9.72448E-01
 7.41310E+00 4.98201E-01 7.09353E-01 9.44149E-01 9.72757E-01
 7.49894E+00 4.98358E-01 7.09576E-01 9.44446E-01 9.73063E-01
 7.58578E+00 4.98513E-01 7.09797E-01 9.44739E-01 9.73366E-01
 7.67361E+00 4.98666E-01 7.10015E-01 9.45030E-01 9.73665E-01
 7.76247E+00 4.98818E-01 7.10231E-01 9.45317E-01 9.73961E-01
 7.85236E+00 4.98967E-01 7.10444E-01 9.45601E-01 9.74253E-01
 7.94328E+00 4.99115E-01 7.10655E-01 9.45881E-01 9.74542E-01
 8.03526E+00 4.99262E-01 7.10863E-01 9.46159E-01 9.74828E-01
 8.12831E+00 4.99407E-01 7.11069E-01 9.46433E-01 9.75111E-01
 8.22243E+00 4.99550E-01 7.11273E-01 9.46704E-01 9.75390E-01
 8.31764E+00 4.99691E-01 7.11474E-01 9.46972E-01 9.75666E-01
 8.41395E+00 4.99831E-01 7.11673E-01 9.47237E-01 9.75940E-01
 8.51138E+00 4.99969E-01 7.11870E-01 9.47499E-01 9.76210E-01
 8.60994E+00 5.00106E-01 7.12065E-01 9.47758E-01 9.76477E-01
 8.70964E+00 5.00241E-01 7.12257E-01 9.48015E-01 9.76740E-01
 8.81049E+00 5.00375E-01 7.12448E-01 9.48268E-01 9.77001E-01
 8.91251E+00 5.00507E-01 7.12636E-01 9.48518E-01 9.77259E-01
 9.01571E+00 5.00638E-01 7.12822E-01 9.48766E-01 9.77514E-01
 9.12011E+00 5.00767E-01 7.13006E-01 9.49011E-01 9.77767E-01
 9.22571E+00 5.00894E-01 7.13187E-01 9.49253E-01 9.78016E-01
 9.33254E+00 5.01021E-01 7.13367E-01 9.49492E-01 9.78262E-01
 9.44061E+00 5.01145E-01 7.13545E-01 9.49728E-01 9.78506E-01
 9.54993E+00 5.01269E-01 7.13721E-01 9.49962E-01 9.78747E-01
 9.66051E+00 5.01391E-01 7.13894E-01 9.50193E-01 9.78985E-01
 9.77237E+00 5.01511E-01 7.14066E-01 9.50422E-01 9.79221E-01
 9.88553E+00 5.01631E-01 7.14236E-01 9.50648E-01 9.79454E-01
 1.00000E+01 5.01749E-01 7.14404E-01 9.50871E-01 9.79684E-01
 1.01158E+01 5.01865E-01 7.14570E-01 9.51092E-01 9.79911E-01
 1.02329E+01 5.01980E-01 7.14734E-01 9.51311E-01 9.80137E-01
 1.03514E+01 5.02094E-01 7.14896E-01 9.51527E-01 9.80359E-01
 1.04713E+01 5.02207E-01 7.15057E-01 9.51740E-01 9.80579E-01
 1.05925E+01 5.02318E-01 7.15215E-01 9.51951E-01 9.80797E-01
 1.07152E+01 5.02429E-01 7.15372E-01 9.52160E-01 9.81012E-01
 1.08393E+01 5.02538E-01 7.15527E-01 9.52366E-01 9.81224E-01
 1.09648E+01 5.02645E-01 7.15680E-01 9.52571E-01 9.81434E-01
 1.10917E+01 5.02752E-01 7.15832E-01 9.52772E-01 9.81642E-01
 1.12202E+01 5.02857E-01 7.15982E-01 9.52972E-01 9.81848E-01
 1.13501E+01 5.02961E-01 7.16130E-01 9.53169E-01 9.82051E-01
 1.14815E+01 5.03064E-01 7.16276E-01 9.53364E-01 9.82252E-01
 1.16145E+01 5.03165E-01 7.16421E-01 9.53557E-01 9.82450E-01
 1.17490E+01 5.03266E-01 7.16564E-01 9.53747E-01 9.82647E-01
 1.18850E+01 5.03365E-01 7.16706E-01 9.53935E-01 9.82841E-01
 1.20226E+01 5.03464E-01 7.16846E-01 9.54122E-01 9.83033E-01
 1.21619E+01 5.03561E-01 7.16984E-01 9.54306E-01 9.83222E-01
 1.23027E+01 5.03657E-01 7.17121E-01 9.54488E-01 9.83410E-01
 1.24451E+01 5.03752E-01 7.17256E-01 9.54668E-01 9.83595E-01
 1.25893E+01 5.03846E-01 7.17390E-01 9.54846E-01 9.83779E-01
 1.27350E+01 5.03939E-01 7.17522E-01 9.55022E-01 9.83960E-01
 1.28825E+01 5.04030E-01 7.17653E-01 9.55196E-01 9.84139E-01
 1.30317E+01 5.04121E-01 7.17782E-01 9.55368E-01 9.84316E-01
 1.31826E+01 5.04211E-01 7.17910E-01 9.55538E-01 9.84492E-01
 1.33352E+01 5.04300E-01 7.18036E-01 9.55706E-01 9.84665E-01
 1.34896E+01 5.04387E-01 7.18161E-01 9.55872E-01 9.84836E-01
 1.36458E+01 5.04474E-01 7.18284E-01 9.56037E-01 9.85005E-01
 1.38038E+01 5.04560E-01 7.18406E-01 9.56199E-01 9.85173E-01
 1.39637E+01 5.04645E-01 7.18527E-01 9.56360E-01 9.85338E-01
 1.41254E+01 5.04728E-01 7.18646E-01 9.56518E-01 9.85502E-01
 1.42889E+01 5.04811E-01 7.18764E-01 9.56675E-01 9.85664E-01
 1.44544E+01 5.04893E-01 7.18881E-01 9.56831E-01 9.85824E-01
 1.46218E+01 5.04974E-01 7.18996E-01 9.56984E-01 9.85982E-01
 1.47911E+01 5.05054E-01 7.19110E-01 9.57136E-01 9.86138E-01
 1.49624E+01 5.05133E-01 7.19223E-01 9.57286E-01 9.86293E-01
 1.51356E+01 5.05212E-01 7.19334E-01 9.57434E-01 9.86445E-01
 1.53109E+01 5.05289E-01 7.19445E-01 9.57581E-01 9.86596E-01
 1.54882E+01 5.05365E-01 7.19554E-01 9.57726E-01 9.86746E-01
 1.56675E+01 5.05441E-01 7.19661E-01 9.57869E-01 9.86893E-01
 1.58489E+01 5.05516E-01 7.19768E-01 9.58011E-01 9.87039E-01
 1.60325E+01 5.05590E-01 7.19873E-01 9.58151E-01 9.87184E-01
 1.62181E+01 5.05663E-01 7.19977E-01 9.58289E-01 9.87326E-01
 1.64059E+01 5.05735E-01 7.20080E-01 9.58426E-01 9.87467E-01
 1.65959E+01 5.05806E-01 7.20181E-01 9.58562E-01 9.87607E-01
 1.67880E+01 5.05877E-01 7.20282E-01 9.58695E-01 9.87745E-01
 1.69824E+01 5.05947E-01 7.20381E-01 9.58828E-01 9.87881E-01
 1.71791E+01 5.06016E-01 7.20480E-01 9.58958E-01 9.88016E-01
 1.73780E+01 5.06084E-01 7.20577E-01 9.59088E-01 9.88149E-01
 1.75792E+01 5.06152E-01 7.20673E-01 9.59216E-01 9.88281E-01
 1.77828E+01 5.06218E-01 7.20768E-01 9.59342E-01 9.88411E-01
 1.79887E+01 5.06284E-01 7.20862E-01 9.59467E-01 9.88540E-01
 1.81970E+01 5.06349E-01 7.20955E-01 9.59590E-01 9.88667E-01
 1.84077E+01 5.06414E-01 7.21046E-01 9.59713E-01 9.88793E-01
 1.86209E+01 5.06478E-01 7.21137E-01 9.59833E-01 9.88917E-01
 1.88365E+01 5.06541E-01 7.21227E-01 9.59953E-01 9.89040E-01
 1.90546E+01 5.06603E-01 7.21315E-01 9.60071E-01 9.89162E-01
 1.92752E+01 5.06664E-01 7.21403E-01 9.60187E-01 9.89282E-01
 1.94984E+01 5.06725E-01 7.21490E-01 9.60303E-01 9.89401E-01
 1.97242E+01 5.06785E-01 7.21575E-01 9.60417E-01 9.89518E-01
 1.99526E+01 5.06845E-01 7.21660E-01 9.60530E-01 9.89635E-01
 2.01837E+01 5.06904E-01 7.21744E-01 9.60641E-01 9.89749E-01
 2.04174E+01 5.06962E-01 7.21827E-01 9.60751E-01 9.89863E-01
 2.06538E+01 5.07019E-01 7.21908E-01 9.60860E-01 9.89975E-01
 2.08930E+01 5.07076E-01 7.21989E-01 9.60968E-01 9.90086E-01
 2.11349E+01 5.07132E-01 7.22069E-01 9.61074E-01 9.90196E-01
 2.13796E+01 5.07188E-01 7.22148E-01 9.61180E-01 9.90304E-01
 2.16272E+01 5.07243E-01 7.22227E-01 9.61284E-01 9.90411E-01
 2.18776E+01 5.07297E-01 7.22304E-01 9.61387E-01 9.90517E-01
 2.21309E+01 5.07351E-01 7.22380E-01 9.61488E-01 9.90622E-01
 2.23872E+01 5.07404E-01 7.22456E-01 9.61589E-01 9.90726E-01
 2.26464E+01 5.07456E-01 7.22531E-01 9.61688E-01 9.90828E-01
 2.29087E+01 5.07508E-01 7.22604E-01 9.61786E-01 9.90930E-01
 2.31739E+01 5.07559E-01 7.22677E-01 9.61884E-01 9.91030E-01
 2.34423E+01 5.07610E-01 7.22750E-01 9.61980E-01 9.91129E-01
 2.37137E+01 5.07660E-01 7.22821E-01 9.62075E-01 9.91226E-01
 2.39883E+01 5.07710E-01 7.22891E-01 9.62169E-01 9.91323E-01
 2.42661E+01 5.07759E-01 7.22961E-01 9.62261E-01 9.91419E-01
 2.45471E+01 5.07807E-01 7.23030E-01 9.62353E-01 9.91513E-01
 2.48313E+01 5.07855E-01 7.23098E-01 9.62444E-01 9.91607E-01
 2.51189E+01 5.07902E-01 7.23166E-01 9.62533E-01 9.91699E-01
 2.54097E+01 5.07949E-01 7.23232E-01 9.62622E-01 9.91791E-01
 2.57040E+01 5.07995E-01 7.23298E-01 9.62710E-01 9.91881E-01
 2.60016E+01 5.08041E-01 7.23363E-01 9.62796E-01 9.91970E-01
 2.63027E+01 5.08086E-01 7.23428E-01 9.62882E-01 9.92058E-01
 2.66073E+01 5.08131E-01 7.23491E-01 9.62967E-01 9.92146E-01
 2.69153E+01 5.08175E-01 7.23554E-01 9.63050E-01 9.92232E-01
 2.72270E+01 5.08219E-01 7.23616E-01 9.63133E-01 9.92317E-01
 2.75423E+01 5.08262E-01 7.23678E-01 9.63215E-01 9.92401E-01
 2.78612E+01 5.08305E-01 7.23739E-01 9.63296E-01 9.92485E-01
 2.81838E+01 5.08347E-01 7.23799E-01 9.63376E-01 9.92567E-01
 2.85102E+01 5.08389E-01 7.23858E-01 9.63455E-01 9.92649E-01
 2.88403E+01 5.08430E-01 7.23917E-01 9.63533E-01 9.92729E-01
 2.91743E+01 5.08471E-01 7.23975E-01 9.63610E-01 9.92809E-01
 2.95121E+01 5.08511E-01 7.24032E-01 9.63687E-01 9.92887E-01
 2.98538E+01 5.08551E-01 7.24089E-01 9.63762E-01 9.92965E-01
 3.01995E+01 5.08590E-01 7.24145E-01 9.63837E-01 9.93042E-01
 3.05492E+01 5.08629E-01 7.24200E-01 9.63911E-01 9.93118E-01
 3.09030E+01 5.08668E-01 7.24255E-01 9.63984E-01 9.93193E-01
 3.12608E+01 5.08706E-01 7.24309E-01 9.64056E-01 9.93268E-01
 3.16228E+01 5.08743E-01 7.24363E-01 9.64127E-01 9.93341E-01
 3.19890E+01 5.08781E-01 7.24416E-01 9.64198E-01 9.93414E-01
 3.23594E+01 5.08817E-01 7.24468E-01 9.64267E-01 9.93486E-01
 3.27341E+01 5.08854E-01 7.24520E-01 9.64336E-01 9.93557E-01
 3.31131E+01 5.08890E-01 7.24571E-01 9.64404E-01 9.93627E-01
 3.34965E+01 5.08925E-01 7.24622E-01 9.64472E-01 9.93696E-01
 3.38844E+01 5.08960E-01 7.24672E-01 9.64538E-01 9.93765E-01
 3.42768E+01 5.08995E-01 7.24721E-01 9.64604E-01 9.93833E-01
 3.46737E+01 5.09029E-01 7.24770E-01 9.64669E-01 9.93900E-01
 3.50752E+01 5.09063E-01 7.24819E-01 9.64734E-01 9.93966E-01
 3.54813E+01 5.09097E-01 7.24866E-01 9.64797E-01 9.94031E-01
 3.58922E+01 5.09130E-01 7.24914E-01 9.64860E-01 9.94096E-01
 3.63078E+01 5.09163E-01 7.24960E-01 9.64922E-01 9.94160E-01
 3.67282E+01 5.09195E-01 7.25006E-01 9.64984E-01 9.94224E-01
 3.71535E+01 5.09227E-01 7.25052E-01 9.65044E-01 9.94286E-01
 3.75837E+01 5.09259E-01 7.25097E-01 9.65104E-01 9.94348E-01
 3.80189E+01 5.09290E-01 7.25142E-01 9.65164E-01 9.94409E-01
 3.84592E+01 5.09321E-01 7.25186E-01 9.65222E-01 9.94470E-01
 3.89045E+01 5.09352E-01 7.25229E-01 9.65280E-01 9.94529E-01
 3.93550E+01 5.09382E-01 7.25273E-01 9.65338E-01 9.94588E-01
 3.98107E+01 5.09412E-01 7.25315E-01 9.65394E-01 9.94647E-01
 4.02717E+01 5.09442E-01 7.25357E-01 9.65450E-01 9.94705E-01
 4.07380E+01 5.09471E-01 7.25399E-01 9.65506E-01 9.94762E-01
 4.12098E+01 5.09500E-01 7.25440E-01 9.65561E-01 9.94818E-01
 4.16869E+01 5.09528E-01 7.25481E-01 9.65615E-01 9.94874E-01
 4.21697E+01 5.09557E-01 7.25521E-01 9.65668E-01 9.94929E-01
 4.26580E+01 5.09584E-01 7.25561E-01 9.65721E-01 9.94984E-01
 4.31519E+01 5.09612E-01 7.25600E-01 9.65774E-01 9.95038E-01
 4.36516E+01 5.09639E-01 7.25639E-01 9.65825E-01 9.95091E-01
 4.41570E+01 5.09666E-01 7.25677E-01 9.65876E-01 9.95143E-01
 4.46684E+01 5.09693E-01 7.25715E-01 9.65927E-01 9.95196E-01
 4.51856E+01 5.09719E-01 7.25753E-01 9.65977E-01 9.95247E-01
 4.57088E+01 5.09745E-01 7.25790E-01 9.66026E-01 9.95298E-01
 4.62381E+01 5.09771E-01 7.25827E-01 9.66075E-01 9.95348E-01
 4.67735E+01 5.09797E-01 7.25863E-01 9.66123E-01 9.95398E-01
 4.73151E+01 5.09822E-01 7.25899E-01 9.66171E-01 9.95447E-01
 4.78630E+01 5.09847E-01 7.25934E-01 9.66218E-01 9.95496E-01
 4.84172E+01 5.09871E-01 7.25969E-01 9.66265E-01 9.95544E-01
 4.89779E+01 5.09896E-01 7.26004E-01 9.66311E-01 9.95591E-01
 4.95450E+01 5.09920E-01 7.26038E-01 9.66357E-01 9.95638E-01
 5.01187E+01 5.09944E-01 7.26072E-01 9.66402E-01 9.95685E-01
 5.06991E+01 5.09967E-01 7.26105E-01 9.66446E-01 9.95731E-01
 5.12861E+01 5.09990E-01 7.26139E-01 9.66490E-01 9.95776E-01
 5.18800E+01 5.10013E-01 7.26171E-01 9.66534E-01 9.95821E-01
 5.24807E+01 5.10036E-01 7.26204E-01 9.66577E-01 9.95865E-01
 5.30884E+01 5.10058E-01 7.26236E-01 9.66620E-01 9.95909E-01
 5.37032E+01 5.10081E-01 7.26267E-01 9.66662E-01 9.95952E-01
 5.43250E+01 5.10103E-01 7.26298E-01 9.66703E-01 9.95995E-01
 5.49541E+01 5.10124E-01 7.26329E-01 9.66744E-01 9.96038E-01
 5.55904E+01 5.10146E-01 7.26360E-01 9.66785E-01 9.96079E-01
 5.62341E+01 5.10167E-01 7.26390E-01 9.66825E-01 9.96121E-01
 5.68853E+01 5.10188E-01 7.26420E-01 9.66865E-01 9.96162E-01
 5.75440E+01 5.10209E-01 7.26449E-01 9.66904E-01 9.96202E-01
 5.82103E+01 5.10229E-01 7.26479E-01 9.66943E-01 9.96242E-01
 5.88844E+01 5.10249E-01 7.26507E-01 9.66981E-01 9.96282E-01
 5.95662E+01 5.10269E-01 7.26536E-01 9.67019E-01 9.96321E-01
 6.02560E+01 5.10289E-01 7.26564E-01 9.67057E-01 9.96360E-01
 6.09537E+01 5.10309E-01 7.26592E-01 9.67094E-01 9.96398E-01
 6.16595E+01 5.10328E-01 7.26619E-01 9.67130E-01 9.96435E-01
 6.23735E+01 5.10347E-01 7.26647E-01 9.67167E-01 9.96473E-01
 6.30957E+01 5.10366E-01 7.26674E-01 9.67202E-01 9.96510E-01
 6.38263E+01 5.10385E-01 7.26700E-01 9.67238E-01 9.96546E-01
 6.45654E+01 5.10403E-01 7.26726E-01 9.67273E-01 9.96582E-01
 6.53131E+01 5.10421E-01 7.26752E-01 9.67308E-01 9.96618E-01
 6.60693E+01 5.10440E-01 7.26778E-01 9.67342E-01 9.96653E-01
 6.68344E+01 5.10457E-01 7.26804E-01 9.67376E-01 9.96688E-01
 6.76083E+01 5.10475E-01 7.26829E-01 9.67409E-01 9.96722E-01
 6.83912E+01 5.10492E-01 7.26854E-01 9.67442E-01 9.96756E-01
 6.91831E+01 5.10510E-01 7.26878E-01 9.67475E-01 9.96790E-01
 6.99842E+01 5.10527E-01 7.26902E-01 9.67507E-01 9.96823E-01
 7.07946E+01 5.10544E-01 7.26926E-01 9.67539E-01 9.96856E-01
 7.16143E+01 5.10560E-01 7.26950E-01 9.67570E-01 9.96889E-01
 7.24436E+01 5.10577E-01 7.26973E-01 9.67602E-01 9.96921E-01
 7.32825E+01 5.10593E-01 7.26997E-01 9.67633E-01 9.96953E-01
 7.41310E+01 5.10609E-01 7.27020E-01 9.67663E-01 9.96984E-01
 7.49894E+01 5.10625E-01 7.27042E-01 9.67693E-01 9.97015E-01
 7.58578E+01 5.10641E-01 7.27065E-01 9.67723E-01 9.97046E-01
 7.67361E+01 5.10656E-01 7.27087E-01 9.67752E-01 9.97076E-01
 7.76247E+01 5.10672E-01 7.27109E-01 9.67782E-01 9.97106E-01
 7.85236E+01 5.10687E-01 7.27130E-01 9.67810E-01 9.97136E-01
 7.94328E+01 5.10702E-01 7.27152E-01 9.67839E-01 9.97165E-01
 8.03526E+01 5.10717E-01 7.27173E-01 9.67867E-01 9.97194E-01
 8.12831E+01 5.10731E-01 7.27194E-01 9.67895E-01 9.97223E-01
 8.22243E+01 5.10746E-01 7.27214E-01 9.67922E-01 9.97251E-01
 8.31764E+01 5.10760E-01 7.27235E-01 9.67949E-01 9.97279E-01
 8.41395E+01 5.10774E-01 7.27255E-01 9.67976E-01 9.97307E-01
 8.51138E+01 5.10788E-01 7.27275E-01 9.68003E-01 9.97334E-01
 8.60994E+01 5.10802E-01 7.27295E-01 9.68029E-01 9.97361E-01
 8.70964E+01 5.10816E-01 7.27314E-01 9.68055E-01 9.97388E-01
 8.81049E+01 5.10830E-01 7.27333E-01 9.68081E-01 9.97415E-01
 8.91251E+01 5.10843E-01 7.27352E-01 9.68106E-01 9.97441E-01
 9.01571E+01 5.10856E-01 7.27371E-01 9.68131E-01 9.97467E-01
 9.12011E+01 5.10869E-01 7.27390E-01 9.68156E-01 9.97492E-01
 9.22571E+01 5.10882E-01 7.27408E-01 9.68181E-01 9.97517E-01
 9.33254E+01 5.10895E-01 7.27427E-01 9.68205E-01 9.97542E-01
 9.44061E+01 5.10908E-01 7.27445E-01 9.68229E-01 9.97567E-01
 9.54993E+01 5.10920E-01 7.27462E-01 9.68252E-01 9.97591E-01
 9.66051E+01 5.10932E-01 7.27480E-01 9.68276E-01 9.97616E-01
 9.77237E+01 5.10945E-01 7.27497E-01 9.68299E-01 9.97639E-01
 9.88553E+01 5.10957E-01 7.27515E-01 9.68322E-01 9.97663E-01
 1.00000E+02 5.10969E-01 7.27532E-01 9.68344E-01 9.97686E-01
