 1.00000E-02 3.42985E-02 5.58187E-02 8.66664E-02 9.09587E-02
 2.00000E-02 3.53703E-02 5.71607E-02 8.92923E-02 9.42222E-02
 3.00000E-02 3.60586E-02 5.85032E-02 9.16912E-02 9.66324E-02
 4.00000E-02 3.68343E-02 5.98464E-02 9.41507E-02 9.93100E-02
 5.00000E-02 3.76112E-02 6.11900E-02 9.65983E-02 1.02011E-01
 6.00000E-02 3.83924E-02 6.25342E-02 9.91059E-02 1.04756E-01
 7.00000E-02 3.91869E-02 6.39285E-02 1.01669E-01 1.07605E-01
 8.00000E-02 3.99952E-02 6.53343E-02 1.04274E-01 1.10476E-01
 9.00000E-02 4.08162E-02 6.67674E-02 1.06943E-01 1.13426E-01
 1.00000E-01 4.16503E-02 6.82073E-02 1.09667E-01 1.16422E-01
 1.10000E-01 4.25057E-02 6.96841E-02 1.12435E-01 1.19493E-01
 1.20000E-01 4.33681E-02 7.11758E-02 1.15240E-01 1.22630E-01
 1.30000E-01 4.42419E-02 7.26829E-02 1.18098E-01 1.25837E-01
 1.40000E-01 4.51305E-02 7.42065E-02 1.21002E-01 1.29103E-01
 1.50000E-01 4.60276E-02 7.57464E-02 1.23942E-01 1.32418E-01
 1.60000E-01 4.69367E-02 7.73015E-02 1.26925E-01 1.35805E-01
 1.70000E-01 4.78573E-02 7.88705E-02 1.29945E-01 1.39242E-01
 1.80000E-01 4.87855E-02 8.04518E-02 1.32994E-01 1.42736E-01
 1.90000E-01 4.97241E-02 8.20453E-02 1.36070E-01 1.46289E-01
 2.00000E-01 5.06736E-02 8.36557E-02 1.39182E-01 1.49898E-01
 2.10000E-01 5.16310E-02 8.52745E-02 1.42311E-01 1.53559E-01
 2.20000E-01 5.25964E-02 8.69004E-02 1.45471E-01 1.57267E-01
 2.30000E-01 5.35697E-02 8.85405E-02 1.48647E-01 1.61032E-01
 2.40000E-01 5.45508E-02 9.01872E-02 1.51836E-01 1.64842E-01
 2.50000E-01 5.55395E-02 9.18411E-02 1.55049E-01 1.68698E-01
 2.60000E-01 5.65353E-02 9.35051E-02 1.58270E-01 1.72601E-01
 2.70000E-01 5.75380E-02 9.51727E-02 1.61500E-01 1.76547E-01
 2.80000E-01 5.85473E-02 9.68503E-02 1.64736E-01 1.80532E-01
 2.90000E-01 5.95628E-02 9.85307E-02 1.67978E-01 1.84558E-01
 3.00000E-01 6.05842E-02 1.00219E-01 1.71225E-01 1.88618E-01
 3.10000E-01 6.16111E-02 1.01910E-01 1.74473E-01 1.92715E-01
 3.20000E-01 6.26433E-02 1.03606E-01 1.77719E-01 1.96843E-01
 3.30000E-01 6.36804E-02 1.05307E-01 1.80962E-01 2.00997E-01
 3.40000E-01 6.47225E-02 1.07010E-01 1.84200E-01 2.05175E-01
 3.50000E-01 6.57704E-02 1.08718E-01 1.87432E-01 2.09373E-01
 3.60000E-01 6.68225E-02 1.10428E-01 1.90656E-01 2.13582E-01
 3.70000E-01 6.78785E-02 1.12139E-01 1.93872E-01 2.17799E-01
 3.80000E-01 6.89381E-02 1.13855E-01 1.97080E-01 2.22015E-01
 3.90000E-01 7.00025E-02 1.15572E-01 2.00278E-01 2.26224E-01
 4.00000E-01 7.10708E-02 1.17289E-01 2.03464E-01 2.30418E-01
 4.10000E-01 7.21421E-02 1.19009E-01 2.06637E-01 2.34591E-01
 4.20000E-01 7.32163E-02 1.20730E-01 2.09797E-01 2.38741E-01
 4.30000E-01 7.42951E-02 1.22450E-01 2.12943E-01 2.42862E-01
 4.40000E-01 7.53763E-02 1.24172E-01 2.16075E-01 2.46954E-01
 4.50000E-01 7.64597E-02 1.25895E-01 2.19191E-01 2.51012E-01
 4.60000E-01 7.75473E-02 1.27618E-01 2.22294E-01 2.55037E-01
 4.70000E-01 7.86368E-02 1.29339E-01 2.25382E-01 2.59027E-01
 4.80000E-01 7.97283E-02 1.31061E-01 2.28454E-01 2.62982E-01
 4.90000E-01 8.08232E-02 1.32784E-01 2.31510E-01 2.66903E-01
 5.00000E-01 8.19196E-02 1.34506E-01 2.34549E-01 2.70787E-01
 5.10000E-01 8.30183E-02 1.36226E-01 2.37571E-01 2.74637E-01
 5.20000E-01 8.41192E-02 1.37945E-01 2.40576E-01 2.78450E-01
 5.30000E-01 8.52212E-02 1.39665E-01 2.43567E-01 2.82228E-01
 5.40000E-01 8.63261E-02 1.41383E-01 2.46541E-01 2.85971E-01
 5.50000E-01 8.74316E-02 1.43099E-01 2.49498E-01 2.89681E-01
 5.60000E-01 8.85393E-02 1.44814E-01 2.52437E-01 2.93357E-01
 5.70000E-01 8.96481E-02 1.46527E-01 2.55358E-01 2.96997E-01
 5.80000E-01 9.07582E-02 1.48240E-01 2.58264E-01 3.00603E-01
 5.90000E-01 9.18696E-02 1.49951E-01 2.61154E-01 3.04178E-01
 6.00000E-01 9.29819E-02 1.51659E-01 2.64026E-01 3.07720E-01
 6.10000E-01 9.40956E-02 1.53366E-01 2.66881E-01 3.11227E-01
 6.20000E-01 9.52097E-02 1.55070E-01 2.69719E-01 3.14704E-01
 6.30000E-01 9.63252E-02 1.56773E-01 2.72540E-01 3.18150E-01
 6.40000E-01 9.74408E-02 1.58474E-01 2.75346E-01 3.21563E-01
 6.50000E-01 9.85577E-02 1.60172E-01 2.78136E-01 3.24945E-01
 6.60000E-01 9.96745E-02 1.61868E-01 2.80908E-01 3.28299E-01
 6.70000E-01 1.00792E-01 1.63561E-01 2.83663E-01 3.31621E-01
 6.80000E-01 1.01910E-01 1.65252E-01 2.86402E-01 3.34913E-01
 6.90000E-01 1.03029E-01 1.66940E-01 2.89126E-01 3.38178E-01
 7.00000E-01 1.04147E-01 1.68626E-01 2.91834E-01 3.41412E-01
 7.10000E-01 1.05266E-01 1.70310E-01 2.94525E-01 3.44618E-01
 7.20000E-01 1.06385E-01 1.71990E-01 2.97200E-01 3.47797E-01
 7.30000E-01 1.07503E-01 1.73668E-01 2.99860E-01 3.50946E-01
 7.40000E-01 1.08622E-01 1.75343E-01 3.02505E-01 3.54070E-01
 7.50000E-01 1.09741E-01 1.77014E-01 3.05134E-01 3.57166E-01
 7.60000E-01 1.10859E-01 1.78683E-01 3.07747E-01 3.60235E-01
 7.70000E-01 1.11977E-01 1.80349E-01 3.10344E-01 3.63279E-01
 7.80000E-01 1.13095E-01 1.82011E-01 3.12928E-01 3.66297E-01
 7.90000E-01 1.14212E-01 1.83671E-01 3.15496E-01 3.69288E-01
 8.00000E-01 1.15329E-01 1.85328E-01 3.18049E-01 3.72255E-01
 8.10000E-01 1.16446E-01 1.86981E-01 3.20586E-01 3.75196E-01
 8.20000E-01 1.17562E-01 1.88631E-01 3.23111E-01 3.78114E-01
 8.30000E-01 1.18677E-01 1.90278E-01 3.25620E-01 3.81007E-01
 8.40000E-01 1.19791E-01 1.91921E-01 3.28115E-01 3.83875E-01
 8.50000E-01 1.20905E-01 1.93561E-01 3.30594E-01 3.86722E-01
 8.60000E-01 1.22018E-01 1.95198E-01 3.33061E-01 3.89544E-01
 8.70000E-01 1.23130E-01 1.96831E-01 3.35513E-01 3.92343E-01
 8.80000E-01 1.24241E-01 1.98460E-01 3.37952E-01 3.95121E-01
 8.90000E-01 1.25351E-01 2.00086E-01 3.40375E-01 3.97874E-01
 9.00000E-01 1.26460E-01 2.01709E-01 3.42786E-01 4.00607E-01
 9.10000E-01 1.27569E-01 2.03328E-01 3.45184E-01 4.03317E-01
 9.20000E-01 1.28675E-01 2.04943E-01 3.47568E-01 4.06005E-01
 9.30000E-01 1.29781E-01 2.06555E-01 3.49938E-01 4.08674E-01
 9.40000E-01 1.30886E-01 2.08163E-01 3.52295E-01 4.11320E-01
 9.50000E-01 1.31989E-01 2.09767E-01 3.54640E-01 4.13947E-01
 9.60000E-01 1.33091E-01 2.11368E-01 3.56971E-01 4.16552E-01
 9.70000E-01 1.34191E-01 2.12965E-01 3.59289E-01 4.19137E-01
 9.80000E-01 1.35291E-01 2.14558E-01 3.61594E-01 4.21703E-01
 9.90000E-01 1.36389E-01 2.16147E-01 3.63888E-01 4.24248E-01
 1.00000E+00 1.37485E-01 2.17732E-01 3.66168E-01 4.26775E-01
 1.01158E+00 1.38753E-01 2.19563E-01 3.68792E-01 4.29676E-01
 1.02329E+00 1.40033E-01 2.21410E-01 3.71432E-01 4.32586E-01
 1.03514E+00 1.41326E-01 2.23272E-01 3.74084E-01 4.35502E-01
 1.04713E+00 1.42631E-01 2.25151E-01 3.76750E-01 4.38427E-01
 1.05925E+00 1.43949E-01 2.27046E-01 3.79429E-01 4.41359E-01
 1.07152E+00 1.45279E-01 2.28956E-01 3.82122E-01 4.44297E-01
 1.08393E+00 1.46622E-01 2.30883E-01 3.84827E-01 4.47244E-01
 1.09648E+00 1.47979E-01 2.32825E-01 3.87547E-01 4.50197E-01
 1.10917E+00 1.49347E-01 2.34783E-01 3.90279E-01 4.53157E-01
 1.12202E+00 1.50728E-01 2.36757E-01 3.93025E-01 4.56124E-01
 1.13501E+00 1.52122E-01 2.38748E-01 3.95783E-01 4.59096E-01
 1.14815E+00 1.53529E-01 2.40754E-01 3.98554E-01 4.62077E-01
 1.16145E+00 1.54949E-01 2.42776E-01 4.01339E-01 4.65062E-01
 1.17490E+00 1.56381E-01 2.44814E-01 4.04136E-01 4.68055E-01
 1.18850E+00 1.57825E-01 2.46868E-01 4.06945E-01 4.71053E-01
 1.20226E+00 1.59283E-01 2.48938E-01 4.09767E-01 4.74057E-01
 1.21619E+00 1.60753E-01 2.51023E-01 4.12602E-01 4.77067E-01
 1.23027E+00 1.62236E-01 2.53124E-01 4.15449E-01 4.80082E-01
 1.24451E+00 1.63731E-01 2.55241E-01 4.18308E-01 4.83103E-01
 1.25893E+00 1.65239E-01 2.57373E-01 4.21180E-01 4.86129E-01
 1.27350E+00 1.66760E-01 2.59522E-01 4.24064E-01 4.89160E-01
 1.28825E+00 1.68293E-01 2.61685E-01 4.26960E-01 4.92197E-01
 1.30317E+00 1.69838E-01 2.63864E-01 4.29868E-01 4.95237E-01
 1.31826E+00 1.71396E-01 2.66058E-01 4.32787E-01 4.98283E-01
 1.33352E+00 1.72966E-01 2.68268E-01 4.35718E-01 5.01334E-01
 1.34896E+00 1.74548E-01 2.70493E-01 4.38660E-01 5.04388E-01
 1.36458E+00 1.76143E-01 2.72733E-01 4.41614E-01 5.07447E-01
 1.38038E+00 1.77750E-01 2.74988E-01 4.44579E-01 5.10510E-01
 1.39637E+00 1.79369E-01 2.77258E-01 4.47555E-01 5.13577E-01
 1.41254E+00 1.81000E-01 2.79543E-01 4.50543E-01 5.16648E-01
 1.42889E+00 1.82643E-01 2.81842E-01 4.53541E-01 5.19723E-01
 1.44544E+00 1.84297E-01 2.84156E-01 4.56549E-01 5.22800E-01
 1.46218E+00 1.85964E-01 2.86484E-01 4.59568E-01 5.25881E-01
 1.47911E+00 1.87642E-01 2.88827E-01 4.62598E-01 5.28966E-01
 1.49624E+00 1.89331E-01 2.91183E-01 4.65638E-01 5.32053E-01
 1.51356E+00 1.91032E-01 2.93554E-01 4.68688E-01 5.35143E-01
 1.53109E+00 1.92744E-01 2.95938E-01 4.71748E-01 5.38236E-01
 1.54882E+00 1.94468E-01 2.98336E-01 4.74818E-01 5.41331E-01
 1.56675E+00 1.96202E-01 3.00747E-01 4.77896E-01 5.44429E-01
 1.58489E+00 1.97947E-01 3.03172E-01 4.80985E-01 5.47529E-01
 1.60325E+00 1.99704E-01 3.05610E-01 4.84082E-01 5.50631E-01
 1.62181E+00 2.01470E-01 3.08060E-01 4.87189E-01 5.53735E-01
 1.64059E+00 2.03248E-01 3.10524E-01 4.90304E-01 5.56840E-01
 1.65959E+00 2.05035E-01 3.13000E-01 4.93427E-01 5.59947E-01
 1.67880E+00 2.06833E-01 3.15487E-01 4.96560E-01 5.63055E-01
 1.69824E+00 2.08641E-01 3.17987E-01 4.99700E-01 5.66164E-01
 1.71791E+00 2.10458E-01 3.20499E-01 5.02848E-01 5.69275E-01
 1.73780E+00 2.12286E-01 3.23023E-01 5.06003E-01 5.72386E-01
 1.75792E+00 2.14122E-01 3.25558E-01 5.09166E-01 5.75498E-01
 1.77828E+00 2.15968E-01 3.28104E-01 5.12337E-01 5.78611E-01
 1.79887E+00 2.17824E-01 3.30660E-01 5.15514E-01 5.81723E-01
 1.81970E+00 2.19688E-01 3.33228E-01 5.18698E-01 5.84836E-01
 1.84077E+00 2.21560E-01 3.35805E-01 5.21888E-01 5.87949E-01
 1.86209E+00 2.23442E-01 3.38393E-01 5.25084E-01 5.91061E-01
 1.88365E+00 2.25331E-01 3.40990E-01 5.28286E-01 5.94173E-01
 1.90546E+00 2.27229E-01 3.43597E-01 5.31495E-01 5.97285E-01
 1.92752E+00 2.29135E-01 3.46213E-01 5.34708E-01 6.00395E-01
 1.94984E+00 2.31048E-01 3.48838E-01 5.37926E-01 6.03505E-01
 1.97242E+00 2.32969E-01 3.51471E-01 5.41149E-01 6.06614E-01
 1.99526E+00 2.34897E-01 3.54113E-01 5.44376E-01 6.09721E-01
 2.01837E+00 2.36832E-01 3.56763E-01 5.47608E-01 6.12827E-01
 2.04174E+00 2.38774E-01 3.59420E-01 5.50844E-01 6.15930E-01
 2.06538E+00 2.40722E-01 3.62085E-01 5.54082E-01 6.19032E-01
 2.08930E+00 2.42676E-01 3.64757E-01 5.57325E-01 6.22132E-01
 2.11349E+00 2.44637E-01 3.67435E-01 5.60570E-01 6.25230E-01
 2.13796E+00 2.46603E-01 3.70119E-01 5.63817E-01 6.28325E-01
 2.16272E+00 2.48575E-01 3.72810E-01 5.67067E-01 6.31417E-01
 2.18776E+00 2.50552E-01 3.75506E-01 5.70318E-01 6.34506E-01
 2.21309E+00 2.52534E-01 3.78208E-01 5.73572E-01 6.37592E-01
 2.23872E+00 2.54521E-01 3.80915E-01 5.76826E-01 6.40675E-01
 2.26464E+00 2.56513E-01 3.83626E-01 5.80080E-01 6.43755E-01
 2.29087E+00 2.58508E-01 3.86341E-01 5.83336E-01 6.46830E-01
 2.31739E+00 2.60508E-01 3.89061E-01 5.86591E-01 6.49902E-01
 2.34423E+00 2.62511E-01 3.91784E-01 5.89846E-01 6.52969E-01
 2.37137E+00 2.64517E-01 3.94510E-01 5.93101E-01 6.56033E-01
 2.39883E+00 2.66527E-01 3.97238E-01 5.96354E-01 6.59091E-01
 2.42661E+00 2.68540E-01 3.99970E-01 5.99606E-01 6.62145E-01
 2.45471E+00 2.70555E-01 4.02703E-01 6.02856E-01 6.65193E-01
 2.48313E+00 2.72573E-01 4.05438E-01 6.06104E-01 6.68237E-01
 2.51189E+00 2.74592E-01 4.08175E-01 6.09349E-01 6.71275E-01
 2.54097E+00 2.76614E-01 4.10913E-01 6.12591E-01 6.74308E-01
 2.57040E+00 2.78636E-01 4.13651E-01 6.15830E-01 6.77334E-01
 2.60016E+00 2.80661E-01 4.16389E-01 6.19065E-01 6.80355E-01
 2.63027E+00 2.82686E-01 4.19128E-01 6.22296E-01 6.83369E-01
 2.66073E+00 2.84711E-01 4.21865E-01 6.25522E-01 6.86376E-01
 2.69153E+00 2.86737E-01 4.24602E-01 6.28743E-01 6.89377E-01
 2.72270E+00 2.88763E-01 4.27338E-01 6.31959E-01 6.92371E-01
 2.75423E+00 2.90789E-01 4.30072E-01 6.35169E-01 6.95357E-01
 2.78612E+00 2.92815E-01 4.32805E-01 6.38373E-01 6.98337E-01
 2.81838E+00 2.94839E-01 4.35535E-01 6.41570E-01 7.01308E-01
 2.85102E+00 2.96863E-01 4.38262E-01 6.44760E-01 7.04271E-01
 2.88403E+00 2.98885E-01 4.40986E-01 6.47943E-01 7.07226E-01
 2.91743E+00 3.00906E-01 4.43707E-01 6.51118E-01 7.10173E-01
 2.95121E+00 3.02925E-01 4.46425E-01 6.54284E-01 7.13111E-01
 2.98538E+00 3.04942E-01 4.49137E-01 6.57442E-01 7.16041E-01
 3.01995E+00 3.06956E-01 4.51846E-01 6.60592E-01 7.18961E-01
 3.05492E+00 3.08968E-01 4.54550E-01 6.63731E-01 7.21872E-01
 3.09030E+00 3.10977E-01 4.57249E-01 6.66861E-01 7.24773E-01
 3.12608E+00 3.12982E-01 4.59942E-01 6.69981E-01 7.27664E-01
 3.16228E+00 3.14985E-01 4.62630E-01 6.73090E-01 7.30545E-01
 3.19890E+00 3.16983E-01 4.65312E-01 6.76189E-01 7.33416E-01
 3.23594E+00 3.18977E-01 4.67987E-01 6.79276E-01 7.36277E-01
 3.27341E+00 3.20968E-01 4.70655E-01 6.82351E-01 7.39126E-01
 3.31131E+00 3.22953E-01 4.73316E-01 6.85415E-01 7.41964E-01
 3.34965E+00 3.24934E-01 4.75970E-01 6.88466E-01 7.44791E-01
 3.38844E+00 3.26910E-01 4.78616E-01 6.91504E-01 7.47607E-01
 3.42768E+00 3.28881E-01 4.81254E-01 6.94529E-01 7.50410E-01
 3.46737E+00 3.30846E-01 4.83884E-01 6.97541E-01 7.53202E-01
 3.50752E+00 3.32806E-01 4.86505E-01 7.00539E-01 7.55981E-01
 3.54813E+00 3.34759E-01 4.89117E-01 7.03524E-01 7.58747E-01
 3.58922E+00 3.36706E-01 4.91720E-01 7.06494E-01 7.61501E-01
 3.63078E+00 3.38647E-01 4.94314E-01 7.09449E-01 7.64241E-01
 3.67282E+00 3.40581E-01 4.96898E-01 7.12389E-01 7.66969E-01
 3.71535E+00 3.42509E-01 4.99471E-01 7.15314E-01 7.69682E-01
 3.75837E+00 3.44429E-01 5.02035E-01 7.18223E-01 7.72382E-01
 3.80189E+00 3.46341E-01 5.04587E-01 7.21116E-01 7.75067E-01
 3.84592E+00 3.48246E-01 5.07129E-01 7.23994E-01 7.77738E-01
 3.89045E+00 3.50144E-01 5.09660E-01 7.26854E-01 7.80395E-01
 3.93550E+00 3.52033E-01 5.12180E-01 7.29699E-01 7.83037E-01
 3.98107E+00 3.53914E-01 5.14688E-01 7.32526E-01 7.85663E-01
 4.02717E+00 3.55787E-01 5.17184E-01 7.35336E-01 7.88274E-01
 4.07380E+00 3.57651E-01 5.19668E-01 7.38129E-01 7.90870E-01
 4.12098E+00 3.59506E-01 5.22139E-01 7.40904E-01 7.93449E-01
 4.16869E+00 3.61352E-01 5.24599E-01 7.43661E-01 7.96013E-01
 4.21697E+00 3.63189E-01 5.27045E-01 7.46400E-01 7.98560E-01
 4.26580E+00 3.65016E-01 5.29478E-01 7.49121E-01 8.01091E-01
 4.31519E+00 3.66834E-01 5.31899E-01 7.51823E-01 8.03605E-01
 4.36516E+00 3.68642E-01 5.34305E-01 7.54507E-01 8.06102E-01
 4.41570E+00 3.70440E-01 5.36699E-01 7.57172E-01 8.08581E-01
 4.46684E+00 3.72229E-01 5.39078E-01 7.59818E-01 8.11043E-01
 4.51856E+00 3.74006E-01 5.41443E-01 7.62445E-01 8.13488E-01
 4.57088E+00 3.75773E-01 5.43795E-01 7.65053E-01 8.15915E-01
 4.62381E+00 3.77530E-01 5.46132E-01 7.67641E-01 8.18324E-01
 4.67735E+00 3.79276E-01 5.48454E-01 7.70209E-01 8.20714E-01
 4.73151E+00 3.81010E-01 5.50762E-01 7.72758E-01 8.23086E-01
 4.78630E+00 3.82734E-01 5.53055E-01 7.75287E-01 8.25440E-01
 4.84172E+00 3.84446E-01 5.55332E-01 7.77796E-01 8.27775E-01
 4.89779E+00 3.86147E-01 5.57595E-01 7.80285E-01 8.30091E-01
 4.95450E+00 3.87836E-01 5.59842E-01 7.82753E-01 8.32387E-01
 5.01187E+00 3.89514E-01 5.62074E-01 7.85202E-01 8.34665E-01
 5.06991E+00 3.91180E-01 5.64290E-01 7.87630E-01 8.36923E-01
 5.12861E+00 3.92834E-01 5.66490E-01 7.90037E-01 8.39162E-01
 5.18800E+00 3.94475E-01 5.68674E-01 7.92425E-01 8.41382E-01
 5.24807E+00 3.96105E-01 5.70842E-01 7.94791E-01 8.43581E-01
 5.30884E+00 3.97722E-01 5.72994E-01 7.97137E-01 8.45761E-01
 5.37032E+00 3.99326E-01 5.75130E-01 7.99463E-01 8.47921E-01
 5.43250E+00 4.00918E-01 5.77249E-01 8.01767E-01 8.50061E-01
 5.49541E+00 4.02497E-01 5.79351E-01 8.04051E-01 8.52181E-01
 5.55904E+00 4.04064E-01 5.81437E-01 8.06314E-01 8.54281E-01
 5.62341E+00 4.05617E-01 5.83506E-01 8.08557E-01 8.56360E-01
 5.68853E+00 4.07158E-01 5.85559E-01 8.10778E-01 8.58420E-01
 5.75440E+00 4.08685E-01 5.87594E-01 8.12979E-01 8.60459E-01
 5.82103E+00 4.10199E-01 5.89612E-01 8.15159E-01 8.62477E-01
 5.88844E+00 4.11700E-01 5.91613E-01 8.17318E-01 8.64476E-01
 5.95662E+00 4.13188E-01 5.93596E-01 8.19457E-01 8.66453E-01
 6.02560E+00 4.14662E-01 5.95563E-01 8.21574E-01 8.68411E-01
 6.09537E+00 4.16122E-01 5.97511E-01 8.23671E-01 8.70348E-01
 6.16595E+00 4.17569E-01 5.99443E-01 8.25747E-01 8.72264E-01
 6.23735E+00 4.19002E-01 6.01357E-01 8.27802E-01 8.74160E-01
 6.30957E+00 4.20422E-01 6.03253E-01 8.29836E-01 8.76036E-01
 6.38263E+00 4.21828E-01 6.05131E-01 8.31850E-01 8.77891E-01
 6.45654E+00 4.23220E-01 6.06992E-01 8.33844E-01 8.79726E-01
 6.53131E+00 4.24598E-01 6.08834E-01 8.35816E-01 8.81540E-01
 6.60693E+00 4.25962E-01 6.10659E-01 8.37768E-01 8.83334E-01
 6.68344E+00 4.27312E-01 6.12466E-01 8.39700E-01 8.85108E-01
 6.76083E+00 4.28648E-01 6.14255E-01 8.41611E-01 8.86861E-01
 6.83912E+00 4.29970E-01 6.16026E-01 8.43502E-01 8.88594E-01
 6.91831E+00 4.31278E-01 6.17779E-01 8.45372E-01 8.90307E-01
 6.99842E+00 4.32572E-01 6.19514E-01 8.47223E-01 8.92000E-01
 7.07946E+00 4.33851E-01 6.21231E-01 8.49053E-01 8.93673E-01
 7.16143E+00 4.35117E-01 6.22930E-01 8.50863E-01 8.95326E-01
 7.24436E+00 4.36369E-01 6.24610E-01 8.52653E-01 8.96959E-01
 7.32825E+00 4.37606E-01 6.26273E-01 8.54424E-01 8.98572E-01
 7.41310E+00 4.38829E-01 6.27917E-01 8.56174E-01 9.00165E-01
 7.49894E+00 4.40038E-01 6.29543E-01 8.57905E-01 9.01739E-01
 7.58578E+00 4.41232E-01 6.31151E-01 8.59615E-01 9.03293E-01
 7.67361E+00 4.42413E-01 6.32741E-01 8.61307E-01 9.04828E-01
 7.76247E+00 4.43580E-01 6.34313E-01 8.62979E-01 9.06343E-01
 7.85236E+00 4.44732E-01 6.35867E-01 8.64631E-01 9.07840E-01
 7.94328E+00 4.45870E-01 6.37402E-01 8.66265E-01 9.09317E-01
 8.03526E+00 4.46994E-01 6.38920E-01 8.67879E-01 9.10775E-01
 8.12831E+00 4.48104E-01 6.40419E-01 8.69474E-01 9.12214E-01
 8.22243E+00 4.49200E-01 6.41901E-01 8.71050E-01 9.13634E-01
 8.31764E+00 4.50282E-01 6.43364E-01 8.72607E-01 9.15036E-01
 8.41395E+00 4.51350E-01 6.44810E-01 8.74146E-01 9.16419E-01
 8.51138E+00 4.52404E-01 6.46237E-01 8.75666E-01 9.17784E-01
 8.60994E+00 4.53445E-01 6.47647E-01 8.77167E-01 9.19130E-01
 8.70964E+00 4.54471E-01 6.49039E-01 8.78651E-01 9.20459E-01
 8.81049E+00 4.55484E-01 6.50413E-01 8.80115E-01 9.21769E-01
 8.91251E+00 4.56483E-01 6.51770E-01 8.81562E-01 9.23061E-01
 9.01571E+00 4.57468E-01 6.53109E-01 8.82991E-01 9.24336E-01
 9.12011E+00 4.58440E-01 6.54430E-01 8.84401E-01 9.25593E-01
 9.22571E+00 4.59398E-01 6.55734E-01 8.85794E-01 9.26833E-01
 9.33254E+00 4.60343E-01 6.57020E-01 8.87170E-01 9.28055E-01
 9.44061E+00 4.61275E-01 6.58289E-01 8.88527E-01 9.29261E-01
 9.54993E+00 4.62193E-01 6.59541E-01 8.89868E-01 9.30449E-01
 9.66051E+00 4.63098E-01 6.60776E-01 8.91191E-01 9.31620E-01
 9.77237E+00 4.63990E-01 6.61993E-01 8.92496E-01 9.32775E-01
 9.88553E+00 4.64868E-01 6.63194E-01 8.93785E-01 9.33913E-01
 1.00000E+01 4.65734E-01 6.64377E-01 8.95057E-01 9.35035E-01
 1.01158E+01 4.66587E-01 6.65544E-01 8.96312E-01 9.36141E-01
 1.02329E+01 4.67427E-01 6.66695E-01 8.97551E-01 9.37230E-01
 1.03514E+01 4.68255E-01 6.67828E-01 8.98773E-01 9.38304E-01
 1.04713E+01 4.69070E-01 6.68945E-01 8.99979E-01 9.39361E-01
 1.05925E+01 4.69872E-01 6.70046E-01 9.01168E-01 9.40403E-01
 1.07152E+01 4.70662E-01 6.71130E-01 9.02341E-01 9.41430E-01
 1.08393E+01 4.71440E-01 6.72199E-01 9.03499E-01 9.42442E-01
 1.09648E+01 4.72206E-01 6.73251E-01 9.04640E-01 9.43438E-01
 1.10917E+01 4.72959E-01 6.74287E-01 9.05766E-01 9.44419E-01
 1.12202E+01 4.73701E-01 6.75308E-01 9.06876E-01 9.45386E-01
 1.13501E+01 4.74430E-01 6.76313E-01 9.07971E-01 9.46337E-01
 1.14815E+01 4.75148E-01 6.77302E-01 9.09050E-01 9.47275E-01
 1.16145E+01 4.75855E-01 6.78276E-01 9.10115E-01 9.48198E-01
 1.17490E+01 4.76550E-01 6.79235E-01 9.11164E-01 9.49106E-01
 1.18850E+01 4.77233E-01 6.80179E-01 9.12198E-01 9.50001E-01
 1.20226E+01 4.77905E-01 6.81108E-01 9.13218E-01 9.50882E-01
 1.21619E+01 4.78566E-01 6.82021E-01 9.14223E-01 9.51750E-01
 1.23027E+01 4.79216E-01 6.82921E-01 9.15213E-01 9.52603E-01
 1.24451E+01 4.79855E-01 6.83805E-01 9.16190E-01 9.53444E-01
 1.25893E+01 4.80484E-01 6.84675E-01 9.17152E-01 9.54271E-01
 1.27350E+01 4.81101E-01 6.85531E-01 9.18099E-01 9.55085E-01
 1.28825E+01 4.81709E-01 6.86373E-01 9.19033E-01 9.55886E-01
 1.30317E+01 4.82305E-01 6.87201E-01 9.19953E-01 9.56674E-01
 1.31826E+01 4.82892E-01 6.88015E-01 9.20860E-01 9.57450E-01
 1.33352E+01 4.83468E-01 6.88815E-01 9.21753E-01 9.58214E-01
 1.34896E+01 4.84034E-01 6.89602E-01 9.22632E-01 9.58965E-01
 1.36458E+01 4.84590E-01 6.90376E-01 9.23499E-01 9.59704E-01
 1.38038E+01 4.85137E-01 6.91136E-01 9.24352E-01 9.60431E-01
 1.39637E+01 4.85674E-01 6.91883E-01 9.25192E-01 9.61146E-01
 1.41254E+01 4.86201E-01 6.92618E-01 9.26019E-01 9.61850E-01
 1.42889E+01 4.86719E-01 6.93339E-01 9.26834E-01 9.62542E-01
 1.44544E+01 4.87228E-01 6.94048E-01 9.27636E-01 9.63223E-01
 1.46218E+01 4.87727E-01 6.94745E-01 9.28425E-01 9.63892E-01
 1.47911E+01 4.88217E-01 6.95429E-01 9.29202E-01 9.64551E-01
 1.49624E+01 4.88699E-01 6.96102E-01 9.29967E-01 9.65198E-01
 1.51356E+01 4.89171E-01 6.96762E-01 9.30720E-01 9.65835E-01
 1.53109E+01 4.89635E-01 6.97410E-01 9.31462E-01 9.66461E-01
 1.54882E+01 4.90091E-01 6.98047E-01 9.32191E-01 9.67077E-01
 1.56675E+01 4.90538E-01 6.98673E-01 9.32908E-01 9.67682E-01
 1.58489E+01 4.90977E-01 6.99287E-01 9.33615E-01 9.68278E-01
 1.60325E+01 4.91407E-01 6.99889E-01 9.34309E-01 9.68863E-01
 1.62181E+01 4.91830E-01 7.00481E-01 9.34993E-01 9.69438E-01
 1.64059E+01 4.92245E-01 7.01062E-01 9.35665E-01 9.70004E-01
 1.65959E+01 4.92651E-01 7.01633E-01 9.36326E-01 9.70559E-01
 1.67880E+01 4.93051E-01 7.02192E-01 9.36977E-01 9.71106E-01
 1.69824E+01 4.93442E-01 7.02742E-01 9.37617E-01 9.71643E-01
 1.71791E+01 4.93826E-01 7.03281E-01 9.38246E-01 9.72171E-01
 1.73780E+01 4.94203E-01 7.03810E-01 9.38864E-01 9.72690E-01
 1.75792E+01 4.94573E-01 7.04329E-01 9.39473E-01 9.73199E-01
 1.77828E+01 4.94935E-01 7.04838E-01 9.40071E-01 9.73700E-01
 1.79887E+01 4.95291E-01 7.05338E-01 9.40659E-01 9.74193E-01
 1.81970E+01 4.95639E-01 7.05828E-01 9.41237E-01 9.74677E-01
 1.84077E+01 4.95981E-01 7.06309E-01 9.41805E-01 9.75152E-01
 1.86209E+01 4.96316E-01 7.06780E-01 9.42363E-01 9.75619E-01
 1.88365E+01 4.96645E-01 7.07243E-01 9.42912E-01 9.76078E-01
 1.90546E+01 4.96967E-01 7.07696E-01 9.43452E-01 9.76529E-01
 1.92752E+01 4.97283E-01 7.08141E-01 9.43982E-01 9.76971E-01
 1.94984E+01 4.97593E-01 7.08577E-01 9.44502E-01 9.77406E-01
 1.97242E+01 4.97896E-01 7.09005E-01 9.45014E-01 9.77834E-01
 1.99526E+01 4.98194E-01 7.09425E-01 9.45517E-01 9.78254E-01
 2.01837E+01 4.98486E-01 7.09836E-01 9.46011E-01 9.78666E-01
 2.04174E+01 4.98771E-01 7.10239E-01 9.46496E-01 9.79071E-01
 2.06538E+01 4.99052E-01 7.10634E-01 9.46972E-01 9.79469E-01
 2.08930E+01 4.99326E-01 7.11022E-01 9.47440E-01 9.79859E-01
 2.11349E+01 4.99595E-01 7.11402E-01 9.47900E-01 9.80243E-01
 2.13796E+01 4.99859E-01 7.11774E-01 9.48351E-01 9.80620E-01
 2.16272E+01 5.00117E-01 7.12139E-01 9.48795E-01 9.80990E-01
 2.18776E+01 5.00370E-01 7.12496E-01 9.49230E-01 9.81353E-01
 2.21309E+01 5.00619E-01 7.12847E-01 9.49657E-01 9.81710E-01
 2.23872E+01 5.00862E-01 7.13190E-01 9.50077E-01 9.82060E-01
 2.26464E+01 5.01100E-01 7.13527E-01 9.50489E-01 9.82404E-01
 2.29087E+01 5.01333E-01 7.13856E-01 9.50893E-01 9.82742E-01
 2.31739E+01 5.01561E-01 7.14179E-01 9.51289E-01 9.83073E-01
 2.34423E+01 5.01785E-01 7.14496E-01 9.51679E-01 9.83399E-01
 2.37137E+01 5.02005E-01 7.14806E-01 9.52061E-01 9.83718E-01
 2.39883E+01 5.02219E-01 7.15110E-01 9.52436E-01 9.84032E-01
 2.42661E+01 5.02430E-01 7.15408E-01 9.52804E-01 9.84339E-01
 2.45471E+01 5.02636E-01 7.15699E-01 9.53165E-01 9.84642E-01
 2.48313E+01 5.02837E-01 7.15985E-01 9.53520E-01 9.84938E-01
 2.51189E+01 5.03035E-01 7.16265E-01 9.53867E-01 9.85229E-01
 2.54097E+01 5.03228E-01 7.16539E-01 9.54208E-01 9.85515E-01
 2.57040E+01 5.03418E-01 7.16807E-01 9.54543E-01 9.85796E-01
 2.60016E+01 5.03604E-01 7.17070E-01 9.54871E-01 9.86071E-01
 2.63027E+01 5.03785E-01 7.17327E-01 9.55192E-01 9.86341E-01
 2.66073E+01 5.03963E-01 7.17579E-01 9.55508E-01 9.86606E-01
 2.69153E+01 5.04137E-01 7.17826E-01 9.55818E-01 9.86866E-01
 2.72270E+01 5.04308E-01 7.18068E-01 9.56121E-01 9.87122E-01
 2.75423E+01 5.04475E-01 7.18305E-01 9.56419E-01 9.87372E-01
 2.78612E+01 5.04639E-01 7.18537E-01 9.56711E-01 9.87618E-01
 2.81838E+01 5.04799E-01 7.18764E-01 9.56997E-01 9.87859E-01
 2.85102E+01 5.04955E-01 7.18986E-01 9.57277E-01 9.88096E-01
 2.88403E+01 5.05109E-01 7.19203E-01 9.57552E-01 9.88328E-01
 2.91743E+01 5.05259E-01 7.19416E-01 9.57822E-01 9.88556E-01
 2.95121E+01 5.05406E-01 7.19625E-01 9.58086E-01 9.88779E-01
 2.98538E+01 5.05550E-01 7.19829E-01 9.58345E-01 9.88998E-01
 3.01995E+01 5.05691E-01 7.20029E-01 9.58599E-01 9.89213E-01
 3.05492E+01 5.05829E-01 7.20225E-01 9.58848E-01 9.89424E-01
 3.09030E+01 5.05964E-01 7.20416E-01 9.59092E-01 9.89631E-01
 3.12608E+01 5.06096E-01 7.20604E-01 9.59331E-01 9.89834E-01
 3.16228E+01 5.06225E-01 7.20787E-01 9.59565E-01 9.90033E-01
 3.19890E+01 5.06351E-01 7.20967E-01 9.59794E-01 9.90229E-01
 3.23594E+01 5.06475E-01 7.21143E-01 9.60019E-01 9.90420E-01
 3.27341E+01 5.06596E-01 7.21315E-01 9.60239E-01 9.90608E-01
 3.31131E+01 5.06715E-01 7.21483E-01 9.60455E-01 9.90792E-01
 3.34965E+01 5.06831E-01 7.21648E-01 9.60667E-01 9.90973E-01
 3.38844E+01 5.06945E-01 7.21809E-01 9.60874E-01 9.91150E-01
 3.42768E+01 5.07056E-01 7.21967E-01 9.61077E-01 9.91324E-01
 3.46737E+01 5.07165E-01 7.22122E-01 9.61276E-01 9.91495E-01
 3.50752E+01 5.07271E-01 7.22273E-01 9.61470E-01 9.91662E-01
 3.54813E+01 5.07375E-01 7.22421E-01 9.61661E-01 9.91826E-01
 3.58922E+01 5.07477E-01 7.22566E-01 9.61848E-01 9.91987E-01
 3.63078E+01 5.07577E-01 7.22707E-01 9.62031E-01 9.92144E-01
 3.67282E+01 5.07674E-01 7.22846E-01 9.62210E-01 9.92299E-01
 3.71535E+01 5.07770E-01 7.22982E-01 9.62385E-01 9.92450E-01
 3.75837E+01 5.07863E-01 7.23114E-01 9.62557E-01 9.92599E-01
 3.80189E+01 5.07955E-01 7.23244E-01 9.62725E-01 9.92745E-01
 3.84592E+01 5.08044E-01 7.23371E-01 9.62890E-01 9.92888E-01
 3.89045E+01 5.08131E-01 7.23495E-01 9.63051E-01 9.93028E-01
 3.93550E+01 5.08217E-01 7.23617E-01 9.63209E-01 9.93165E-01
 3.98107E+01 5.08301E-01 7.23736E-01 9.63364E-01 9.93300E-01
 4.02717E+01 5.08383E-01 7.23853E-01 9.63515E-01 9.93432E-01
 4.07380E+01 5.08463E-01 7.23966E-01 9.63663E-01 9.93561E-01
 4.12098E+01 5.08541E-01 7.24078E-01 9.63808E-01 9.93688E-01
 4.16869E+01 5.08618E-01 7.24187E-01 9.63950E-01 9.93812E-01
 4.21697E+01 5.08693E-01 7.24294E-01 9.64089E-01 9.93934E-01
 4.26580E+01 5.08766E-01 7.24398E-01 9.64225E-01 9.94053E-01
 4.31519E+01 5.08838E-01 7.24500E-01 9.64358E-01 9.94170E-01
 4.36516E+01 5.08908E-01 7.24600E-01 9.64489E-01 9.94285E-01
 4.41570E+01 5.08977E-01 7.24697E-01 9.64616E-01 9.94398E-01
 4.46684E+01 5.09044E-01 7.24793E-01 9.64741E-01 9.94508E-01
 4.51856E+01 5.09110E-01 7.24886E-01 9.64863E-01 9.94616E-01
 4.57088E+01 5.09174E-01 7.24978E-01 9.64983E-01 9.94722E-01
 4.62381E+01 5.09237E-01 7.25067E-01 9.65100E-01 9.94826E-01
 4.67735E+01 5.09298E-01 7.25155E-01 9.65215E-01 9.94927E-01
 4.73151E+01 5.09358E-01 7.25240E-01 9.65327E-01 9.95027E-01
 4.78630E+01 5.09417E-01 7.25324E-01 9.65436E-01 9.95125E-01
 4.84172E+01 5.09475E-01 7.25406E-01 9.65544E-01 9.95220E-01
 4.89779E+01 5.09531E-01 7.25486E-01 9.65649E-01 9.95314E-01
 4.95450E+01 5.09586E-01 7.25564E-01 9.65751E-01 9.95406E-01
 5.01187E+01 5.09640E-01 7.25640E-01 9.65852E-01 9.95496E-01
 5.06991E+01 5.09692E-01 7.25715E-01 9.65950E-01 9.95584E-01
 5.12861E+01 5.09744E-01 7.25789E-01 9.66047E-01 9.95671E-01
 5.18800E+01 5.09794E-01 7.25860E-01 9.66141E-01 9.95756E-01
 5.24807E+01 5.09843E-01 7.25930E-01 9.66233E-01 9.95839E-01
 5.30884E+01 5.09892E-01 7.25999E-01 9.66323E-01 9.95920E-01
 5.37032E+01 5.09939E-01 7.26066E-01 9.66411E-01 9.96000E-01
 5.43250E+01 5.09985E-01 7.26131E-01 9.66497E-01 9.96078E-01
 5.49541E+01 5.10030E-01 7.26195E-01 9.66582E-01 9.96154E-01
 5.55904E+01 5.10074E-01 7.26258E-01 9.66664E-01 9.96229E-01
 5.62341E+01 5.10117E-01 7.26319E-01 9.66745E-01 9.96303E-01
 5.68853E+01 5.10159E-01 7.26379E-01 9.66824E-01 9.96374E-01
 5.75440E+01 5.10200E-01 7.26438E-01 9.66902E-01 9.96445E-01
 5.82103E+01 5.10240E-01 7.26495E-01 9.66977E-01 9.96514E-01
 5.88844E+01 5.10280E-01 7.26551E-01 9.67051E-01 9.96582E-01
 5.95662E+01 5.10318E-01 7.26606E-01 9.67123E-01 9.96648E-01
 6.02560E+01 5.10356E-01 7.26660E-01 9.67194E-01 9.96713E-01
 6.09537E+01 5.10393E-01 7.26712E-01 9.67263E-01 9.96776E-01
 6.16595E+01 5.10429E-01 7.26763E-01 9.67331E-01 9.96838E-01
 6.23735E+01 5.10464E-01 7.26813E-01 9.67397E-01 9.96899E-01
 6.30957E+01 5.10498E-01 7.26862E-01 9.67462E-01 9.96959E-01
 6.38263E+01 5.10532E-01 7.26910E-01 9.67525E-01 9.97018E-01
 6.45654E+01 5.10565E-01 7.26957E-01 9.67587E-01 9.97075E-01
 6.53131E+01 5.10597E-01 7.27003E-01 9.67648E-01 9.97131E-01
 6.60693E+01 5.10629E-01 7.27048E-01 9.67707E-01 9.97186E-01
 6.68344E+01 5.10659E-01 7.27091E-01 9.67765E-01 9.97240E-01
 6.76083E+01 5.10689E-01 7.27134E-01 9.67822E-01 9.97292E-01
 6.83912E+01 5.10719E-01 7.27176E-01 9.67877E-01 9.97344E-01
 6.91831E+01 5.10748E-01 7.27217E-01 9.67931E-01 9.97395E-01
 6.99842E+01 5.10776E-01 7.27257E-01 9.67984E-01 9.97444E-01
 7.07946E+01 5.10803E-01 7.27296E-01 9.68036E-01 9.97492E-01
 7.16143E+01 5.10830E-01 7.27334E-01 9.68087E-01 9.97540E-01
 7.24436E+01 5.10856E-01 7.27372E-01 9.68136E-01 9.97586E-01
 7.32825E+01 5.10882E-01 7.27408E-01 9.68185E-01 9.97632E-01
 7.41310E+01 5.10907E-01 7.27444E-01 9.68232E-01 9.97676E-01
 7.49894E+01 5.10932E-01 7.27479E-01 9.68278E-01 9.97720E-01
 7.58578E+01 5.10956E-01 7.27513E-01 9.68324E-01 9.97763E-01
 7.67361E+01 5.10979E-01 7.27547E-01 9.68368E-01 9.97805E-01
 7.76247E+01 5.11002E-01 7.27579E-01 9.68411E-01 9.97846E-01
 7.85236E+01 5.11025E-01 7.27611E-01 9.68454E-01 9.97886E-01
 7.94328E+01 5.11047E-01 7.27643E-01 9.68495E-01 9.97925E-01
 8.03526E+01 5.11068E-01 7.27673E-01 9.68536E-01 9.97963E-01
 8.12831E+01 5.11089E-01 7.27703E-01 9.68575E-01 9.98001E-01
 8.22243E+01 5.11110E-01 7.27732E-01 9.68614E-01 9.98038E-01
 8.31764E+01 5.11130E-01 7.27761E-01 9.68652E-01 9.98074E-01
 8.41395E+01 5.11149E-01 7.27789E-01 9.68689E-01 9.98109E-01
 8.51138E+01 5.11168E-01 7.27816E-01 9.68725E-01 9.98144E-01
 8.60994E+01 5.11187E-01 7.27843E-01 9.68760E-01 9.98177E-01
 8.70964E+01 5.11205E-01 7.27869E-01 9.68795E-01 9.98211E-01
 8.81049E+01 5.11223E-01 7.27894E-01 9.68829E-01 9.98243E-01
 8.91251E+01 5.11241E-01 7.27919E-01 9.68862E-01 9.98275E-01
 9.01571E+01 5.11258E-01 7.27943E-01 9.68894E-01 9.98306E-01
 9.12011E+01 5.11275E-01 7.27967E-01 9.68926E-01 9.98336E-01
 9.22571E+01 5.11291E-01 7.27991E-01 9.68957E-01 9.98366E-01
 9.33254E+01 5.11307E-01 7.28013E-01 9.68987E-01 9.98395E-01
 9.44061E+01 5.11323E-01 7.28036E-01 9.69016E-01 9.98424E-01
 9.54993E+01 5.11338E-01 7.28057E-01 9.69045E-01 9.98451E-01
 9.66051E+01 5.11353E-01 7.28079E-01 9.69074E-01 9.98479E-01
 9.77237E+01 5.11367E-01 7.28099E-01 9.69101E-01 9.98505E-01
 9.88553E+01 5.11382E-01 7.28120E-01 9.69128E-01 9.98532E-01
 1.00000E+02 5.11396E-01 7.28139E-01 9.69155E-01 9.98557E-01
